&control
    calculation = 'scf',
    prefix='pwscf',
    pseudo_dir='/home/jinyuchem/program/QE/pseudo-potential',
    outdir = './',
    verbosity='high',
    tprnfor=.TRUE.,
    wf_collect=.TRUE.
    max_seconds = 84000
!    restart_mode = 'restart'
/
&system
    ibrav=0,
    nat=215
    ntyp=2,
    ecutwfc = 60,
    nbnd = 880,
    input_dft = 'PBE0'
    exx_fraction = 0.36
    ecutfock = 120
    nspin = 2
    tot_magnetization = 0
/
&electrons
    diago_full_acc=.true.,
    conv_thr=1.0D-7
    electron_maxstep=300
    mixing_mode = 'plain'
    mixing_beta = 0.3
    diagonalization = 'david'
/
ATOMIC_SPECIES
Mg  24.305  Mg_ONCV_PBE-1.0.upf
O   15.999  O_ONCV_PBE-1.0.upf
K_POINTS gamma
CELL_PARAMETERS {angstrom}
        12.570000000       0.0000000000        0.0000000000
        0.0000000000       12.570000000        0.0000000000
        0.0000000000       0.0000000000        12.570000000
ATOMIC_POSITIONS {crystal}
Mg    0.000003058484    0.000037866685   -0.000040733747
Mg   -0.000152078391   -0.000104312772    0.333158462624
Mg    0.000155365913    0.000204355223    0.666753672940
Mg   -0.000154022204    0.333244347781   -0.000207075975
Mg   -0.000699594704    0.333026706930    0.332900694436
Mg   -0.000004662953    0.333228809748    0.666770995565
Mg    0.000161565314    0.666838302484    0.000104243981
Mg    0.000008537481    0.666876295390    0.333122067021
Mg    0.000706257118    0.667098363959    0.666973993081
Mg    0.333205214581   -0.000098366098   -0.000211211240
Mg    0.332971108408   -0.000606044651    0.332902056611
Mg    0.333182795682    0.000069161394    0.666767106100
Mg    0.332959758432    0.333029240132   -0.000798090733
Mg    0.332539987656    0.332627114468    0.332449958999
Mg    0.333368393961    0.333451222396    0.665373627683
Mg    0.333176657724    0.666878035273   -0.000064731787
Mg    0.333392287302    0.665533865738    0.333310927349
Mg    0.334549357500    0.666701594560    0.666550849355
Mg    0.666800975576    0.000205491241    0.000096795644
Mg    0.666831413616    0.000062096284    0.333119739489
Mg    0.667041520705    0.000790140805    0.666967116999
Mg    0.666820808548    0.333225904484   -0.000071528837
Mg    0.665455717011    0.333446363338    0.333296694873
Mg    0.666620833313    0.334623568768    0.666546279217
Mg    0.667039313431    0.667091912952    0.000606069190
Mg    0.666627127691    0.666686777778    0.334463023503
Mg    0.667465877471    0.667545510609    0.667371767616
Mg   -0.000304819809    0.166550392499    0.166458446470
Mg   -0.000545205195    0.166292069863    0.499884638888
Mg    0.000000109389    0.166733147894    0.833263874196
Mg   -0.000528800824    0.499992569054    0.166176358394
Mg    0.000001335181    0.500067788131    0.499932732308
Mg    0.000545428082    0.500111714219    0.833707026868
Mg    0.000006058856    0.833352382818    0.166645301618
Mg    0.000539616888    0.833822997467    0.500005973671
Mg    0.000310839079    0.833539193024    0.833448421028
Mg    0.332794387086    0.166064074154    0.165910262084
Mg    0.331398823035    0.164772494861    0.499371353644
Mg    0.333193375652    0.166776349668    0.832839618159
Mg    0.331401412240    0.499518702992    0.164616657613
Mg    0.328297661164    0.496586676655    0.496441497945
Mg    0.333651317707    0.500297433348    0.833096166044
Mg    0.333202169860    0.832986553113    0.166647969540
Mg    0.333669319150    0.833280173049    0.500157702942
Mg    0.333476220760    0.833556770685    0.833437970785
Mg    0.666530929185    0.166557436299    0.166440867183
Mg    0.666350324755    0.166900206766    0.499701474589
Mg    0.666806051263    0.167152943524    0.833219933574
Mg    0.666341231750    0.499835812787    0.166717986964
Mg    0.671705139815    0.503558308505    0.503410321950
Mg    0.668600343125    0.500622846642    0.835227530170
Mg    0.666810530903    0.833347881944    0.167011686060
Mg    0.668609284316    0.835379420873    0.500477630744
Mg    0.667212889521    0.834082230687    0.833935309818
Mg    0.166512488573   -0.000252481394    0.166461919360
Mg    0.166235507276   -0.000469712993    0.499883424331
Mg    0.166695096058    0.000049122587    0.833262492339
Mg    0.165987500960    0.332862825943    0.165913199592
Mg    0.164685978111    0.331466685238    0.499370250406
Mg    0.166707920561    0.333250693635    0.832848169171
Mg    0.166513884910    0.666588222235    0.166453020662
Mg    0.166820365063    0.666421191204    0.499710478638
Mg    0.167089286203    0.666859925206    0.833229901323
Mg    0.499941602991   -0.000462844874    0.166168443744
Mg    0.500016058456    0.000095260384    0.499936581248
Mg    0.500063007676    0.000617390400    0.833696090192
Mg    0.499440478761    0.331464985940    0.164606373764
Mg    0.496511929617    0.328376633535    0.496435579839
Mg    0.500225320239    0.333731875174    0.833094307319
Mg    0.499782485998    0.666414068227    0.166720782886
Mg    0.503494058827    0.671786786978    0.503413415325
Mg    0.500554396316    0.668669906769    0.835227200583
Mg    0.833313282456    0.000045888691    0.166644904666
Mg    0.833766191004    0.000605681028    0.500001853276
Mg    0.833499237678    0.000354944979    0.833448432327
Mg    0.832919944116    0.333247308060    0.166645924057
Mg    0.833190590062    0.333731927609    0.500160418203
Mg    0.833494467915    0.333524439877    0.833439537387
Mg    0.833298288722    0.666851864625    0.167014921041
Mg    0.835310253300    0.668665380655    0.500478490441
Mg    0.834016292909    0.667268171037    0.833938456738
Mg    0.166503283797    0.166549719382   -0.000360292583
Mg    0.165989319732    0.166063324954    0.332725596420
Mg    0.166499691229    0.166558679665    0.666470298718
Mg    0.166238732339    0.499997400545   -0.000608670910
Mg    0.164700612078    0.499521528059    0.331333649490
Mg    0.166807919833    0.499840127390    0.666266043943
Mg    0.166695279599    0.833354475369   -0.000049812380
Mg    0.166716357175    0.832983419424    0.333142773119
Mg    0.167087932612    0.833352958038    0.666749365332
Mg    0.499941208516    0.166298162085   -0.000623431713
Mg    0.499451989319    0.164772746854    0.331325703066
Mg    0.499771330620    0.166902026158    0.666263217231
Mg    0.499989366755    0.500057846040   -0.000098093492
Mg    0.496517468877    0.496582159990    0.328211357956
Mg    0.503484445429    0.503563101957    0.671620624151
Mg    0.500067938505    0.833828031862    0.000460491003
Mg    0.500232372153    0.833275304429    0.333580051651
Mg    0.500566300955    0.835387371940    0.668530296156
Mg    0.833309704807    0.166732461722   -0.000050857322
Mg    0.832916120555    0.166768980987    0.333138921282
Mg    0.833287661001    0.167148902309    0.666748693714
Mg    0.833769899089    0.500110806926    0.000468396177
Mg    0.833190645449    0.500286307890    0.333578626504
Mg    0.835310199905    0.500627110023    0.668533051237
Mg    0.833496818079    0.833534015147    0.000252366165
Mg    0.833501898823    0.833545076335    0.333410374585
Mg    0.834019019085    0.834081404969    0.667137595116
O   -0.000086684306    0.166642591248   -0.000114496869
O   -0.000580535180    0.166495528500    0.333144596058
O   -0.000066530177    0.166707297299    0.666664818503
O    0.000003812096    0.500028606658   -0.000041408203
O   -0.000474757723    0.499979689459    0.333114271978
O    0.000465691785    0.500106082720    0.666790323844
O    0.000088179301    0.833405236598    0.000058346789
O    0.000073721518    0.833353531881    0.333270206061
O    0.000584780774    0.833595052029    0.666778796292
O    0.333181333065    0.166497085510   -0.000661925249
O    0.332359885254    0.165201436884    0.332274541025
O    0.333376352540    0.166419986397    0.666700598131
O    0.333151901617    0.499978254838   -0.000558706553
O    0.328011639852    0.500248416067    0.327933854147
O    0.335790642808    0.500085075379    0.664115951608
O    0.333306244949    0.833355097047    0.000032609465
O    0.333646853157    0.832733892569    0.333584625016
O    0.333257388749    0.833682071870    0.666575430354
O    0.666696029851    0.166706434093   -0.000106441227
O    0.666748442845    0.166419972949    0.333335883305
O    0.666320207060    0.167496929310    0.666252885336
O    0.666829142077    0.500097281496    0.000391591073
O    0.664199663003    0.500074538981    0.335707459737
O    0.672009928981    0.499891311740    0.671933359060
O    0.666817219603    0.833588924893    0.000505490270
O    0.666619359061    0.833671560192    0.333208318316
O    0.667652493978    0.834972061993    0.667558498634
O   -0.000082403077   -0.000059649471    0.166593461694
O   -0.000000319160    0.000040422491    0.499969621118
O    0.000088490493    0.000112557738    0.833355811543
O   -0.000577267381    0.333220801550    0.166403765671
O   -0.000468675510    0.333209054862    0.499893683040
O    0.000063452287    0.333333738774    0.833291772483
O   -0.000064472675    0.666728327223    0.166645749762
O    0.000484575951    0.666887661442    0.500020109031
O    0.000586576305    0.666853702443    0.833504677753
O    0.333189559644   -0.000505936968    0.166406904206
O    0.333174332017   -0.000392041721    0.499898073357
O    0.333306263644    0.000103724609    0.833289986672
O    0.332353065296    0.332439543177    0.165020673716
O    0.327984375218    0.328064246260    0.500106812724
O    0.333677702767    0.333746906457    0.832496798221
O    0.333389633499    0.666789114356    0.166328050900
O    0.335810874990    0.664292276021    0.499920026415
O    0.333255308841    0.666662724358    0.833578073871
O    0.666699090946   -0.000034759498    0.166643339565
O    0.666852447370    0.000555376100    0.500019930589
O    0.666820611082    0.000653345645    0.833500311762
O    0.666747380928    0.333421789400    0.166316285296
O    0.664209213789    0.335879571297    0.499914630127
O    0.666621683717    0.333296431403    0.833577295883
O    0.666365924218    0.666410870274    0.167262786572
O    0.672000402773    0.672064641053    0.499749068658
O    0.667646585819    0.667718881980    0.834800164738
O    0.166210158494    0.166258675179    0.166157993144
O    0.164909289266    0.164979652160    0.499738033309
O    0.166653826607    0.166685572779    0.833145599574
O    0.164914107655    0.499873592653    0.164841826301
O    0.165566877795    0.499417091784    0.499284522983
O    0.167203526872    0.500049571391    0.832729423195
O    0.166659788959    0.833213859730    0.166624380413
O    0.167185583434    0.832883484162    0.499954981069
O    0.166823137318    0.833377906101    0.833313892021
O    0.499805353596    0.164980944847    0.164834641769
O    0.499351757494    0.165660134704    0.499278562727
O    0.499999486533    0.167288381756    0.832705978866
O    0.499351417488    0.499414596490    0.165466069770
O    0.500648732882    0.500718361381    0.834337287315
O    0.500004784839    0.832894935752    0.167101570789
O    0.500658403619    0.834530693275    0.500579067615
O    0.500201818824    0.835159765846    0.835016609865
O    0.833181228730    0.166684058984    0.166621258755
O    0.832798778888    0.167267146679    0.499950688058
O    0.833345035288    0.166851184682    0.833312331039
O    0.832825286440    0.500040962195    0.167114545075
O    0.834436193221    0.500714788597    0.500582355656
O    0.835090936459    0.500256295123    0.835022012495
O    0.833348161928    0.833373864374    0.166785541621
O    0.835096123177    0.835153394015    0.500126512070
O    0.833795209967    0.833837596927    0.833741382563
O    0.166621341953   -0.000059551037   -0.000113152517
O    0.166457508684   -0.000508118284    0.333149505855
O    0.166679031999   -0.000030289151    0.666664176375
O    0.166447201814    0.333220796736   -0.000656276285
O    0.165110685435    0.332439647187    0.332275371325
O    0.166365568245    0.333420724139    0.666702581616
O    0.166679051982    0.666730465702   -0.000101803266
O    0.166381310276    0.666790433610    0.333345752905
O    0.167385259769    0.666397421307    0.666279742726
O    0.500002031541    0.000045484735   -0.000048143244
O    0.499945163841   -0.000399478786    0.333119449700
O    0.500073093428    0.000550729356    0.666793460001
O    0.499928621123    0.333201480086   -0.000557276891
O    0.500178899942    0.328069601039    0.327915097970
O    0.499996104606    0.335876488535    0.664120939356
O    0.500060812690    0.666876580508    0.000397971475
O    0.500009133970    0.664280741462    0.335715289423
O    0.499825652974    0.672081071571    0.671929272278
O    0.833382397283    0.000110933464    0.000058534555
O    0.833326558246    0.000101349522    0.333269129464
O    0.833553378923    0.000649172029    0.666777557902
O    0.833322212438    0.333332221721    0.000029485051
O    0.832622802129    0.333716444268    0.333600602087
O    0.833629354311    0.333295715318    0.666579195088
O    0.833550591041    0.666847294395    0.000509260001
O    0.833629916687    0.666652673261    0.333207620905
O    0.834893410056    0.667719055717    0.667563346490
