&CONTROL
calculation = 'scf'
verbosity = 'high'
tprnfor=.TRUE.
tstress=.TRUE.
wf_collect = .true.
prefix='pwscf'
outdir = './'
pseudo_dir='/home/jinyuchem/program/QE/pseudo-potential'
/
&SYSTEM
ibrav = 0
ecutwfc = 85
tot_charge = -1
nspin = 2
tot_magnetization = 2.0
nbnd = 800
nat = 215
ntyp = 2
/
&ELECTRONS
conv_thr = 1D-10
diago_full_acc=.true.
/
K_POINTS gamma
CELL_PARAMETERS angstrom
10.70400  0.000000  0.000000
0.000000  10.70400  0.000000
0.000000  0.000000  10.70400
ATOMIC_SPECIES
C  12.01099968  C_ONCV_PBE-1.0.upf
N  14.00699997  N_ONCV_PBE-1.0.upf
ATOMIC_POSITIONS crystal
C   -0.000016069177    0.000102301704   -0.000013637270
C    0.083267113963    0.083401669132    0.083364424120
C   -0.000181178049    0.166778502883    0.166768050536
C    0.082907956177    0.250142995234    0.250164286420
C    0.166652240485   -0.000030678865    0.166719763818
C    0.249915502668    0.083181181492    0.250035033627
C    0.166583493000    0.166725410654   -0.000081730327
C    0.249860312673    0.249952310336    0.083194701396
C   -0.000064342397    0.000107128029    0.333482619178
C    0.083038330775    0.083632462345    0.416752497368
C   -0.000586234490    0.167297928067    0.500206204953
C    0.083173502266    0.250235829766    0.583459149769
C    0.166953911460    0.000303157650    0.500140295617
C    0.250034404642    0.083380258351    0.583314915492
C    0.166341244512    0.166669986185    0.333372004220
C    0.249640657857    0.249805533701    0.416579616539
C   -0.000039437882    0.000085088717    0.666676777370
C    0.083231709472    0.083479677840    0.749999694117
C   -0.000119841221    0.166946448620    0.833213781882
C    0.083232270385    0.250171765910    0.916566140728
C    0.166652295544    0.000102344410    0.833318446540
C    0.250030131796    0.083402197181    0.916601347457
C    0.166653928235    0.166730874538    0.666573745937
C    0.250035511847    0.250121978919    0.749899995159
C   -0.000137486222    0.333465865914    0.000018703169
C    0.083078663002    0.416643314804    0.083463951316
C   -0.000333431984    0.500097820869    0.166996349452
C    0.083897092300    0.583400807852    0.249525801853
C    0.166330046993    0.333297517905    0.166663075652
C    0.249656347042    0.416448461595    0.249845955568
C    0.166888366917    0.500111164579    0.000222497835
C    0.250002612237    0.583272042488    0.083336658292
C   -0.000585894574    0.333750916212    0.333726575407
C    0.082875151243    0.417043686212    0.417046027577
C   -0.000386818334    0.500589899370    0.500240600047
C    0.083195874914    0.583527097929    0.583477137892
C    0.166419803118    0.333376566703    0.499995503679
C    0.249894372340    0.416684556110    0.583279389586
C    0.166576159331    0.499931734942    0.333304382983
C    0.249997804068    0.583218464901    0.416707746905
C    0.000017589157    0.333720611771    0.666432567257
C    0.083289161251    0.417014427919    0.750059353980
C    0.000937733719    0.500651360863    0.834270155878
C    0.083898094310    0.583362842223    0.917231578750
C    0.166685686414    0.333465558212    0.833197151218
C    0.250130219646    0.416643434419    0.916413275408
C    0.166690652914    0.500124658699    0.666636739457
C    0.250157071441    0.583359722545    0.749934363069
C    0.000155836330    0.666760796465    0.000237628222
C    0.083469778406    0.750071204375    0.083421148663
C    0.000123363060    0.833407256783    0.166717814695
C    0.083386909923    0.916681273448    0.250154712315
C    0.167031048268    0.666564852508    0.166486926761
C    0.250240217560    0.749919002338    0.250104642884
C    0.166705638488    0.833377875335    0.000040527360
C    0.250079999533    0.916627844954    0.083414613557
C    0.001258470349    0.666355005820    0.332295473172
C    0.083782212125    0.750056911842    0.416646118677
C    0.001273335817    0.834196683720    0.500396496490
C    0.083977663807    0.917213095963    0.583318980323
C    0.166837039628    0.666653984727    0.500102662360
C    0.250276225416    0.749889074429    0.583425472033
C    0.166981068508    0.833294789717    0.333410318758
C    0.250334827957    0.916457357864    0.416738043857
C    0.000177187372    0.666728327525    0.666855207413
C    0.083444723771    0.749951062121    0.749951984596
C    0.000017186461    0.833287028564    0.833350432367
C    0.083319871418    0.916725494035    0.916653405797
C    0.166904672160    0.666761006137    0.833489821384
C    0.250087692770    0.750071660994    0.916804009642
C    0.166965930927    0.833496521836    0.666767910015
C    0.250140668364    0.916791492251    0.750087626107
C    0.333385174844   -0.000030379357   -0.000013611939
C    0.416700707642    0.083181480710    0.083249134511
C    0.333189377248    0.166457836041    0.166523658639
C    0.416415336070    0.249597587966    0.249749031732
C    0.500083784574   -0.000352470638    0.166812525459
C    0.583313270829    0.082815431892    0.250048814077
C    0.500037704119    0.166670936865   -0.000325209271
C    0.583245303126    0.249806906106    0.082973146172
C    0.333479505611   -0.000353148772    0.333417865963
C    0.416716376621    0.082814818805    0.416646804227
C    0.333101465398    0.166278242259    0.499897742223
C    0.416181769195    0.249487658596    0.582963220057
C    0.500317548060   -0.000513527326    0.500158637786
C    0.583546712987    0.083173388360    0.583318029158
C    0.499773607004    0.166038067529    0.333106687386
C    0.582845594922    0.249277884789    0.416178583752
C    0.333405472047    0.000142263409    0.666651130378
C    0.416878523200    0.083499191728    0.749914190527
C    0.333434754478    0.166779261485    0.833153743659
C    0.416830030473    0.250144148047    0.916242058629
C    0.500149584709    0.000108039137    0.833269552244
C    0.583418912273    0.083633322885    0.916371449842
C    0.500184375035    0.166880764213    0.666341534557
C    0.583701104913    0.251281088029    0.748892557779
C    0.333328728143    0.333297973339   -0.000335459427
C    0.416511941125    0.416449039366    0.082989762691
C    0.332943722754    0.499783200703    0.166277263496
C    0.416003224571    0.582895224960    0.249336608949
C    0.499665517210    0.332899624878    0.166103706928
C    0.582729097138    0.416086080769    0.249121949277
C    0.499971054495    0.499932206076   -0.000091176992
C    0.583374003036    0.583218948807    0.083330056337
C    0.332770251089    0.332898802781    0.332999509481
C    0.415789107128    0.416085744781    0.416062540860
C    0.333198547976    0.499778482096    0.499867241702
C    0.417008740763    0.583115965578    0.583290034193
C    0.498705227111    0.332193521499    0.499464722502
C    0.583431353820    0.417315474976    0.579311996762
C    0.498444678936    0.499422033735    0.331777613094
C    0.583012608677    0.579301183441    0.416346058439
C    0.333425982315    0.333334740520    0.666384856704
C    0.417540749443    0.416865101233    0.749061250257
C    0.333662913958    0.500098013442    0.833000983888
C    0.416192333126    0.583401205507    0.917230562398
C    0.500392532102    0.333751832249    0.832747690826
C    0.583712575894    0.417045076257    0.916207165257
C    0.501333722352    0.500806213843    0.665335861127
C    0.583893065733    0.584390212923    0.750160515823
C    0.333153267002    0.666564736691    0.000365236022
C    0.416771185751    0.749919278640    0.083573618810
C    0.333522372614    0.833175046059    0.166855770859
C    0.416946855052    0.916203706553    0.250280097608
C    0.500042387717    0.666314518813    0.166840590417
C    0.583663282997    0.748917830049    0.251002335467
C    0.500076874380    0.833295310465    0.000314006138
C    0.583404429149    0.916458301277    0.083667619035
C    0.333507386173    0.666314351695    0.333375745130
C    0.417669243999    0.748917772214    0.416996655933
C    0.333892028461    0.832855424703    0.500218255411
C    0.416761462283    0.916568492138    0.583561324749
C    0.501439414868    0.664832047845    0.500745519923
C    0.585272921925    0.747660363737    0.584618236232
C    0.500521136927    0.832561200986    0.333854355821
C    0.584002640670    0.915558609352    0.417335930954
C    0.333541909193    0.666604871375    0.666708307823
C    0.416664397129    0.749908198989    0.750295756683
C    0.333383790861    0.833407168083    0.833457528982
C    0.416820776701    0.916681934831    0.916720722577
C    0.498961561892    0.666355219223    0.834592012031
C    0.583313025180    0.750057225814    0.917114557191
C    0.499740660668    0.833382736242    0.666756707607
C    0.583560262831    0.916583080866    0.750192184005
C    0.666806647605    0.000303773955    0.000286630658
C    0.749980712656    0.083380869379    0.083366423349
C    0.666563360174    0.166278709875    0.166433871197
C    0.749628830561    0.249487514714    0.249514773002
C    0.833316578138    0.000141917725    0.166738221118
C    0.916579700768    0.083498594473    0.250211654262
C    0.833239234374    0.166732009966   -0.000013875580
C    0.916565485921    0.250122467943    0.083368502043
C    0.666825125326   -0.000513006356    0.333650059370
C    0.749984733669    0.083173221497    0.416879754492
C    0.666596974711    0.166680923306    0.499929644255
C    0.749846212636    0.250923809722    0.583179750363
C    0.833343449399   -0.000213388315    0.500198935723
C    0.916444590360    0.083566047472    0.583398791709
C    0.833007815953    0.166880457858    0.333517411293
C    0.915559333345    0.251281008990    0.417035248568
C    0.666865739692   -0.000212873870    0.666676149719
C    0.750065294693    0.083566814315    0.749777120494
C    0.666872473915    0.167298738849    0.832746802078
C    0.750125156630    0.250237410740    0.916505598669
C    0.833342672295    0.000085693364    0.833293399013
C    0.916665445167    0.083480091440    0.916564555019
C    0.833204161536    0.167194299402    0.666536897745
C    0.916505369581    0.250648489156    0.749838276852
C    0.666661585365    0.333377936389   -0.000247811209
C    0.749945607079    0.416685709723    0.083226964309
C    0.666533514200    0.499779263471    0.166531136624
C    0.749957064813    0.583116254822    0.250341248818
C    0.833050716225    0.333334968415    0.166758987788
C    0.915727576951    0.416864344778    0.250874078239
C    0.833302751255    0.500124832206    0.000022589556
C    0.916600183811    0.583359913908    0.083489678266
C    0.666131466539    0.332193662444    0.332038576782
C    0.745978717839    0.417315582015    0.416764768209
C    0.831588622465    0.335619713215    0.500855547356
C    0.914680374130    0.419933180612    0.584344898235
C    0.832002680079    0.500805856015    0.334666981118
C    0.916828471309    0.584388724595    0.417226833606
C    0.667522117520    0.335619756407    0.664921671100
C    0.751011895422    0.419934157603    0.748011776417
C    0.666907456292    0.500591024492    0.832944187130
C    0.750144173154    0.583527551870    0.916527080500
C    0.833099240152    0.333721736313    0.833349406159
C    0.916726031151    0.417014917466    0.916621262475
C    0.837758422077    0.499991684452    0.671090283943
C    0.916469790741    0.583076593728    0.749801431977
C    0.666769149059    0.666654382136    0.000168802794
C    0.750091924030    0.749889731154    0.083608091198
C    0.666884166564    0.832855929072    0.167225084579
C    0.750226718449    0.916568037790    0.250094659308
C    0.833374113783    0.666605266576    0.166874452954
C    0.916961857517    0.749908057488    0.249997939647
C    0.833434002368    0.833496931743    0.000298210351
C    0.916753324986    0.916791127446    0.083473508023
C    0.667412617263    0.664831391538    0.334772503445
C    0.751284880156    0.747659400416    0.418608041135
C    0.667628204060    0.831651461837    0.500961039002
C    0.750277957984    0.915790073034    0.583610778420
C    0.842357477862    0.672131731179    0.494182622030
C    0.916981892414    0.749146309365    0.582723253968
C    0.833423266194    0.833381573282    0.333074996618
C    0.916859421385    0.916582700321    0.416893800014
C    0.660848622939    0.672132686048    0.675687759794
C    0.749389495519    0.749146869885    0.750313653077
C    0.667063554196    0.834197174442    0.834605697716
C    0.749985292234    0.917213827409    0.917309815612
C    0.833522260161    0.666728592691    0.833508242188
C    0.916618802060    0.749950698417    0.916776923335
C    0.833158054282    0.832258263437    0.666490341837
C    0.916456610096    0.916210545842    0.749790111780
N    0.658319201645    0.492936249837    0.491652135724
