&CONTROL
calculation = 'scf'
verbosity = 'high'
tprnfor=.TRUE.
tstress=.TRUE.
wf_collect = .true.
prefix='pwscf'
outdir = './'
pseudo_dir='/home/jinyuchem/program/QE/pseudo-potential'
/
&SYSTEM
ibrav = 0
ecutwfc = 85
tot_charge = -1
nspin = 2
tot_magnetization = 2.0
nbnd = 800
nat = 215
ntyp = 2
/
&ELECTRONS
conv_thr = 1D-10
diago_full_acc=.true.
/
K_POINTS gamma
CELL_PARAMETERS angstrom
10.70400  0.000000  0.000000
0.000000  10.70400  0.000000
0.000000  0.000000  10.70400
ATOMIC_SPECIES
C  12.01099968  C_ONCV_PBE-1.0.upf
N  14.00699997  N_ONCV_PBE-1.0.upf
ATOMIC_POSITIONS crystal
C    0.000013130916    0.000050734574    0.000033396830
C    0.083280395584    0.083400623259    0.083394909576
C   -0.000169919165    0.166813434489    0.166812024019
C    0.082890173683    0.250212325970    0.250215827571
C    0.166631924350   -0.000032456440    0.166720215485
C    0.249873122225    0.083215987759    0.250018909336
C    0.166621739542    0.166721400133   -0.000039891757
C    0.249864870260    0.250007262937    0.083218045490
C   -0.000065323295    0.000189286936    0.333444790100
C    0.083087603620    0.083617323865    0.416724830728
C   -0.000486241827    0.167206107810    0.500191136704
C    0.083339542503    0.250034170235    0.583496380726
C    0.166949594490    0.000279859430    0.500134623883
C    0.250034827634    0.083365266192    0.583306381562
C    0.166326451668    0.166736566659    0.333379546414
C    0.249567923872    0.249929243839    0.416586920266
C    0.000094600249    0.000215782690    0.666735937552
C    0.083384891677    0.083465637115    0.750054820043
C    0.000018860890    0.166793886848    0.833366348471
C    0.083316863688    0.250160274365    0.916661619839
C    0.166718426770    0.000034957532    0.833329097762
C    0.250058072004    0.083386250033    0.916605909613
C    0.166799262983    0.166688208342    0.666608409509
C    0.250136215089    0.250161505733    0.749909852201
C   -0.000076269830    0.333442546781    0.000176818162
C    0.083092692200    0.416709142923    0.083593491210
C   -0.000450254533    0.500175749261    0.167162876522
C    0.083443941135    0.583488375124    0.249932068905
C    0.166324332473    0.333368890901    0.166736083177
C    0.249569720295    0.416567797944    0.249935887149
C    0.166939572750    0.500130517145    0.000268770637
C    0.250029563765    0.583300451506    0.083359844083
C   -0.000674782868    0.333795583159    0.333792424715
C    0.082564499845    0.417183694508    0.417184330974
C   -0.001005843070    0.500701193056    0.500651183797
C    0.082842433827    0.583557688439    0.583550731330
C    0.166322122975    0.333493556037    0.500061363774
C    0.249887715108    0.416782093416    0.583286425833
C    0.166344389657    0.500052052637    0.333483780695
C    0.249902788099    0.583277444812    0.416785868610
C    0.000266815248    0.333142757155    0.666572713814
C    0.083363174870    0.416887235267    0.750122657638
C    0.000965471175    0.500481516533    0.834417089516
C    0.083904177225    0.583333525255    0.917266143898
C    0.166783548786    0.333463238076    0.833250002865
C    0.250249494786    0.416713349568    0.916401892821
C    0.166604660138    0.500155938791    0.666659185578
C    0.250215470423    0.583390761898    0.749851185511
C    0.000122372856    0.666748160639    0.000238339141
C    0.083419166336    0.750065351722    0.083457519176
C    0.000053819444    0.833394640994    0.166760679929
C    0.083339510809    0.916678247407    0.250157631902
C    0.166853484297    0.666607514423    0.166653545758
C    0.250165969417    0.749912880706    0.250159208807
C    0.166725991265    0.833338024020    0.000025963263
C    0.250065461225    0.916610001176    0.083387719222
C    0.000446150575    0.666561538381    0.332936891834
C    0.083434476324    0.750121982303    0.416834017103
C    0.001014156958    0.834406107286    0.500444835788
C    0.083916263346    0.917262752082    0.583327084802
C    0.166626067762    0.666661180595    0.500152889159
C    0.250233175171    0.749843988124    0.583400243447
C    0.166826633683    0.833264026123    0.333455479723
C    0.250279616275    0.916407740312    0.416726908451
C   -0.000421385685    0.666638692763    0.666657475858
C    0.083173450309    0.749874375018    0.749874323386
C   -0.000013133544    0.833329305636    0.833338475300
C    0.083354464333    0.916677388560    0.916666918357
C    0.166843031160    0.666721960114    0.833397561317
C    0.250125652290    0.750040110289    0.916687411679
C    0.166852289806    0.833398097792    0.666722649755
C    0.250133612688    0.916685278320    0.750042066775
C    0.333388733698   -0.000051901791   -0.000050080907
C    0.416661879332    0.083200517059    0.083209770656
C    0.333158592178    0.166501529941    0.166510749809
C    0.416343261773    0.249698473345    0.249720220650
C    0.500018370816   -0.000339241482    0.166713698096
C    0.583206263929    0.082928663025    0.249905594385
C    0.500011460792    0.166693992031   -0.000335955914
C    0.583196030232    0.249871439144    0.082951105100
C    0.333383442920   -0.000336687609    0.333372736295
C    0.416561912003    0.082923486624    0.416576740772
C    0.332997157232    0.166352348839    0.499875577641
C    0.416134881199    0.249472044315    0.582949848996
C    0.500121707873   -0.000306662135    0.500037534487
C    0.583421344621    0.083228785280    0.583280524601
C    0.499654298896    0.166081795322    0.333015871776
C    0.582779272086    0.249174011960    0.416105538759
C    0.333354646514    0.000109651103    0.666597281346
C    0.416815586377    0.083450809983    0.749907741752
C    0.333456325610    0.166788345368    0.833156995224
C    0.416842387624    0.250179469956    0.916234427086
C    0.500127742877    0.000104358969    0.833239099444
C    0.583364219559    0.083558994673    0.916407038196
C    0.500070279457    0.166815018225    0.666356689512
C    0.583612739946    0.251034025301    0.748977724516
C    0.333360975032    0.333355844902   -0.000333895739
C    0.416531450679    0.416548742539    0.082949265543
C    0.332973951177    0.499859354860    0.166352771075
C    0.416109107304    0.582940346762    0.249450374910
C    0.499638132443    0.332986509937    0.166091227064
C    0.582762210615    0.416092375568    0.249151639275
C    0.500070887132    0.500005193626   -0.000245283671
C    0.583395732295    0.583266543875    0.083251509504
C    0.332739003160    0.333017003158    0.333031932530
C    0.415863289959    0.416125676297    0.416122568897
C    0.333269624690    0.499867379901    0.499880723368
C    0.417286487400    0.583179392077    0.583204397840
C    0.498730021310    0.332040970778    0.499456675685
C    0.583615405641    0.416869172100    0.579309963302
C    0.498692425625    0.499450498883    0.331980875838
C    0.583554907171    0.579308393952    0.416729245267
C    0.333499233442    0.333429733526    0.666350669601
C    0.417759389901    0.416971222807    0.748953601197
C    0.333850291795    0.500172267160    0.832852279866
C    0.416639119143    0.583458896415    0.916759629043
C    0.500428806699    0.333759157287    0.832712308853
C    0.583766351334    0.417100500464    0.916085205360
C    0.501808732743    0.500818380875    0.665042792202
C    0.585447165444    0.584411649904    0.748662331940
C    0.333317529374    0.666585129166    0.000142466634
C    0.416799798332    0.749908878638    0.083461609346
C    0.333469315248    0.833160535609    0.166799268120
C    0.416859991992    0.916229120590    0.250198409722
C    0.500049615797    0.666353141570    0.166809286825
C    0.583607787822    0.748981573285    0.250993725227
C    0.500117023594    0.833243439716    0.000133984858
C    0.583362180640    0.916420411018    0.083563482375
C    0.333511091847    0.666340500105    0.333435834434
C    0.417778019101    0.748932771849    0.416989681418
C    0.333883820613    0.832830835657    0.500189531889
C    0.416722072397    0.916663543733    0.583481850772
C    0.501824040941    0.664970096971    0.500809418218
C    0.585646541813    0.748300976435    0.584444435999
C    0.500447962581    0.832685471253    0.333773414277
C    0.583808913066    0.915991220648    0.417142147218
C    0.333694188583    0.666591780078    0.666607225308
C    0.416975309586    0.749947930389    0.750004146113
C    0.333493487399    0.833324145110    0.833331442660
C    0.416829348659    0.916633854835    0.916639155316
C    0.499790045490    0.666468016653    0.833770396096
C    0.583535631051    0.750083848113    0.916778978728
C    0.499902955612    0.833595315405    0.666525942454
C    0.583571466720    0.916701944010    0.750103158341
C    0.666792966773    0.000261818123    0.000258723045
C    0.749960837570    0.083357260596    0.083354463980
C    0.666509370598    0.166307510462    0.166329536194
C    0.749597079822    0.249420636748    0.249424504550
C    0.833261522092    0.000219352365    0.166616624942
C    0.916580243729    0.083509900696    0.250143514867
C    0.833250421491    0.166616216503    0.000196300699
C    0.916578056330    0.250130838843    0.083491131931
C    0.666686277680   -0.000261219533    0.333433237399
C    0.749930102354    0.083258425562    0.416760487926
C    0.666512930273    0.166581197607    0.499871063302
C    0.749836886534    0.250535583107    0.583220532757
C    0.833325205708    0.000014027390    0.500138808953
C    0.916527588341    0.083571825734    0.583404033897
C    0.833003380299    0.166838510324    0.333415190207
C    0.915603239169    0.251070978773    0.416984622168
C    0.666812080237   -0.000027976468    0.666652806904
C    0.750051899920    0.083538038533    0.749872969664
C    0.666823269045    0.167140419628    0.832888213673
C    0.750117063334    0.249870533574    0.916863698239
C    0.833400568381    0.000198623566    0.833425286531
C    0.916716857152    0.083450776602    0.916721381020
C    0.833268841464    0.166981209009    0.666631195167
C    0.916624903901    0.250214741295    0.750069730583
C    0.666662370968    0.333394378864   -0.000222906725
C    0.749924131726    0.416732956384    0.083266583358
C    0.666503197347    0.499849826244    0.166559785609
C    0.749852855920    0.583211217276    0.250451728796
C    0.833009412860    0.333388974690    0.166821028102
C    0.915627410581    0.416959684258    0.251012365866
C    0.833318898202    0.500128264863    0.000048664019
C    0.916549420946    0.583398537268    0.083561504293
C    0.666111048208    0.331965605502    0.331943380814
C    0.745973540788    0.416748343366    0.416668772591
C    0.831623613339    0.335034968868    0.500793856570
C    0.914916894085    0.418788621140    0.584484001485
C    0.831683665881    0.500786399781    0.334897557694
C    0.915227283979    0.584490126443    0.418397400184
C    0.667477675460    0.335004553759    0.665102636171
C    0.751084293807    0.418389971137    0.748972351049
C    0.667210364372    0.500493653649    0.832700963701
C    0.750193073805    0.583519288328    0.916388789794
C    0.833123472743    0.332918022706    0.833949146770
C    0.916749986353    0.416815815151    0.916850135133
C    0.839123838039    0.496118841692    0.673484815745
C    0.916252561718    0.582840944890    0.749923131068
C    0.666797995738    0.666650179706    0.000027379864
C    0.750055642489    0.749889910731    0.083543913954
C    0.666824981096    0.832904640431    0.167129526999
C    0.750131796584    0.916872930908    0.249849532822
C    0.833292907658    0.666641669162    0.166935263956
C    0.916690672386    0.750080133738    0.250120775050
C    0.833413888209    0.833455153678    0.000229157378
C    0.916729749765    0.916754543203    0.083449589229
C    0.667462141017    0.665089469590    0.334882237400
C    0.751124339925    0.748921064344    0.418198500896
C    0.667314991154    0.832513710004    0.500546837236
C    0.750212628088    0.916281804827    0.583531287259
C    0.839788409277    0.673633782900    0.495280176441
C    0.916326722401    0.749828042033    0.582789814843
C    0.833170322206    0.833953963126    0.332824367635
C    0.916769495428    0.916844265165    0.416798386795
C    0.663623911288    0.672307222830    0.672820292111
C    0.749558583482    0.749680340807    0.749849149431
C    0.667185059229    0.834309419663    0.834368536694
C    0.750006504722    0.917240662723    0.917254076578
C    0.833392462325    0.666744233451    0.833273074100
C    0.916587692044    0.749920922122    0.916670406178
C    0.833340145077    0.833092004581    0.666709774435
C    0.916564047601    0.916588336462    0.749897908901
N    0.658932343851    0.492080240566    0.491895002788
