&CONTROL
calculation = 'scf'
verbosity = 'high'
tprnfor=.TRUE.
tstress=.TRUE.
wf_collect = .true.
prefix='pwscf'
outdir = './'
pseudo_dir='/home/jinyuchem/program/QE/pseudo-potential'
/
&SYSTEM
ibrav = 0
ecutwfc = 85
tot_charge = -1
nspin = 2
tot_magnetization = 2.0
nbnd = 800
nat = 215
ntyp = 2
/
&ELECTRONS
conv_thr = 1D-10
diago_full_acc=.true.
/
K_POINTS gamma
CELL_PARAMETERS angstrom
10.70400  0.000000  0.000000
0.000000  10.70400  0.000000
0.000000  0.000000  10.70400
ATOMIC_SPECIES
C  12.01099968  C_ONCV_PBE-1.0.upf
N  14.00699997  N_ONCV_PBE-1.0.upf
ATOMIC_POSITIONS crystal
C   -0.000010913723    0.000087427705    0.000000409372
C    0.083269478105    0.083399560765    0.083371645015
C   -0.000179132130    0.166784070557    0.166776286811
C    0.082904894348    0.250156114412    0.250172264130
C    0.166645308366   -0.000033634589    0.166720127162
C    0.249905384501    0.083187879551    0.250028054709
C    0.166593670368    0.166724361477   -0.000071844989
C    0.249863903996    0.249966011429    0.083198108300
C   -0.000068129755    0.000117022113    0.333475160553
C    0.083049024138    0.083621312887    0.416742178293
C   -0.000556002227    0.167266714310    0.500198127651
C    0.083238919006    0.250164881884    0.583462726993
C    0.166949899301    0.000294988883    0.500137839218
C    0.250032914942    0.083375409301    0.583311267695
C    0.166338160023    0.166681200664    0.333369591865
C    0.249628764865    0.249829115394    0.416574314821
C   -0.000006185040    0.000115588516    0.666691340372
C    0.083270469752    0.083474272643    0.750012935784
C   -0.000083351769    0.166908282023    0.833250137686
C    0.083254842091    0.250168870052    0.916588629525
C    0.166666599143    0.000087394820    0.833323297819
C    0.250037583823    0.083399973998    0.916603477980
C    0.166698320109    0.166711127168    0.666579339706
C    0.250063394747    0.250127993476    0.749902686106
C   -0.000123092920    0.333462654594    0.000050786800
C    0.083079070246    0.416660283057    0.083495080522
C   -0.000366557320    0.500116852544    0.167040630342
C    0.083781534919    0.583418987701    0.249632516151
C    0.166329626426    0.333313670137    0.166676208439
C    0.249640403384    0.416475834652    0.249859678390
C    0.166900571891    0.500115990127    0.000234663836
C    0.250008850774    0.583279112129    0.083342929934
C   -0.000601387393    0.333757445213    0.333739335459
C    0.082820891022    0.417068221790    0.417070107913
C   -0.000494927429    0.500591731793    0.500329877608
C    0.083134108991    0.583529935282    0.583492515920
C    0.166410604421    0.333393339451    0.500003805872
C    0.249898367204    0.416702717595    0.583277573384
C    0.166527805000    0.499955905423    0.333339384712
C    0.249975983214    0.583231798147    0.416720266169
C    0.000123573508    0.333547997394    0.666453121688
C    0.083326856270    0.416973699741    0.750070290772
C    0.000959426987    0.500608912653    0.834292114276
C    0.083903104991    0.583355498941    0.917236715082
C    0.166717616960    0.333462364016    0.833211315209
C    0.250161306921    0.416660380269    0.916413557366
C    0.166682945736    0.500128997024    0.666641544031
C    0.250173188191    0.583368436142    0.749917604539
C    0.000140140780    0.666754319956    0.000230100731
C    0.083448936379    0.750066533961    0.083430462391
C    0.000098998816    0.833395295675    0.166736807391
C    0.083370881668    0.916674918329    0.250156080669
C    0.166981022978    0.666572681862    0.166528337658
C    0.250216939549    0.749916916029    0.250115060188
C    0.166706541436    0.833367868602    0.000041097759
C    0.250075001821    0.916623350289    0.083409269897
C    0.001054187593    0.666394941540    0.332479202580
C    0.083696655818    0.750068385507    0.416697472444
C    0.001211174476    0.834236963429    0.500417765186
C    0.083962954120    0.917222680172    0.583322603329
C    0.166792793098    0.666654336730    0.500112541481
C    0.250262679330    0.749883445093    0.583417769267
C    0.166939236051    0.833284437975    0.333420995039
C    0.250314913249    0.916446415333    0.416731330660
C    0.000072648713    0.666719097480    0.666814335281
C    0.083397342676    0.749937735631    0.749938371395
C    0.000011894230    0.833297599749    0.833345153413
C    0.083325918269    0.916713459173    0.916659393807
C    0.166896952157    0.666754511135    0.833474084164
C    0.250096959899    0.750066910129    0.916783019634
C    0.166943003006    0.833478978852    0.666759655932
C    0.250136777413    0.916773545704    0.750078851073
C    0.333385860677   -0.000033332575   -0.000020833583
C    0.416693985467    0.083188191973    0.083238845128
C    0.333184056031    0.166468724068    0.166518091829
C    0.416402782135    0.249622794998    0.249736378635
C    0.500070102376   -0.000348802399    0.166788105932
C    0.583291230784    0.082843169332    0.250011576488
C    0.500035485857    0.166682103535   -0.000328491019
C    0.583240141858    0.249830390481    0.082961327486
C    0.333455206154   -0.000349446457    0.333403931994
C    0.416679169426    0.082842581148    0.416624592438
C    0.333075336048    0.166291109088    0.499888107114
C    0.416164601736    0.249477323004    0.582957463197
C    0.500265933766   -0.000456136052    0.500126083369
C    0.583516165977    0.083190995374    0.583306472152
C    0.499747384135    0.166048993819    0.333080374676
C    0.582828164673    0.249251933068    0.416161165142
C    0.333383921868    0.000147758275    0.666637391077
C    0.416862145670    0.083494494116    0.749913307983
C    0.333442935312    0.166784694209    0.833155383905
C    0.416838066900    0.250157159538    0.916238795940
C    0.500142119748    0.000117787963    0.833265510683
C    0.583408657217    0.083622108387    0.916381985129
C    0.500157322426    0.166867275717    0.666342809646
C    0.583683787921    0.251223957920    0.748908685769
C    0.333341933191    0.333314067891   -0.000336043177
C    0.416525597021    0.416476381129    0.082973918244
C    0.332956895518    0.499802200161    0.166290509375
C    0.416030673544    0.582906466061    0.249364056305
C    0.499666172291    0.332925221481    0.166098224180
C    0.582740725427    0.416091852999    0.249134982246
C    0.500005881354    0.499956331856   -0.000139305907
C    0.583386478848    0.583232241986    0.083308454956
C    0.332764807547    0.332924460410    0.333000135747
C    0.415802025880    0.416091535101    0.416074198880
C    0.333210912076    0.499798439327    0.499865163123
C    0.417057155949    0.583135813623    0.583266342638
C    0.498696412656    0.332145980268    0.499461168964
C    0.583442381990    0.417188784930    0.579311097597
C    0.498501024405    0.499429151575    0.331834026897
C    0.583128311265    0.579302986794    0.416461735207
C    0.333442856387    0.333353374727    0.666375350340
C    0.417585353676    0.416890236367    0.749035247352
C    0.333707129787    0.500116983205    0.832967736311
C    0.416298935463    0.583419267984    0.917115038858
C    0.500405333190    0.333758277278    0.832732126412
C    0.583736565111    0.417069393611    0.916153226286
C    0.501421903783    0.500805299630    0.665259327295
C    0.584233773692    0.584405433344    0.749773186254
C    0.333194597575    0.666572581959    0.000315125704
C    0.416781574659    0.749917147903    0.083550299724
C    0.333508703615    0.833171359893    0.166842022352
C    0.416925865851    0.916210031071    0.250258942005
C    0.500050786184    0.666322596108    0.166837137217
C    0.583655548749    0.748927681384    0.251014867947
C    0.500087527201    0.833284933832    0.000272181507
C    0.583397802374    0.916447325955    0.083647681218
C    0.333503918246    0.666322421687    0.333384174752
C    0.417681750956    0.748927595782    0.416988775940
C    0.333879064844    0.832858409137    0.500207179264
C    0.416725936720    0.916618408738    0.583539376186
C    0.501501190952    0.664881510178    0.500759706252
C    0.585268634640    0.747898098134    0.584576357051
C    0.500501931846    0.832592258219    0.333835025732
C    0.583954242980    0.915666808544    0.417287406159
C    0.333568437459    0.666607751482    0.666685484050
C    0.416718650442    0.749934618064    0.750225358014
C    0.333402964762    0.833395176524    0.833433000638
C    0.416822304205    0.916675474289    0.916704505989
C    0.499145386044    0.666395109849    0.834387715418
C    0.583364323746    0.750068693835    0.917029227979
C    0.499729768448    0.833480710953    0.666696218692
C    0.583549755806    0.916630631314    0.750169840442
C    0.666804278456    0.000295620113    0.000282594451
C    0.749977290814    0.083376087437    0.083365033862
C    0.666553995823    0.166291593346    0.166407831604
C    0.749623346321    0.249477234816    0.249497659621
C    0.833303139103    0.000147636169    0.166716637915
C    0.916579140558    0.083494030659    0.250195250797
C    0.833245144321    0.166712149249    0.000030654846
C    0.916568454775    0.250128428169    0.083396477666
C    0.666792697353   -0.000455678744    0.333598459764
C    0.749973256692    0.083190828014    0.416849117195
C    0.666579138125    0.166656017515    0.499911811760
C    0.749850151716    0.250826781609    0.583183653024
C    0.833338251734   -0.000161761244    0.500184705604
C    0.916466950253    0.083563244156    0.583397738827
C    0.833009245022    0.166867036986    0.333490378619
C    0.915575484915    0.251223872277    0.417017847682
C    0.666851524726   -0.000161318084    0.666670961286
C    0.750064311508    0.083563944945    0.749799480454
C    0.666864518387    0.167267421576    0.832776942980
C    0.750128925344    0.250166222004    0.916571239450
C    0.833357402887    0.000116148775    0.833326637547
C    0.916678890614    0.083474668661    0.916603343593
C    0.833224049581    0.167141054057    0.666556772073
C    0.916549242934    0.250540043404    0.749882177275
C    0.666669969299    0.333394548954   -0.000256848151
C    0.749943830839    0.416703737469    0.083231178149
C    0.666531389464    0.499799178637    0.166543678316
C    0.749933314107    0.583136007297    0.250389861745
C    0.833041371144    0.333353591402    0.166775944211
C    0.915701625394    0.416889541761    0.250918701391
C    0.833307587685    0.500129168052    0.000015280298
C    0.916583453187    0.583368599860    0.083506093722
C    0.666127902237    0.332146063096    0.332029772544
C    0.745977813651    0.417188877077    0.416775755667
C    0.831615573545    0.335469720872    0.500842300578
C    0.914829755230    0.419597183792    0.584371448142
C    0.831926160413    0.500804957509    0.334755190394
C    0.916440854872    0.584404222510    0.417567393155
C    0.667508829697    0.335469771047    0.664948728432
C    0.751038276689    0.419597885339    0.748161658457
C    0.666996575542    0.500592695129    0.832836651423
C    0.750159417759    0.583530325591    0.916465837934
C    0.833119793347    0.333548899123    0.833455714204
C    0.916736901048    0.416974070724    0.916659268334
C    0.838228093080    0.499023448500    0.671560525467
C    0.916457606256    0.583017664940    0.749789698694
C    0.666779040853    0.666654775227    0.000124882900
C    0.750084263315    0.749884129790    0.083594777764
C    0.666873274105    0.832858944386    0.167212082507
C    0.750205078749    0.916618144590    0.250059004853
C    0.833351359348    0.666608202302    0.166901170034
C    0.916891538019    0.749934582805    0.250052132085
C    0.833425934367    0.833479416120    0.000275430554
C    0.916744834182    0.916773357174    0.083469646093
C    0.667426778254    0.664880974291    0.334834314357
C    0.751243109828    0.747897348885    0.418603329997
C    0.667537255863    0.831867106640    0.500870087329
C    0.750259806235    0.915913081523    0.583592696462
C    0.841677596152    0.672341398848    0.494666652496
C    0.916841719269    0.749298319165    0.582752660933
C    0.833362821136    0.833479885544    0.333063786842
C    0.916837016572    0.916630334514    0.416883229626
C    0.661332828424    0.672342326233    0.675008421122
C    0.749419017342    0.749298776313    0.750173827762
C    0.667084733711    0.834237377386    0.834543724739
C    0.749989012508    0.917223400764    0.917295220721
C    0.833481223016    0.666719373427    0.833404264579
C    0.916605216644    0.749937405948    0.916729817103
C    0.833208145678    0.832466779703    0.666540609027
C    0.916483515766    0.916305033170    0.749817023688
N    0.658426150602    0.492722260687    0.491759175915
