&control
    calculation = 'scf',
    prefix='pwscf',
    pseudo_dir='/home/jinyuchem/program/QE/pseudo-potential',
    outdir = './',
    verbosity='high',
    tprnfor=.TRUE.,
    tstress=.TRUE.,
    wf_collect=.TRUE.
    forc_conv_thr = 0.0000039
    etot_conv_thr = 1.0D-7
    nstep = 100
/
&system
    ibrav=0,
    nat = 215
    ntyp=2,
    ecutwfc = 60,
    nbnd = 900,
    nspin = 2
    tot_magnetization = 0
/
&electrons
    diago_full_acc=.true.,
    conv_thr=1.0D-10
/
&IONS
    ion_dynamics='bfgs'
    ion_positions='default'
/
ATOMIC_SPECIES
Mg  24.305  Mg_ONCV_PBE-1.0.upf
O   15.999  O_ONCV_PBE-1.0.upf
K_POINTS gamma
CELL_PARAMETERS {angstrom}
        12.78000000       0.000000000        0.000000000
        0.000000000       12.78000000        0.000000000
        0.000000000       0.000000000        12.78000000
ATOMIC_POSITIONS {crystal}
Mg    0.000000292317   -0.000000001125    0.000000293465
Mg    0.000780713141    0.000901267550    0.333133792994
Mg   -0.000780717876   -0.000901180861    0.666865686102
Mg   -0.000766938971    0.333045803401    0.000852062797
Mg   -0.000002023523    0.333940014506    0.333915893423
Mg   -0.001877068944    0.332154315494    0.667829378743
Mg    0.000766532907    0.666954661419   -0.000852531653
Mg    0.001877749602    0.667845585010    0.332171033787
Mg    0.000003009490    0.666059498474    0.666084797066
Mg    0.333197676289   -0.000844955190    0.000804479917
Mg    0.333875377498    0.000059765352    0.333864273378
Mg    0.332316469763   -0.002017098498    0.667661516942
Mg    0.332266724691    0.332252609736    0.001947649413
Mg    0.333258866602    0.333383832145    0.335584711514
Mg    0.331753610808    0.331697992798    0.668279937456
Mg    0.333852498893    0.666122949600   -0.000083825178
Mg    0.335539198684    0.666737656085    0.333197471118
Mg    0.333278284075    0.664366981965    0.666629273447
Mg    0.666802726967    0.000845260761   -0.000803438660
Mg    0.667683168570    0.002018011022    0.332339857813
Mg    0.666124711717   -0.000059198445    0.666136127024
Mg    0.666146668259    0.333877356347    0.000084169929
Mg    0.666723434379    0.335631190785    0.333369102752
Mg    0.664457628116    0.333263484846    0.666801561283
Mg    0.667733447255    0.667747297334   -0.001947072306
Mg    0.668241469465    0.668297138361    0.331725217551
Mg    0.666742658489    0.666616283301    0.664418083597
Mg   -0.000007238375    0.167470421880    0.167508454358
Mg   -0.001168069274    0.166233114405    0.500844365623
Mg   -0.001626492502    0.165600877933    0.834301602719
Mg    0.001169947385    0.500849465768    0.166192976640
Mg    0.000000750243    0.499999602073    0.500000980450
Mg   -0.001169953038    0.499151720794    0.833806653980
Mg    0.001627058521    0.834399099007    0.165698306415
Mg    0.001168257416    0.833767282077    0.499155055542
Mg    0.000007232836    0.832529964573    0.832491253946
Mg    0.333208436880    0.166708418063    0.168522249936
Mg    0.330988263377    0.164192060209    0.501673505347
Mg    0.331726121614    0.164866849149    0.835043001344
Mg    0.334095272163    0.500189724056    0.167169302322
Mg    0.327966421619    0.496501221484    0.503474900712
Mg    0.330986622082    0.498265014103    0.835778060278
Mg    0.334900707819    0.833603596875    0.166377090304
Mg    0.334116971243    0.832758343851    0.499769028305
Mg    0.333230022562    0.831439963056    0.833255711287
Mg    0.666770371679    0.168558576796    0.166744788255
Mg    0.665883794639    0.167242519889    0.500232454548
Mg    0.665098690245    0.166397158655    0.833622244895
Mg    0.669014481626    0.501732547048    0.164220257756
Mg    0.672034087728    0.503497531277    0.496524613841
Mg    0.665904668233    0.499809038144    0.832829443589
Mg    0.668274569579    0.835132849777    0.164957780998
Mg    0.669012538146    0.835808258159    0.498328565586
Mg    0.666791566168    0.833292803628    0.831477667922
Mg    0.167493509899    0.000055062480    0.167448816278
Mg    0.166263724592   -0.001233801126    0.500750228349
Mg    0.165873743641   -0.001805549701    0.834182746669
Mg    0.166627464508    0.333223371635    0.168485749910
Mg    0.164186204594    0.330981499081    0.501723406910
Mg    0.165004855674    0.331548267149    0.835086407025
Mg    0.168435882298    0.666925874164    0.166543683211
Mg    0.167151899992    0.665843732076    0.500010908922
Mg    0.166403422626    0.665069931235    0.833511113907
Mg    0.500778525347    0.001266297904    0.166296751939
Mg    0.499999711618    0.000000091116    0.500000291232
Mg    0.499221476222   -0.001266894532    0.833703437621
Mg    0.500115436787    0.334217642011    0.167256327587
Mg    0.496503941891    0.327987511919    0.503530545876
Mg    0.498335677366    0.330930243714    0.835872967423
Mg    0.501663276011    0.669070610168    0.164123935410
Mg    0.503495191510    0.672013376893    0.496468871164
Mg    0.499884079154    0.665782474026    0.832742798078
Mg    0.834126379010    0.001805352360    0.165817907795
Mg    0.833737547681    0.001234018357    0.499249768212
Mg    0.832505815546   -0.000054896273    0.832550891611
Mg    0.833596774641    0.334930864866    0.166489405284
Mg    0.832849045215    0.334155995040    0.499988279770
Mg    0.831564529676    0.333074130044    0.833456136572
Mg    0.834993352315    0.668450843127    0.164913923087
Mg    0.835814112967    0.669018886624    0.498277738642
Mg    0.833372543276    0.666776321431    0.831514395054
Mg    0.165846036456    0.165675583658    0.001715811217
Mg    0.166424353747    0.166492175138    0.334917862215
Mg    0.165026889271    0.164843915135    0.668360912779
Mg    0.166207423305    0.499221637807    0.001182543834
Mg    0.167155681213    0.499962665130    0.334084688067
Mg    0.164202488438    0.498231232332    0.669001078564
Mg    0.167484452934    0.832590029282   -0.000080073737
Mg    0.168461874531    0.833425378247    0.333086391025
Mg    0.166659516425    0.831439047594    0.666707242325
Mg    0.499214091535    0.166277965868    0.001235190273
Mg    0.499852455287    0.167306461008    0.334195077307
Mg    0.498354576347    0.164130392830    0.669065452840
Mg    0.500000306954    0.499999709454   -0.000000794828
Mg    0.503487719828    0.503534511045    0.327974843258
Mg    0.496513385910    0.496465652690    0.672025804390
Mg    0.500786132376    0.833722432994   -0.001236199394
Mg    0.501643777012    0.835872943790    0.330935133894
Mg    0.500147486875    0.832694509713    0.665806110445
Mg    0.832515640265    0.167409971221    0.000080466757
Mg    0.833341252981    0.168561074019    0.333293241432
Mg    0.831538391413    0.166575222395    0.666912621215
Mg    0.833792891290    0.500779157033   -0.001182633153
Mg    0.835799297378    0.501767210134    0.330998343078
Mg    0.832844490690    0.500037929115    0.665915387543
Mg    0.834154350179    0.834324043650   -0.001716198261
Mg    0.834972439835    0.835156107835    0.331639189550
Mg    0.833575430594    0.833507575138    0.665082590451
O   -0.001050392690    0.166365503278    0.001163502745
O   -0.000239936380    0.167559626627    0.334305573076
O   -0.002156152189    0.165484798589    0.667854496926
O    0.000000390969    0.499999996668   -0.000000403915
O    0.001538491475    0.501262857240    0.332839695209
O   -0.001536621661    0.498737130699    0.667160796271
O    0.001050979611    0.833634512430   -0.001163677417
O    0.002155904969    0.834515222177    0.332145962948
O    0.000240325816    0.832440668812    0.665695431557
O    0.332278604458    0.165580276836    0.002248461785
O    0.333423060154    0.165983574080    0.335057682909
O    0.331377746948    0.164068463358    0.668657782367
O    0.332849405481    0.498849862382    0.001558965121
O    0.336130233964    0.500071345606    0.336139880644
O    0.328305235756    0.499326328119    0.671657396667
O    0.334275215007    0.832493336562   -0.000336598271
O    0.334992781783    0.834189531782    0.333340341279
O    0.333608472726    0.830724063474    0.666288988249
O    0.665725385980    0.167505872779    0.000336611936
O    0.666392010999    0.169274687156    0.333710464854
O    0.665005231700    0.165813302552    0.666659536616
O    0.667150613339    0.501149366509   -0.001559489745
O    0.671697836516    0.500665355279    0.328338149397
O    0.663870961146    0.499928662788    0.663859931012
O    0.667720994413    0.834419423184   -0.002247447934
O    0.668620084637    0.835929427669    0.331344048066
O    0.666576738564    0.834019290444    0.664945605672
O    0.001059886877    0.001223685046    0.166543838633
O    0.000000002545   -0.000000690447    0.499999306766
O   -0.001059495622   -0.001223461299    0.833455757724
O    0.000235731860    0.334230008078    0.167471300629
O   -0.001551779194    0.332882109967    0.501255979851
O   -0.002139827236    0.332074331380    0.834484407783
O    0.002139720938    0.667925667402    0.165515972155
O    0.001552904619    0.667118579243    0.498744300407
O   -0.000234952569    0.665769115929    0.832528697989
O    0.334300877266    0.000322569645    0.167513064475
O    0.332919523363   -0.001625816974    0.501077643042
O    0.332313665084   -0.002309411943    0.834336050372
O    0.333552915486    0.333672785532    0.169214635983
O    0.328277709240    0.328318634094    0.500628283860
O    0.331359972214    0.331275470040    0.835865582085
O    0.334959080737    0.666601059606    0.165709145672
O    0.336125375388    0.663822420080    0.499911486720
O    0.333433424880    0.664915406562    0.834047677340
O    0.667685441124    0.002308947820    0.165664346970
O    0.667080280220    0.001626629110    0.498922473943
O    0.665698834579   -0.000322159724    0.832487728128
O    0.666566648525    0.335084103435    0.165951292927
O    0.663874707666    0.336179256859    0.500089253374
O    0.665038442556    0.333400470196    0.834289034301
O    0.668639727867    0.668723181186    0.164136021573
O    0.671725886710    0.671687486269    0.499381330497
O    0.666445430344    0.666326800069    0.830785358867
O    0.166712332203    0.166695834401    0.168809825625
O    0.164374483704    0.164335494490    0.501574563921
O    0.164857395787    0.164634275955    0.835248817501
O    0.168167652627    0.500089382932    0.168166704017
O    0.165047954475    0.498685783851    0.501269806907
O    0.164344927585    0.498378722097    0.835662606715
O    0.168761345926    0.833472169883    0.166562536699
O    0.168167979022    0.831757541465    0.499875546246
O    0.166737523671    0.831168501468    0.833202482546
O    0.499988272050    0.168292995535    0.168247406395
O    0.498692862679    0.165109040698    0.501366000998
O    0.498461420232    0.164318794245    0.835671715906
O    0.501289100017    0.501368319375    0.165082973135
O    0.498710513726    0.498631375745    0.834918338477
O    0.501538502111    0.835683047287    0.164327902197
O    0.501307008770    0.834891936638    0.498634423981
O    0.500011199134    0.831706719122    0.831753966891
O    0.833262783812    0.168831996369    0.166797244706
O    0.831831127959    0.168242436100    0.500124654105
O    0.831239605102    0.166527920088    0.833437871581
O    0.835656133251    0.501622282924    0.164335048906
O    0.834952109564    0.501313600784    0.498731042012
O    0.831831655283    0.499910025952    0.831833418560
O    0.835142622035    0.835365924108    0.164750476057
O    0.835625136711    0.835665018084    0.498425592721
O    0.833287672033    0.833304691931    0.831190543676
O    0.166671666413   -0.001162844837    0.001095853375
O    0.167467607079   -0.000168536790    0.334202583462
O    0.165665984978   -0.002312685124    0.667709878802
O    0.165625238589    0.332159639499    0.002227557393
O    0.165782549794    0.333562786263    0.335006816258
O    0.164205020379    0.331239482028    0.668712346114
O    0.167364290255    0.665887531404    0.000130862437
O    0.169172383756    0.666505249838    0.333441265915
O    0.165818188614    0.664936329894    0.666437831698
O    0.500000001351   -0.000000198878   -0.000000398836
O    0.501110016538    0.001674582074    0.332961881237
O    0.498890204707   -0.001673976720    0.667038618802
O    0.498854515253    0.332931718556    0.001650152935
O    0.499993405653    0.336220464799    0.336195409338
O    0.499432197344    0.328254989591    0.671763122852
O    0.501144807353    0.667068289084   -0.001650927992
O    0.500560138329    0.671749444365    0.328233403339
O    0.500005440013    0.663779971305    0.663804644473
O    0.833328611105    0.001161878176   -0.001095456178
O    0.834334111501    0.002312887674    0.332290013839
O    0.832532301955    0.000168740639    0.665796532475
O    0.832636614822    0.334113376975   -0.000131077840
O    0.834185768227    0.335062441832    0.333561271698
O    0.830827866034    0.333494829203    0.666559107519
O    0.834374160779    0.667841066690   -0.002226952375
O    0.835792212277    0.668759728366    0.331289863133
O    0.834220546973    0.666437404921    0.664996508961
