&CONTROL
calculation = 'scf'
verbosity = 'high'
tprnfor=.TRUE.
tstress=.TRUE.
wf_collect = .true.
prefix='pwscf'
outdir = './'
pseudo_dir='/home/jinyuchem/program/QE/pseudo-potential'
/
&SYSTEM
ibrav = 0
ecutwfc = 85
tot_charge = -1
nspin = 2
tot_magnetization = 2.0
nbnd = 800
nat = 215
ntyp = 2
/
&ELECTRONS
conv_thr = 1D-10
diago_full_acc=.true.
/
K_POINTS gamma
CELL_PARAMETERS angstrom
10.70400  0.000000  0.000000
0.000000  10.70400  0.000000
0.000000  0.000000  10.70400
ATOMIC_SPECIES
C  12.01099968  C_ONCV_PBE-1.0.upf
N  14.00699997  N_ONCV_PBE-1.0.upf
ATOMIC_POSITIONS crystal
C   -0.000005340132    0.000096426992    0.000009509434
C    0.083269938885    0.083405268575    0.083377321955
C   -0.000181008134    0.166788249897    0.166780375656
C    0.082899477411    0.250160226595    0.250176085339
C    0.166648422007   -0.000030394257    0.166726571099
C    0.249902356935    0.083184996082    0.250030915804
C    0.166596907823    0.166730808526   -0.000068731270
C    0.249861017244    0.249968874788    0.083195080929
C   -0.000064390211    0.000122927211    0.333480654633
C    0.083046030760    0.083623631474    0.416750423412
C   -0.000562742417    0.167281237341    0.500206220822
C    0.083236626073    0.250175526769    0.583451264126
C    0.166956884290    0.000302287558    0.500147136571
C    0.250032603644    0.083375453475    0.583311901687
C    0.166333349967    0.166681284565    0.333372352126
C    0.249619131704    0.249828533448    0.416571207339
C   -0.000010485948    0.000117857886    0.666691526505
C    0.083271646510    0.083482051928    0.750016275679
C   -0.000077113757    0.166912951137    0.833256460003
C    0.083251634352    0.250181831041    0.916585326232
C    0.166675595171    0.000096497681    0.833328871896
C    0.250043248059    0.083405654295    0.916603939105
C    0.166699012286    0.166716863567    0.666583463763
C    0.250063128800    0.250135197946    0.749901696090
C   -0.000119184636    0.333468054025    0.000056557046
C    0.083076401768    0.416668540629    0.083497155579
C   -0.000373046063    0.500124923463    0.167054992246
C    0.083779365565    0.583407496984    0.249642910598
C    0.166325033103    0.333316521585    0.166675985763
C    0.249630975613    0.416472908277    0.249858701043
C    0.166907827132    0.500125286329    0.000241688752
C    0.250008891259    0.583279746388    0.083342618701
C   -0.000614328192    0.333774364880    0.333756021789
C    0.082780407281    0.417095974884    0.417097654208
C   -0.000522670901    0.500638270712    0.500376225429
C    0.083122612382    0.583539613228    0.583502114764
C    0.166397989398    0.333402767413    0.500009818503
C    0.249897213476    0.416704439359    0.583278887599
C    0.166515296378    0.499962034857    0.333348520083
C    0.249974761968    0.583233241040    0.416721740284
C    0.000150113857    0.333534386837    0.666489985517
C    0.083320350973    0.416988165204    0.750064493070
C    0.001000456314    0.500582467256    0.834333110894
C    0.083909701103    0.583367400842    0.917243007526
C    0.166723478891    0.333467859244    0.833215055414
C    0.250163622225    0.416668625840    0.916410564218
C    0.166700004761    0.500131199894    0.666643399186
C    0.250183486972    0.583370863245    0.749915542108
C    0.000136047614    0.666754559974    0.000232196418
C    0.083450249522    0.750069928212    0.083438100987
C    0.000105320785    0.833401534939    0.166741473416
C    0.083367578343    0.916671713328    0.250169039242
C    0.166981934850    0.666576783659    0.166533798199
C    0.250216648891    0.749915965903    0.250122153586
C    0.166715641305    0.833373443690    0.000050093958
C    0.250080638834    0.916623813540    0.083414974351
C    0.001080804884    0.666431919650    0.332465495745
C    0.083690131584    0.750062704525    0.416711931339
C    0.001252131327    0.834278035719    0.500391321847
C    0.083969275801    0.917229251022    0.583334504834
C    0.166809760156    0.666656416346    0.500114679426
C    0.250272777059    0.749881621339    0.583420164696
C    0.166944965951    0.833288347686    0.333426393437
C    0.250316988402    0.916443749303    0.416739587779
C    0.000081988417    0.666681216964    0.666776330717
C    0.083379846039    0.749928510274    0.749929237586
C    0.000011461102    0.833297208140    0.833344760527
C    0.083332864605    0.916720447957    0.916666380350
C    0.166899218801    0.666754697175    0.833469823475
C    0.250104735588    0.750070250500    0.916784196865
C    0.166945098545    0.833474927182    0.666759896229
C    0.250144415814    0.916774861028    0.750082244895
C    0.333392304558   -0.000030216057   -0.000017596049
C    0.416696846296    0.083185167691    0.083235958570
C    0.333182216485    0.166466927573    0.166516292651
C    0.416397398425    0.249617453818    0.249731035482
C    0.500072822069   -0.000353569287    0.166788187150
C    0.583288082431    0.082833539744    0.250010992371
C    0.500038295435    0.166681883658   -0.000333044263
C    0.583237174543    0.249829415259    0.082951899932
C    0.333454983225   -0.000353996612    0.333406782141
C    0.416678151523    0.082833156950    0.416621665878
C    0.333069125292    0.166285046372    0.499888410147
C    0.416152316450    0.249465112096    0.582953444738
C    0.500275068568   -0.000468641552    0.500132212932
C    0.583517639476    0.083189817272    0.583307915824
C    0.499741292527    0.166038377765    0.333074514835
C    0.582814334372    0.249231528338    0.416147480758
C    0.333389382169    0.000148713325    0.666641493724
C    0.416869239071    0.083494206741    0.749912357428
C    0.333447071334    0.166788785876    0.833153508294
C    0.416842176554    0.250160982895    0.916233378919
C    0.500147477565    0.000123561030    0.833269419222
C    0.583416873732    0.083624186823    0.916379316997
C    0.500162368777    0.166873652667    0.666338463295
C    0.583701536187    0.251246340248    0.748898233073
C    0.333342014041    0.333316829452   -0.000340813154
C    0.416524972661    0.416473273716    0.082964285277
C    0.332950898170    0.499802502822    0.166284230011
C    0.416018419816    0.582902446939    0.249351811423
C    0.499660311881    0.332919131452    0.166087605305
C    0.582727000555    0.416078063616    0.249114575392
C    0.500015307738    0.499962344358   -0.000151921027
C    0.583388199811    0.583233555562    0.083307341306
C    0.332754188327    0.332918601579    0.332994044708
C    0.415781618621    0.416077851192    0.416060409045
C    0.333206881328    0.499791989933    0.499858468996
C    0.417069022917    0.583123526882    0.583254093484
C    0.498668506264    0.332118039020    0.499444828970
C    0.583415235959    0.417161659490    0.579245350795
C    0.498473081695    0.499412811208    0.331806121340
C    0.583101184467    0.579237240397    0.416434589908
C    0.333449204630    0.333358536153    0.666370925456
C    0.417607775365    0.416907821926    0.749024726864
C    0.333721610057    0.500125075980    0.832961036653
C    0.416309536762    0.583407845778    0.917112786921
C    0.500422251011    0.333774965024    0.832719185831
C    0.583764277496    0.417096939823    0.916112887739
C    0.501439842496    0.500800210755    0.665202645915
C    0.584376345734    0.584438234942    0.749615504560
C    0.333200330714    0.666576704854    0.000315858306
C    0.416788776449    0.749916158072    0.083550034110
C    0.333512752382    0.833169485698    0.166846198719
C    0.416929686794    0.916204616314    0.250263052040
C    0.500055905741    0.666318171247    0.166843525829
C    0.583673093101    0.748917160801    0.251037290064
C    0.500092980561    0.833288675024    0.000278083784
C    0.583406006889    0.916444335164    0.083649996425
C    0.333510252144    0.666318035231    0.333389261671
C    0.417704130487    0.748917142865    0.417006564671
C    0.333893386252    0.832851961913    0.500215250403
C    0.416736291217    0.916616281285    0.583527925246
C    0.501519100528    0.664824758840    0.500754735843
C    0.585411259642    0.747740407172    0.584609234946
C    0.500518617584    0.832579318939    0.333851944237
C    0.583981748413    0.915626367251    0.417315159312
C    0.333583548308    0.666600267725    0.666677753350
C    0.416736662970    0.749926862226    0.750217488605
C    0.333407630732    0.833401500118    0.833439238729
C    0.416835262374    0.916672173551    0.916701298886
C    0.499131773586    0.666432074681    0.834414256914
C    0.583378748093    0.750062896318    0.917022722331
C    0.499716063417    0.833507327240    0.666733162471
C    0.583564174038    0.916624110237    0.750164159298
C    0.666813534981    0.000302648141    0.000289890177
C    0.749977924481    0.083375779828    0.083365074413
C    0.666554258088    0.166285316804    0.166401765915
C    0.749619326978    0.249464992350    0.249485446298
C    0.833307221753    0.000148371780    0.166722371074
C    0.916578150021    0.083493768110    0.250202453280
C    0.833249206616    0.166717612833    0.000031606667
C    0.916567503408    0.250135524099    0.083396186911
C    0.666798709495   -0.000468290925    0.333607886426
C    0.749974530453    0.083189717476    0.416850838889
C    0.666572443382    0.166652029934    0.499905362877
C    0.749837862085    0.250838691166    0.583171366970
C    0.833340106598   -0.000144698867    0.500186908987
C    0.916464818310    0.083573586104    0.583400166570
C    0.833004670988    0.166873428396    0.333495538745
C    0.915564964101    0.251246296635    0.417035432905
C    0.666853621939   -0.000144347591    0.666673041147
C    0.750066597506    0.083574086132    0.749797725353
C    0.666872548910    0.167281786187    0.832770494340
C    0.750117433755    0.250176619876    0.916569109606
C    0.833357642696    0.000118247435    0.833322584600
C    0.916682244030    0.083482310521    0.916604656827
C    0.833216318300    0.167156207957    0.666549288443
C    0.916541332653    0.250558098810    0.749874420961
C    0.666676098397    0.333403685625   -0.000269356625
C    0.749945233789    0.416705211886    0.083229996980
C    0.666524939850    0.499792483998    0.166539687669
C    0.749920986972    0.583123757793    0.250401769548
C    0.833036944480    0.333358679621    0.166782318478
C    0.915691171606    0.416907330677    0.250941081326
C    0.833309666964    0.500131305463    0.000032247864
C    0.916581628958    0.583370994626    0.083516268189
C    0.666111521650    0.332118158457    0.332001830378
C    0.745912026291    0.417161732753    0.416748629240
C    0.831558891491    0.335487660279    0.500837211854
C    0.914672066205    0.419739760417    0.584404242295
C    0.831869409169    0.500799986413    0.334773100445
C    0.916283085899    0.584437178234    0.417710019192
C    0.667503858717    0.335487682342    0.664891976654
C    0.751071184077    0.419740510092    0.748003932465
C    0.667043074137    0.500639043007    0.832808839147
C    0.750169055601    0.583539923946    0.916454341498
C    0.833156733895    0.333535195227    0.833482330390
C    0.916731219405    0.416988530071    0.916652744888
C    0.838434193661    0.498831125509    0.671766259009
C    0.916343451471    0.582950666771    0.749675485283
C    0.666781203480    0.666656630254    0.000141941875
C    0.750086581603    0.749882067254    0.083605153167
C    0.666881326660    0.832852245982    0.167226602983
C    0.750193616511    0.916615895093    0.250069646555
C    0.833343875137    0.666600471358    0.166916321113
C    0.916883741125    0.749926713407    0.250070185785
C    0.833426119629    0.833475156731    0.000277696963
C    0.916748133648    0.916774536531    0.083477421999
C    0.667421689134    0.664824292946    0.334852252628
C    0.751275870130    0.747739662741    0.418745906871
C    0.667583563777    0.831839295688    0.500916626771
C    0.750269364427    0.915901586618    0.583602375362
C    0.841883371755    0.672547570017    0.494474315731
C    0.916727503102    0.749184162182    0.582685658927
C    0.833399746878    0.833506428576    0.333050174147
C    0.916831218371    0.916623831268    0.416897694751
C    0.661140462466    0.672548084889    0.675214498874
C    0.749351975866    0.749184562484    0.750059672560
C    0.667058290181    0.834278375767    0.834584795505
C    0.750000913620    0.917229696308    0.917301788945
C    0.833443301153    0.666681369154    0.833413605085
C    0.916595950939    0.749928271918    0.916712360812
C    0.833170101058    0.832476120929    0.666502727894
C    0.916474340713    0.916287579004    0.749807798402
N    0.658353516720    0.492649626805    0.491686542033
