&CONTROL
calculation = 'scf'
verbosity = 'high'
tprnfor=.TRUE.
tstress=.TRUE.
wf_collect = .true.
prefix='pwscf'
outdir = './'
pseudo_dir='/home/jinyuchem/program/QE/pseudo-potential'
/
&SYSTEM
ibrav = 0
ecutwfc = 85
tot_charge = -1
nspin = 2
tot_magnetization = 2.0
nbnd = 800
nat = 215
ntyp = 2
/
&ELECTRONS
conv_thr = 1D-10
diago_full_acc=.true.
/
K_POINTS gamma
CELL_PARAMETERS angstrom
10.70400  0.000000  0.000000
0.000000  10.70400  0.000000
0.000000  0.000000  10.70400
ATOMIC_SPECIES
C  12.01099968  C_ONCV_PBE-1.0.upf
N  14.00699997  N_ONCV_PBE-1.0.upf
ATOMIC_POSITIONS crystal
C   -0.000025195756    0.000122362881   -0.000036982249
C    0.083263452555    0.083403404729    0.083352173542
C   -0.000183777928    0.166769106537    0.166754673914
C    0.082913903156    0.250122288422    0.250151364552
C    0.166661860254   -0.000027055361    0.166717607818
C    0.249931436811    0.083171855269    0.250044786729
C    0.166567417584    0.166725372659   -0.000097336763
C    0.249855647377    0.249931042858    0.083190347882
C   -0.000059596245    0.000090810628    0.333492433596
C    0.083023039075    0.083648606885    0.416765914701
C   -0.000629897837    0.167341117945    0.500216297615
C    0.083075950391    0.250339590368    0.583456649650
C    0.166958183451    0.000313586133    0.500141655876
C    0.250036717015    0.083387520882    0.583320228691
C    0.166347073759    0.166653143491    0.333374932687
C    0.249660905637    0.249770306648    0.416588345987
C   -0.000088241919    0.000038771676    0.666654886332
C    0.083173274862    0.083485840815    0.749978996641
C   -0.000176134902    0.167002531238    0.833157667597
C    0.083199214761    0.250172869448    0.916533233356
C    0.166628591137    0.000122493081    0.833309776102
C    0.250017537698    0.083404111881    0.916598036393
C    0.166587167379    0.166759061493    0.666564324270
C    0.249993753982    0.250111155965    0.749896206244
C   -0.000160053246    0.333469333038   -0.000030864839
C    0.083078719257    0.416615798032    0.083416738742
C   -0.000282121794    0.500067255627    0.166926337642
C    0.084070970710    0.583376410758    0.249363131793
C    0.166331826175    0.333272576695    0.166643432142
C    0.249682619470    0.416408133605    0.249825615673
C    0.166868245645    0.500101602207    0.000202492605
C    0.249993244310    0.583261279463    0.083327328637
C   -0.000559420147    0.333736892794    0.333703263745
C    0.082966662511    0.416999944571    0.417003020498
C   -0.000217718822    0.500575516007    0.500095096751
C    0.083291397951    0.583520422414    0.583451671139
C    0.166436754919    0.333349050590    0.499981547233
C    0.249888668475    0.416656883441    0.583281785336
C    0.166651817984    0.499893946861    0.333249596547
C    0.250030840661    0.583198104309    0.416688599480
C   -0.000148022458    0.333982935974    0.666392519653
C    0.083234245047    0.417071903819    0.750044398217
C    0.000894936485    0.500721644529    0.834226969128
C    0.083888929260    0.583370881669    0.917222301141
C    0.166636325111    0.333468975699    0.833174970179
C    0.250083009906    0.416615954253    0.916413600757
C    0.166697948924    0.500117600494    0.666629068807
C    0.250130321619    0.583346045374    0.749960016472
C    0.000180402945    0.666770451224    0.000248395536
C    0.083500713161    0.750077361432    0.083405268421
C    0.000158328935    0.833423638628    0.166688159144
C    0.083411778138    0.916691607375    0.250149420141
C    0.167105858236    0.666552083028    0.166423445281
C    0.250275207241    0.749922369334    0.250087243580
C    0.166702009097    0.833391491662    0.000037422711
C    0.250086086848    0.916634471138    0.083421202934
C    0.001558240162    0.666285857714    0.332023305768
C    0.083912177645    0.750041121589    0.416565473301
C    0.001356338616    0.834125996084    0.500371204282
C    0.083998147916    0.917197076937    0.583310570436
C    0.166899167657    0.666652936819    0.500087309193
C    0.250294020113    0.749897974373    0.583436427326
C    0.167042384720    0.833309339901    0.333392954737
C    0.250364181231    0.916474438168    0.416746049374
C    0.000331660433    0.666751642722    0.666926016752
C    0.083520169574    0.749973358197    0.749974687850
C    0.000025233090    0.833271269690    0.833358449018
C    0.083309064557    0.916741799132    0.916642677145
C    0.166915685503    0.666770702130    0.833514492386
C    0.250071848155    0.750077952198    0.916835200346
C    0.166999798924    0.833523849231    0.666780231066
C    0.250144595189    0.916818083241    0.750099940203
C    0.333382535123   -0.000026728660   -0.000003588858
C    0.416710075697    0.083172169886    0.083265290224
C    0.333197818959    0.166441953126    0.166532458648
C    0.416435512900    0.249561112713    0.249769347166
C    0.500103627947   -0.000356781276    0.166849134445
C    0.583347117984    0.082776233129    0.250104816489
C    0.500040329119    0.166654241828   -0.000319148339
C    0.583253786856    0.249771923350    0.082993231090
C    0.333516010529   -0.000357564706    0.333438054381
C    0.416772441891    0.082775531340    0.416680853550
C    0.333142212113    0.166260457695    0.499912119127
C    0.416210591705    0.249506214711    0.582972859963
C    0.500392685800   -0.000596487862    0.500205937020
C    0.583592165129    0.083147272365    0.583335003749
C    0.499814464209    0.166024332109    0.333147621410
C    0.582875197872    0.249321913554    0.416208132763
C    0.333436432240    0.000133782349    0.666670713666
C    0.416901316144    0.083506309989    0.749915751982
C    0.333421449222    0.166770089481    0.833151752191
C    0.416816948420    0.250123674971    0.916248306916
C    0.500159442695    0.000091972630    0.833274637449
C    0.583432240727    0.083649625024    0.916356313943
C    0.500223692361    0.166899402719    0.666340708510
C    0.583722643333    0.251361187611    0.748870978969
C    0.333308900359    0.333273141119   -0.000333391306
C    0.416491613372    0.416408803576    0.083015937603
C    0.332925462945    0.499754625850    0.166258964519
C    0.415965114543    0.582879368089    0.249298499134
C    0.499665999692    0.332862752479    0.166114585767
C    0.582715085921    0.416080869770    0.249107501537
C    0.499916457612    0.499894514279   -0.000015829838
C    0.583354859076    0.583198680643    0.083362736821
C    0.332781071207    0.332861781045    0.333000092843
C    0.415774830813    0.416080480278    0.416048501289
C    0.333181009513    0.499750158597    0.499872033103
C    0.416933151242    0.583089265197    0.583328633814
C    0.498725425393    0.332271818656    0.499474137809
C    0.583421598074    0.417512291405    0.579329782210
C    0.498367146410    0.499415442065    0.331699968779
C    0.582845836496    0.579314915011    0.416179329611
C    0.333399084146    0.333305498853    0.666400222472
C    0.417468237672    0.416823002141    0.749102884735
C    0.333592970147    0.500067535605    0.833052530168
C    0.416029779296    0.583376967344    0.917404410691
C    0.500369101016    0.333737992769    0.832774272593
C    0.583669663974    0.417001713673    0.916298158350
C    0.501196965527    0.500808857381    0.665464832220
C    0.583346360785    0.584359181891    0.750780930601
C    0.333089837859    0.666551938066    0.000440218349
C    0.416753801942    0.749922722202    0.083608663843
C    0.333541863921    0.833181043857    0.166875349529
C    0.416977383619    0.916195573465    0.250310803505
C    0.500028510128    0.666303509084    0.166844173063
C    0.583670498281    0.748905683192    0.250977931216
C    0.500059531809    0.833309940117    0.000375267514
C    0.583412318181    0.916475511956    0.083696946960
C    0.333511004589    0.666303343321    0.333361828969
C    0.417644888680    0.748905650091    0.417004028739
C    0.333907893535    0.832852559859    0.500232851848
C    0.416812162003    0.916494149100    0.583597110327
C    0.501342273348    0.664772042179    0.500725483031
C    0.585243696602    0.747343184882    0.584672835531
C    0.500545773115    0.832517849957    0.333879121327
C    0.584068360848    0.915406420886    0.417401779857
C    0.333498339082    0.666602422153    0.666744476156
C    0.416578514026    0.749870509335    0.750403322039
C    0.333353863517    0.833423574523    0.833492761976
C    0.416815245904    0.916692450827    0.916745849235
C    0.498689228778    0.666286142075    0.834891821576
C    0.583232471244    0.750041473162    0.917244177421
C    0.499760425254    0.833229120102    0.666838205033
C    0.583572418810    0.916513385462    0.750227119634
C    0.666807887198    0.000314247711    0.000290861037
C    0.749985687003    0.083388119196    0.083368497442
C    0.666577341133    0.166260953803    0.166474447009
C    0.749638061758    0.249505995176    0.249543496404
C    0.833335716029    0.000133156157    0.166769162632
C    0.916580788717    0.083505505832    0.250234458840
C    0.833229353881    0.166760435147   -0.000080909173
C    0.916561270483    0.250111753622    0.083326611298
C    0.666872264250   -0.000595844730    0.333725102114
C    0.750001630694    0.083147089357    0.416925280015
C    0.666625403276    0.166719278889    0.499958005219
C    0.749843376424    0.251066374501    0.583176967885
C    0.833350782182   -0.000295094516    0.500219730055
C    0.916411583505    0.083567666959    0.583399764095
C    0.833006815858    0.166898991315    0.333556670271
C    0.915537736195    0.251361107970    0.417056953593
C    0.666886537839   -0.000294450173    0.666683412402
C    0.750066197972    0.083568583072    0.749744019329
C    0.666882399575    0.167342123605    0.832703202884
C    0.750122376458    0.250341594376    0.916407669960
C    0.833320516454    0.000039485582    0.833244554449
C    0.916644438643    0.083486315142    0.916506043850
C    0.833176262287    0.167270378944    0.666508957160
C    0.916441537123    0.250806643933    0.749774365297
C    0.666647477188    0.333350733374   -0.000231128676
C    0.749947920701    0.416658299499    0.083220938841
C    0.666538313707    0.499751064383    0.166513321748
C    0.749995772655    0.583089688485    0.250265352478
C    0.833065840514    0.333305761878    0.166731959587
C    0.915769117735    0.416822102073    0.250801548529
C    0.833294976791    0.500117794084    0.000029311550
C    0.916625735803    0.583346286288    0.083462511466
C    0.666140908139    0.332272037624    0.332058768682
C    0.745996520961    0.417512425503    0.416755068628
C    0.831562366360    0.335840216878    0.500876689704
C    0.914495724736    0.420401531686    0.584296874837
C    0.832131647389    0.500808446548    0.334530189692
C    0.917449338208    0.584357238791    0.416680337774
C    0.667543292001    0.335840256622    0.664895273045
C    0.750964096674    0.420402909810    0.747826384855
C    0.666762152767    0.500576931568    0.833112443761
C    0.750118896786    0.583520991700    0.916621818457
C    0.833059175223    0.333984418071    0.833183290045
C    0.916711146716    0.417072572743    0.916565884548
C    0.837002390427    0.501492119128    0.670333488271
C    0.916516606165    0.583181736452    0.749847585253
C    0.666753770713    0.666653328742    0.000230417890
C    0.750102835532    0.749898648834    0.083625467500
C    0.666898492115    0.832853080702    0.167240957568
C    0.750262043559    0.916493439964    0.250145480565
C    0.833410116489    0.666602795722    0.166830589566
C    0.917069285987    0.749870236862    0.249912137565
C    0.833446058054    0.833524270023    0.000331813443
C    0.916765236324    0.916817488015    0.083477356943
C    0.667392648056    0.664771187746    0.334675302509
C    0.751339345573    0.747341899247    0.418579463623
C    0.667753049377    0.831334947371    0.501085831651
C    0.750302796060    0.915608434028    0.583635481631
C    0.843325856525    0.671765686883    0.493504660521
C    0.917220706174    0.748946833911    0.582695894022
C    0.833504702344    0.833227469132    0.333095214454
C    0.916894478155    0.916512874843    0.416906039316
C    0.660170406201    0.671766786106    0.676655248364
C    0.749361973153    0.748947563700    0.750551929850
C    0.667038395806    0.834126620431    0.834688389490
C    0.749976736544    0.917197893492    0.917330065891
C    0.833593296344    0.666751922657    0.833661873474
C    0.916641496611    0.749972920628    0.916851946757
C    0.833092428342    0.831943153730    0.666424411335
C    0.916418545354    0.916073178392    0.749752050241
N    0.658176936679    0.493275392031    0.491509733907
