&CONTROL
calculation = 'scf'
restart_mode = 'from_scratch'
verbosity = 'high'
wf_collect = .true.
pseudo_dir='/home/jinyuchem/program/QE/pseudo-potential'
tprnfor = .true.
/
&SYSTEM
ibrav = 0
ecutwfc = 60
tot_charge = -1
nspin = 2
tot_magnetization = 2.0
nbnd = 456
nat = 215
ntyp = 2
input_dft = 'PBE0'
exx_fraction = 0.18
ecutfock = 120
/
&ELECTRONS
conv_thr = 1D-8
diago_full_acc=.true.
mixing_beta = 0.3
/
K_POINTS gamma
CELL_PARAMETERS angstrom
10.65000  0.000000  0.000000
0.000000  10.65000  0.000000
0.000000  0.000000  10.65000
ATOMIC_SPECIES
C  12.01099968  C_ONCV_PBE-1.0.upf
N  14.00699997  N_ONCV_PBE-1.0.upf
ATOMIC_POSITIONS crystal
C    0.000022446784    0.000063757862    0.000062888404
C    0.083276735151    0.083390252692    0.083390137179
C   -0.000143200069    0.166791548961    0.166791896798
C    0.082949814091    0.250162348127    0.250164744742
C    0.166638804302   -0.000037137787    0.166740768137
C    0.249888907704    0.083213216414    0.250015465770
C    0.166638492842    0.166740021969   -0.000036956277
C    0.249886436310    0.250015732487    0.083213893692
C   -0.000078329967    0.000106744315    0.333466663868
C    0.083079006029    0.083543156619    0.416726057705
C   -0.000442536434    0.167160569256    0.500157159515
C    0.083412607275    0.249989657081    0.583409762050
C    0.166924784010    0.000255242136    0.500136039121
C    0.250022095657    0.083342733645    0.583291061877
C    0.166367771741    0.166702712491    0.333350597433
C    0.249646290132    0.249887151426    0.416565770600
C    0.000102258807    0.000220983122    0.666741134048
C    0.083381573962    0.083485690157    0.750047040436
C    0.000022571345    0.166836564104    0.833342849421
C    0.083294601573    0.250187928178    0.916635313976
C    0.166738611143    0.000068765254    0.833350499453
C    0.250069839500    0.083394490720    0.916623119625
C    0.166822155909    0.166671564375    0.666615941048
C    0.250111718611    0.250133786470    0.749921298566
C   -0.000078323411    0.333466214693    0.000106706345
C    0.083079123336    0.416725969804    0.083543368506
C   -0.000442916135    0.500157247554    0.167160765833
C    0.083412559251    0.583410086050    0.249989708960
C    0.166368303489    0.333350497911    0.166702319704
C    0.249644104219    0.416568125686    0.249882426295
C    0.166924858979    0.500136160840    0.000255219536
C    0.250022138701    0.583291573035    0.083342758698
C   -0.000559840767    0.333735823664    0.333735693990
C    0.082710011407    0.417124338003    0.417124805161
C   -0.000731820195    0.500620335516    0.500620651115
C    0.083002629211    0.583534535476    0.583534235370
C    0.166437510731    0.333414198559    0.500018371920
C    0.249920894980    0.416747595042    0.583277363711
C    0.166437270093    0.500018132215    0.333414278898
C    0.249920787228    0.583277493041    0.416747711477
C    0.000394594533    0.333121217813    0.666555501107
C    0.083371542816    0.416901832349    0.750054573550
C    0.001042636429    0.500452719705    0.834342741571
C    0.083888227310    0.583359440374    0.917224227339
C    0.166799587934    0.333450893347    0.833247060595
C    0.250216542908    0.416720546505    0.916434391884
C    0.166713468296    0.500138384541    0.666664631649
C    0.250224021402    0.583389150803    0.749887635802
C    0.000101788062    0.666740614946    0.000221524840
C    0.083381764878    0.750047370457    0.083485580914
C    0.000022581470    0.833343046244    0.166836955119
C    0.083294759239    0.916635436347    0.250188485169
C    0.166822226763    0.666616070214    0.166672027836
C    0.250111950787    0.749921601076    0.250133802789
C    0.166738086266    0.833350407751    0.000069417833
C    0.250069635059    0.916622978895    0.083394807752
C    0.000394455798    0.666555598083    0.333121202146
C    0.083371157666    0.750054935106    0.416902267643
C    0.001043365788    0.834342274471    0.500452642849
C    0.083888537850    0.917223741348    0.583358852932
C    0.166713223004    0.666664497487    0.500138306268
C    0.250223564129    0.749887657597    0.583389001707
C    0.166799577941    0.833247018479    0.333451524846
C    0.250216503832    0.916434927979    0.416720451117
C   -0.000025023995    0.666710416644    0.666710066983
C    0.083341242511    0.749937223240    0.749937171126
C    0.000056172127    0.833365772739    0.833365425168
C    0.083369509998    0.916718167439    0.916718396594
C    0.166921813401    0.666757164603    0.833443328010
C    0.250164049599    0.750053010164    0.916735801316
C    0.166920715199    0.833443309099    0.666756310329
C    0.250162761966    0.916741048072    0.750054019492
C    0.333401927451   -0.000033064498   -0.000032841378
C    0.416700399847    0.083210047399    0.083210345259
C    0.333188044931    0.166528528538    0.166529137665
C    0.416417429466    0.249734718446    0.249734511292
C    0.500038547158   -0.000306312539    0.166706485121
C    0.583245730251    0.082954164214    0.249901859543
C    0.500039066718    0.166705921517   -0.000306077240
C    0.583245763592    0.249901809303    0.082954492202
C    0.333368726996   -0.000305274415    0.333352620298
C    0.416583516964    0.082956773540    0.416575852456
C    0.333007512454    0.166335912451    0.499880677065
C    0.416097651876    0.249427961836    0.582971391081
C    0.500113348228   -0.000251023201    0.500026693516
C    0.583422651400    0.083245457738    0.583274869750
C    0.499712352872    0.166130176744    0.333024895963
C    0.582787117843    0.249205289878    0.416137769948
C    0.333335608036    0.000152988190    0.666622411756
C    0.416829007302    0.083451709215    0.749918489222
C    0.333452533410    0.166795165360    0.833179352323
C    0.416847009861    0.250163949263    0.916280608119
C    0.500131467259    0.000130813090    0.833260365008
C    0.583391935982    0.083556709897    0.916429822048
C    0.500078445071    0.166832427041    0.666377221379
C    0.583657174627    0.251076833722    0.748986415441
C    0.333369902659    0.333353606436   -0.000304193563
C    0.416583357556    0.416574709050    0.082955951152
C    0.333005744570    0.499879241518    0.166335404573
C    0.416098298296    0.582970303802    0.249429101011
C    0.499712555754    0.333024109557    0.166130120180
C    0.582787074490    0.416137952795    0.249205283894
C    0.500113697478    0.500027155548   -0.000250446322
C    0.583422510717    0.583274974981    0.083245483864
C    0.332786012333    0.333009621169    0.333017830728
C    0.415845434981    0.416124223781    0.416123990688
C    0.333235024998    0.499855181160    0.499854852804
C    0.417145753495    0.583179984889    0.583181091730
C    0.498593468771    0.331948377178    0.499468967885
C    0.583326963352    0.416751418501    0.579081724735
C    0.498592847821    0.499468927828    0.331948215227
C    0.583327747920    0.579082070466    0.416751407181
C    0.333467753823    0.333379023685    0.666385639371
C    0.417704931601    0.416962419347    0.749010502053
C    0.333811809133    0.500151782508    0.832893159283
C    0.416656789357    0.583405051580    0.916762788208
C    0.500414437793    0.333737004365    0.832745494466
C    0.583798544551    0.417133981387    0.916002446835
C    0.501655965111    0.500723742748    0.664907153644
C    0.585584624645    0.584379220772    0.748239921211
C    0.333335364519    0.666623214115    0.000153115379
C    0.416829314621    0.749918684707    0.083452247787
C    0.333452269196    0.833178577575    0.166795342168
C    0.416848741230    0.916282835063    0.250166239239
C    0.500080263546    0.666377748138    0.166831647029
C    0.583657165897    0.748986671314    0.251076874024
C    0.500131540403    0.833260304452    0.000130820520
C    0.583391716486    0.916431056580    0.083556803052
C    0.333467906706    0.666385859110    0.333379265181
C    0.417705334072    0.749010357028    0.416962598830
C    0.333813017944    0.832891429155    0.500150068681
C    0.416657965511    0.916762993189    0.583404672012
C    0.501656134440    0.664907402770    0.500724297288
C    0.585584780322    0.748239828183    0.584379896616
C    0.500414898597    0.832745526491    0.333736890457
C    0.583798251916    0.916002693559    0.417133995576
C    0.333635543475    0.666612259915    0.666613242014
C    0.416921366307    0.749976583084    0.749976684666
C    0.333472380881    0.833362761315    0.833363427243
C    0.416866020200    0.916647670916    0.916647508091
C    0.499735340245    0.666591900267    0.833736276872
C    0.583555141975    0.750063451078    0.916717511127
C    0.499735647413    0.833736289703    0.666592166895
C    0.583555406232    0.916717430308    0.750063517100
C    0.666810788514    0.000252955679    0.000253028294
C    0.749975230840    0.083344440328    0.083344431217
C    0.666561671933    0.166345721328    0.166346056234
C    0.749638522100    0.249426451231    0.249426292635
C    0.833282158362    0.000123282502    0.166696646206
C    0.916594771769    0.083437443630    0.250154071570
C    0.833282337556    0.166697001244    0.000123515464
C    0.916594668204    0.250154199709    0.083437697186
C    0.666717005300   -0.000269794891    0.333441498797
C    0.749960775288    0.083236345622    0.416764246949
C    0.666548173248    0.166600698547    0.499864222306
C    0.749870162368    0.250543132294    0.583179129092
C    0.833330688561    0.000007796024    0.500144497083
C    0.916553142909    0.083547795799    0.583384249998
C    0.833036592412    0.166826535162    0.333396419818
C    0.915660992322    0.251072171932    0.416980923322
C    0.666825181264    0.000022604480    0.666664387167
C    0.750069781532    0.083563108802    0.749872378931
C    0.666846004623    0.167185106063    0.832869001962
C    0.750101122296    0.250041687500    0.916690482422
C    0.833412725075    0.000227028761    0.833422202080
C    0.916731181179    0.083489277072    0.916725856169
C    0.833265219097    0.167017567479    0.666600909521
C    0.916646105568    0.250310548760    0.749939600195
C    0.666716904680    0.333441602362   -0.000269525319
C    0.749961355386    0.416764274818    0.083236501666
C    0.666547970646    0.499864526884    0.166600298122
C    0.749869417024    0.583178134405    0.250542640069
C    0.833036522582    0.333396588024    0.166826036008
C    0.915661156965    0.416981805239    0.251072414348
C    0.833330810528    0.500144795546    0.000007918979
C    0.916553165693    0.583384829355    0.083547922458
C    0.666138220328    0.331979891778    0.331980188009
C    0.745720808070    0.416837716431    0.416837911591
C    0.831570460048    0.335127994812    0.500771198671
C    0.914905910860    0.419099643705    0.584429752900
C    0.831570375348    0.500770999680    0.335127743610
C    0.914905725306    0.584430826866    0.419099504342
C    0.667440861542    0.335123752613    0.664862288072
C    0.751146159309    0.419220417888    0.747978024475
C    0.667327735782    0.500646002999    0.832494734191
C    0.750216592096    0.583537464232    0.916287703343
C    0.833249880097    0.333195188254    0.833605848522
C    0.916743233248    0.416926929574    0.916670984067
C    0.839578448523    0.496945816593    0.672521776486
C    0.916244967199    0.582863442602    0.749444851365
C    0.666824985983    0.666664380120    0.000022510716
C    0.750071539556    0.749873519812    0.083559794716
C    0.666845020421    0.832870971845    0.167185327041
C    0.750100628328    0.916690491406    0.250041909296
C    0.833265695935    0.666600542752    0.167017731327
C    0.916646189101    0.749939834583    0.250310665196
C    0.833412374206    0.833421853806    0.000226354101
C    0.916729992317    0.916725876895    0.083489975016
C    0.667440617100    0.664862407912    0.335124036859
C    0.751146917169    0.747978404189    0.419220376835
C    0.667328158973    0.832495171418    0.500645555372
C    0.750216562911    0.916287614920    0.583537605864
C    0.839577558336    0.672521334547    0.496947327493
C    0.916245121880    0.749445010990    0.582862396862
C    0.833249713064    0.833605874111    0.333195048330
C    0.916742948270    0.916670737420    0.416926592569
C    0.662789008524    0.673118938141    0.673118292215
C    0.749548030232    0.749470832470    0.749470382947
C    0.667104462850    0.834357486435    0.834357383533
C    0.750048786245    0.917218311448    0.917217766718
C    0.833345798733    0.666650408901    0.833166032847
C    0.916602322154    0.749922427477    0.916618471367
C    0.833345889574    0.833166084535    0.666650085801
C    0.916602692475    0.916618125550    0.749922549164
N    0.658125710999    0.491724400208    0.491725192191
