&CONTROL
calculation = 'scf'
verbosity = 'high'
tprnfor=.TRUE.
tstress=.TRUE.
wf_collect = .true.
prefix='pwscf'
outdir = './'
pseudo_dir='/home/jinyuchem/program/QE/pseudo-potential'
/
&SYSTEM
ibrav = 0
ecutwfc = 85
tot_charge = -1
nspin = 2
tot_magnetization = 2.0
nbnd = 800
nat = 215
ntyp = 2
/
&ELECTRONS
conv_thr = 1D-10
diago_full_acc=.true.
/
K_POINTS gamma
CELL_PARAMETERS angstrom
10.70400  0.000000  0.000000
0.000000  10.70400  0.000000
0.000000  0.000000  10.70400
ATOMIC_SPECIES
C  12.01099968  C_ONCV_PBE-1.0.upf
N  14.00699997  N_ONCV_PBE-1.0.upf
ATOMIC_POSITIONS crystal
C    0.000047444024    0.000082450041   -0.000003213041
C    0.083295695798    0.083430173631    0.083401317076
C   -0.000157618342    0.166864078134    0.166856137560
C    0.082868032979    0.250279742075    0.250294348807
C    0.166661573724    0.000007724856    0.166716208648
C    0.249865491136    0.083248043875    0.250066074853
C    0.166611887825    0.166722144891   -0.000030702877
C    0.249825639444    0.250007855857    0.083256911396
C   -0.000008649151    0.000359617221    0.333412811785
C    0.083113601194    0.083735161270    0.416779269371
C   -0.000569987387    0.167338246893    0.500260100551
C    0.082957035620    0.250362698223    0.583588068976
C    0.166996521157    0.000317366832    0.500151239326
C    0.250060354794    0.083382882359    0.583330610605
C    0.166316632117    0.166823456893    0.333448312873
C    0.249467275815    0.250046777305    0.416700962664
C    0.000098707293    0.000250561793    0.666739570238
C    0.083377456015    0.083495957379    0.750063457062
C   -0.000010161901    0.166794305322    0.833394921964
C    0.083294089599    0.250160641905    0.916683715529
C    0.166754094081    0.000004603473    0.833294082192
C    0.250050600413    0.083358032369    0.916590069878
C    0.166670331982    0.166833501481    0.666657563502
C    0.250092901645    0.250223380070    0.749906225225
C   -0.000061697091    0.333400651378    0.000295940035
C    0.083142293097    0.416700963353    0.083613583482
C   -0.000387539354    0.500182956024    0.167120490570
C    0.083480254573    0.583547766628    0.249849708335
C    0.166308203471    0.333395947167    0.166817988690
C    0.249478311824    0.416607174436    0.250076048326
C    0.166949116490    0.500130718637    0.000259205831
C    0.250037553284    0.583300973326    0.083352240973
C   -0.000782450951    0.333869786931    0.333851661109
C    0.082190057795    0.417351158443    0.417352259177
C   -0.001752196490    0.501117049040    0.500865077830
C    0.082416924245    0.583634652838    0.583599056632
C    0.166078581554    0.333693149407    0.500191969074
C    0.249797168348    0.416881658880    0.583343630060
C    0.166190980262    0.500146595709    0.333641343877
C    0.249871857888    0.583300032523    0.416898047207
C   -0.000432030012    0.333593168717    0.666804429151
C    0.083056109040    0.417030115497    0.750200883598
C    0.000729328712    0.500481310580    0.834653489706
C    0.083848337987    0.583333749887    0.917322223178
C    0.166664109531    0.333505064668    0.833234785588
C    0.250229198939    0.416721876571    0.916351851139
C    0.166384003876    0.500211645960    0.666672096879
C    0.250191198344    0.583375501758    0.749786611753
C    0.000239647750    0.666801241475    0.000361622666
C    0.083550190485    0.750116667724    0.083453981572
C    0.000165472897    0.833535555560    0.166628257719
C    0.083406366442    0.916767825135    0.250147416588
C    0.166943633061    0.666652892414    0.166657447402
C    0.250241425018    0.749921775127    0.250210795643
C    0.166792955196    0.833338726482   -0.000041419515
C    0.250087271389    0.916610540698    0.083365640441
C    0.000465395584    0.666748697117    0.332562895946
C    0.083412434038    0.750198685502    0.416763950526
C    0.000972022983    0.834599326202    0.500297893850
C    0.083906016481    0.917308029209    0.583301534613
C    0.166490124766    0.666684332022    0.500195730426
C    0.250277711566    0.749753712289    0.583422573363
C    0.166878213705    0.833306599615    0.333465303083
C    0.250377404874    0.916384350595    0.416789777989
C   -0.001143059376    0.666427834434    0.666520503753
C    0.082846453988    0.749780850454    0.749781489760
C   -0.000049737870    0.833329274973    0.833375110289
C    0.083396086374    0.916677524446    0.916625160430
C    0.166719987205    0.666669696050    0.833280316569
C    0.250129216312    0.749989921296    0.916556859961
C    0.166764572052    0.833285089367    0.666673674052
C    0.250167645193    0.916547567346    0.750000229987
C    0.333391995778   -0.000090740045   -0.000080410485
C    0.416614120895    0.083169282242    0.083216945357
C    0.333120591361    0.166502097116    0.166548183452
C    0.416255827551    0.249698702349    0.249807425868
C    0.499975630943   -0.000345016690    0.166709101073
C    0.583130877040    0.082937788518    0.249928517032
C    0.499941979685    0.166607545968   -0.000326434524
C    0.583081518937    0.249753821308    0.083052039784
C    0.333387983470   -0.000330079997    0.333415161136
C    0.416539368663    0.082913960411    0.416651875575
C    0.332997994176    0.166442905898    0.499941081052
C    0.416222008560    0.249574956662    0.582988474518
C    0.500164175828   -0.000397461755    0.500073991955
C    0.583408623325    0.083168660730    0.583315418463
C    0.499596632370    0.166081885863    0.333073612689
C    0.582792864736    0.249173748188    0.416092056546
C    0.333496147246   -0.000108715970    0.666601714029
C    0.416825879556    0.083332444787    0.749896067353
C    0.333411716800    0.166737757306    0.833143757539
C    0.416763233409    0.250112573738    0.916256103926
C    0.500159814920   -0.000066342926    0.833181953214
C    0.583309529592    0.083441113802    0.916380827016
C    0.500046738886    0.166767850209    0.666396907902
C    0.583536351942    0.250959856128    0.749060343629
C    0.333278681821    0.333329818316   -0.000318300980
C    0.416390994565    0.416510087030    0.083040788107
C    0.332884100644    0.499859980149    0.166442867329
C    0.416093454672    0.582940976350    0.249466281052
C    0.499518112088    0.332924504517    0.166129031570
C    0.582708611887    0.416025199087    0.249061871760
C    0.499912987944    0.499911131338   -0.000091647740
C    0.583283036334    0.583244233271    0.083282944268
C    0.332701108113    0.333079282601    0.333151604476
C    0.415953321246    0.416192757238    0.416176152729
C    0.333356105948    0.499903655418    0.499967907303
C    0.417622830972    0.583115529363    0.583240917311
C    0.498970229391    0.332191427583    0.499481345037
C    0.584175162216    0.417111001331    0.579316216100
C    0.498781884875    0.499450474026    0.331891305967
C    0.583872859749    0.579308382351    0.416411164280
C    0.333522252797    0.333511558239    0.666366023022
C    0.417920284011    0.416993546953    0.748939051429
C    0.333892349880    0.500165765834    0.832789425014
C    0.416720625821    0.583400660424    0.916724272252
C    0.500369087690    0.333685336971    0.832819811591
C    0.583597625631    0.416933119630    0.916460389306
C    0.502297871409    0.500881676407    0.665095057812
C    0.586212236955    0.584253871081    0.748866869519
C    0.333313289701    0.666541174787    0.000053154170
C    0.416748026125    0.749901370414    0.083386676866
C    0.333475789769    0.833161472471    0.166793233286
C    0.416848366974    0.916229584454    0.250210147833
C    0.499944152655    0.666378395873    0.166739323647
C    0.583509555089    0.749078924872    0.250758764578
C    0.500107175317    0.833201982848    0.000083093828
C    0.583299214994    0.916444455126    0.083465940817
C    0.333581401375    0.666315973870    0.333541317705
C    0.418013008190    0.748835593297    0.417087863238
C    0.334058407089    0.832684728538    0.500251856164
C    0.417132921856    0.916245084503    0.583515131865
C    0.502374127887    0.664730896138    0.500838030121
C    0.587209617928    0.747059676874    0.584419301974
C    0.500462546503    0.832685636598    0.333758929514
C    0.583808365698    0.915990478751    0.417143408986
C    0.333878853893    0.666493333165    0.666568075605
C    0.417350906398    0.749684150782    0.749964082542
C    0.333625491134    0.833183918164    0.833219550886
C    0.416839196433    0.916544903511    0.916572351676
C    0.500162793449    0.666280956347    0.833752678162
C    0.583605277481    0.750006848974    0.916801932267
C    0.500726410897    0.832878036673    0.666570704476
C    0.583784394678    0.916416589409    0.750104552684
C    0.666776149838    0.000224456262    0.000211671903
C    0.749936086706    0.083339336546    0.083328858294
C    0.666443241897    0.166216577264    0.166328829667
C    0.749557824711    0.249317603245    0.249337244835
C    0.833256322478    0.000437595831    0.166475571475
C    0.916591378928    0.083628146619    0.250133412737
C    0.833200610817    0.166470814127    0.000324519007
C    0.916580836307    0.250068958827    0.083534041526
C    0.666649734669   -0.000171314044    0.333391543217
C    0.749895208731    0.083317537559    0.416773618425
C    0.666462137895    0.166580787476    0.499922059422
C    0.749736556845    0.250535126446    0.583321219757
C    0.833335393590    0.000097657075    0.500125983766
C    0.916501821970    0.083639791836    0.583441848753
C    0.832962772575    0.166885454146    0.333438828637
C    0.915520437350    0.251145045311    0.417060530756
C    0.666824881880   -0.000113279444    0.666642450565
C    0.750014051796    0.083468845317    0.749898606988
C    0.666753738007    0.167008219103    0.832971605613
C    0.750024390738    0.249542044685    0.917245844031
C    0.833396463248    0.000163057796    0.833421020062
C    0.916707377938    0.083420281701    0.916728067845
C    0.833209352449    0.166980772963    0.666690395609
C    0.916401067543    0.250214881881    0.750293138749
C    0.666531370427    0.333194347727    0.000021302291
C    0.749866650152    0.416633499084    0.083357638120
C    0.666415925711    0.499813434687    0.166473714482
C    0.749816031634    0.583275027495    0.250115841886
C    0.832993720704    0.333307031989    0.166797886590
C    0.915641970018    0.416937890443    0.250851545950
C    0.833306103115    0.500072621953    0.000269909991
C    0.916614059457    0.583414055476    0.083586161114
C    0.666086403713    0.331814967292    0.331703464759
C    0.745967299591    0.416506667777    0.416108990782
C    0.831332359564    0.335095868974    0.500759041878
C    0.913472876308    0.419586332373    0.584615615983
C    0.831631923747    0.500722950941    0.334408515588
C    0.915024397650    0.584647767196    0.417630713718
C    0.667512512396    0.334943508918    0.665393579137
C    0.750951787078    0.417593581488    0.750416536939
C    0.666996088683    0.500077440091    0.833448641303
C    0.750144762728    0.583441854624    0.916815508019
C    0.832891551986    0.332468563309    0.834647180492
C    0.916671888810    0.416672953770    0.917157532019
C    0.837070765838    0.496119245880    0.675539078566
C    0.915578597389    0.582841210143    0.750597659950
C    0.666755113755    0.666627080523    0.000164406441
C    0.750033087774    0.749980250860    0.083500219932
C    0.666762518575    0.833051240843    0.166955329831
C    0.750098344326    0.917290794583    0.249439498156
C    0.833332154129    0.666740307880    0.166751034693
C    0.916731043827    0.750344033667    0.249745037653
C    0.833462519588    0.833568291382    0.000317422230
C    0.916771301738    0.916892530583    0.083415704943
C    0.667433660177    0.665328457756    0.334332198629
C    0.751150504249    0.750160544542    0.416635718152
C    0.667517310679    0.832512385821    0.500345256941
C    0.750241736489    0.916280596184    0.583502633937
C    0.840390242290    0.676287307081    0.491925906623
C    0.915948812678    0.750122815903    0.582585546907
C    0.833125667175    0.834670526320    0.332001208114
C    0.916768268607    0.917128377457    0.416585860135
C    0.666977776918    0.669651126996    0.672219840131
C    0.749762586165    0.749383721648    0.750228339890
C    0.667332207120    0.834115153448    0.834411460241
C    0.750031830279    0.917194830307    0.917264638689
C    0.833529865303    0.666954304723    0.833996043480
C    0.916680618643    0.750014496446    0.916998037268
C    0.833267045910    0.833090708891    0.666783229786
C    0.916563306902    0.916587701693    0.749898506865
N    0.659673729357    0.492080029869    0.491153827979
