&CONTROL
calculation = 'scf'
verbosity = 'high'
tprnfor=.TRUE.
tstress=.TRUE.
wf_collect = .true.
prefix='pwscf'
outdir = './'
pseudo_dir='/home/jinyuchem/program/QE/pseudo-potential'
/
&SYSTEM
ibrav = 0
ecutwfc = 85
nspin = 2
tot_magnetization = 2.0
nbnd = 448
nat = 215
ntyp = 2
/
&ELECTRONS
conv_thr = 1D-10
diago_full_acc=.true.
/
K_POINTS gamma
CELL_PARAMETERS angstrom
10.70400  0.000000  0.000000
0.000000  10.70400  0.000000
0.000000  0.000000  10.70400
ATOMIC_SPECIES
C  12.01099968  C_ONCV_PBE-1.0.upf
Si 28.0855      Si_ONCV_PBE-1.1.upf
ATOMIC_POSITIONS crystal
C   -0.000369152550   -0.000713417319   -0.000699505844
C    0.083210122554    0.082856034582    0.082858501870
C    0.000354960601    0.166207919878    0.166349377674
C    0.084183286537    0.249575885084    0.249608828564
C    0.166673316129    0.000001080154    0.166306811399
C    0.250309588023    0.083595184339    0.249856496602
C    0.166728344833    0.166165824993    0.000053849466
C    0.250284619656    0.249815562023    0.083557938008
C    0.000086615737   -0.000232421053    0.332726560365
C    0.083750436942    0.082819132875    0.416160288316
C    0.000804601669    0.165452114167    0.499641623668
C    0.084245489887    0.248701181977    0.583062797955
C    0.166358842761   -0.000280102059    0.499626917116
C    0.249914058844    0.083233457795    0.583264160180
C    0.167387408398    0.166586601494    0.333190928657
C    0.250909770396    0.250165754792    0.416811318295
C   -0.000922739541   -0.001285491526    0.666017299226
C    0.082737122277    0.082188364729    0.749622918249
C   -0.000097624754    0.165363351238    0.833238487889
C    0.083187796393    0.249169846071    0.916514835726
C    0.165951301147   -0.000669829135    0.833047366730
C    0.249560458066    0.082892712098    0.916591278117
C    0.166716042272    0.165658228350    0.666779940862
C    0.249674792364    0.249213720469    0.750242322539
C    0.000484006448    0.332423830392    0.000063347923
C    0.084052130436    0.416237736543    0.082660830558
C    0.001369350262    0.499586616928    0.164959915286
C    0.084607174129    0.583316035784    0.248239939025
C    0.167423506028    0.333060812257    0.166650004572
C    0.250791891275    0.416717637546    0.250196046403
C    0.166542276422    0.499438976856   -0.000139954601
C    0.249709363944    0.583442966153    0.083066818562
C    0.001227574273    0.332777766456    0.332469488747
C    0.084178417341    0.416114815888    0.416055076338
C    0.001050940685    0.499643407654    0.498930489372
C    0.083057667711    0.582627650647    0.582527980115
C    0.167271188925    0.332894025087    0.499895132267
C    0.249912603082    0.416325912278    0.583520610591
C    0.167300391427    0.499936970081    0.332741620412
C    0.249832227122    0.583412613011    0.416397297587
C    0.001980328781    0.331158986566    0.667266883602
C    0.083533044591    0.415732029431    0.749936254041
C    0.000230685543    0.498415290568    0.833568340996
C    0.082740080099    0.582769180143    0.916103309410
C    0.166780429615    0.332434914587    0.833847472580
C    0.249399107587    0.416261932946    0.917388925973
C    0.166444688599    0.499510009616    0.666537912955
C    0.248994874148    0.582981410672    0.750186665005
C   -0.000660085094    0.666167609561   -0.001131286362
C    0.082851482090    0.749793998228    0.082224460779
C   -0.000113000411    0.833253968818    0.165451478605
C    0.083164853816    0.916638009847    0.249174781292
C    0.166872855861    0.666640843562    0.165554552276
C    0.249485383313    0.750476219550    0.249082106860
C    0.165970516848    0.833078901820   -0.000634480350
C    0.249503087181    0.916721358539    0.082844443029
C    0.002255562185    0.666577451946    0.330585444649
C    0.083479357178    0.749890789302    0.415461212482
C   -0.000923454964    0.832047305136    0.498881142444
C    0.082362098800    0.915756893803    0.582542153948
C    0.166363484805    0.666608148251    0.499407012410
C    0.249023289483    0.750032855469    0.583023202164
C    0.166587689797    0.833713366942    0.332670450584
C    0.249554126307    0.917290107098    0.416120969039
C   -0.001636845628    0.664804239471    0.664932178239
C    0.081738083577    0.748893021494    0.748910992009
C   -0.001189236389    0.832225471148    0.832191686750
C    0.082441763419    0.915924187016    0.915829634494
C    0.165517569620    0.666198969134    0.832748954897
C    0.248860739788    0.749833529018    0.916276670471
C    0.165417413253    0.832785627296    0.666123534624
C    0.248903049065    0.916336795470    0.749715338405
C    0.333021651137    0.000037712103    0.000041372553
C    0.416607910253    0.083640801125    0.083630404900
C    0.333845767979    0.167027006205    0.167124843148
C    0.417516575613    0.250762118442    0.250798892669
C    0.500005799358    0.000796563640    0.166870036337
C    0.583637396958    0.084279526619    0.250544901389
C    0.499951127441    0.166678311351    0.000706907193
C    0.583560241960    0.250233863991    0.084220499121
C    0.333538609685    0.000792718409    0.333296313917
C    0.417229579369    0.084285425020    0.416929003047
C    0.333961309027    0.167236020592    0.500413957143
C    0.417237154462    0.250950665781    0.584095782593
C    0.499875214688    0.000388649302    0.500088795541
C    0.583301787631    0.083573443717    0.583418823194
C    0.501052254258    0.168309333236    0.334352125860
C    0.585017729802    0.252817877233    0.418308710974
C    0.332500783238    0.000108930105    0.666728634795
C    0.416147086377    0.083147626323    0.750168663000
C    0.333073282227    0.166264138055    0.833738658454
C    0.416360717268    0.249654749718    0.917502433203
C    0.499424999417   -0.000153917977    0.833451902442
C    0.582872505504    0.082892511500    0.917083450591
C    0.499897464948    0.166621872104    0.667189313559
C    0.582843025764    0.248735879297    0.751574234601
C    0.333415824343    0.333106033690    0.000741640879
C    0.416947052911    0.416753708162    0.084116754643
C    0.333529483051    0.500139662638    0.166836706044
C    0.416044975738    0.584525593508    0.249379034769
C    0.500801982127    0.334113092168    0.167916551908
C    0.584764389452    0.418176905809    0.251327675934
C    0.499471245015    0.499977271840    0.000660983167
C    0.583114677025    0.583406403082    0.083221378213
C    0.334599722994    0.334087059134    0.334068009283
C    0.417966075732    0.418193088063    0.418059958900
C    0.333233858486    0.500332852436    0.500433541450
C    0.415256378003    0.583321345521    0.584032409667
C    0.502696650426    0.336819942022    0.502365738211
C    0.581458703832    0.418778416498    0.592264672074
C    0.501953502171    0.501651296885    0.335289108535
C    0.577768050704    0.593598421545    0.411148201833
C    0.332800881955    0.333067600560    0.667496861992
C    0.414039135592    0.416384932816    0.752382810257
C    0.331684664535    0.499621171253    0.834718595552
C    0.414920085226    0.583349188496    0.917998458793
C    0.499173012491    0.332852537445    0.834499609918
C    0.582736235697    0.416174942305    0.917479080960
C    0.496339964486    0.499077985445    0.671128238591
C    0.578456583918    0.583975907153    0.753278492570
C    0.332208293461    0.666658633917    0.000272606269
C    0.415759981960    0.750477603696    0.082860015696
C    0.333054202638    0.833745349145    0.166394507446
C    0.416347233328    0.917598815190    0.249677435044
C    0.499683694658    0.667197291130    0.166104875468
C    0.582325056178    0.751780393588    0.247674924628
C    0.499355818181    0.833712720726   -0.000040588759
C    0.582807118872    0.917283210154    0.082899806112
C    0.332738940901    0.667196737447    0.333000694864
C    0.414305383457    0.751791442713    0.415677558271
C    0.332035355519    0.834242837082    0.499857664365
C    0.415470548091    0.917492608833    0.583278818965
C    0.497338029551    0.668735864503    0.500038787572
C    0.579956637395    0.751082311737    0.583802739225
C    0.499394017725    0.834139396354    0.332756306553
C    0.583043273203    0.916830111272    0.416409341812
C    0.332120697412    0.666820366263    0.666880396767
C    0.415069878389    0.750160395316    0.750469103795
C    0.332090559783    0.833331378975    0.833304122519
C    0.415877573930    0.916688327372    0.916550631526
C    0.497197846300    0.666631768891    0.835612940467
C    0.582105818146    0.749890197542    0.916841737132
C    0.497992340783    0.834279800079    0.666797822108
C    0.582396792918    0.916381785747    0.749727327756
C    0.666294134710   -0.000261472027   -0.000298841916
C    0.749921156989    0.083205556444    0.083238581441
C    0.667127114561    0.167230886599    0.167259790260
C    0.750812070593    0.250916167159    0.250537508395
C    0.833339150776    0.000027412661    0.165839075668
C    0.916798475359    0.083066391693    0.249451655662
C    0.833410167061    0.165651047260    0.000028020562
C    0.916873963007    0.249203185295    0.082960250947
C    0.666748544423    0.000347758376    0.333222794365
C    0.750093074621    0.083534141153    0.416633219969
C    0.667067764858    0.167443687788    0.500381192816
C    0.750075312278    0.250484853263    0.583343391719
C    0.832959522487   -0.000639735603    0.499496759067
C    0.916388757110    0.082550349327    0.582820531421
C    0.833879854330    0.166558917229    0.333212207034
C    0.918301672803    0.248676120567    0.416153114636
C    0.666157820296   -0.000603135194    0.666291045291
C    0.749491653297    0.082582794261    0.749703083896
C    0.666322796869    0.165512259510    0.834103883817
C    0.749729972779    0.248737830049    0.917556111270
C    0.832645172919   -0.001282779015    0.832424429615
C    0.916245305828    0.082181827161    0.916070554374
C    0.833209788998    0.166096917365    0.666507257294
C    0.916857886734    0.248799394130    0.750160474676
C    0.666596335366    0.332974860781    0.000580971952
C    0.750194643904    0.416373445801    0.083250332021
C    0.667140395962    0.500337082731    0.166637602226
C    0.750748460734    0.583282447419    0.248654908331
C    0.834184329931    0.333062582473    0.166103000967
C    0.919105155928    0.416329806272    0.247349410375
C    0.833151596459    0.499505993045   -0.000284154010
C    0.916790269118    0.582934735069    0.082298118633
C    0.669086392247    0.336764688732    0.335991033142
C    0.758962458896    0.418758794720    0.414836344884
C    0.836359551313    0.331898104060    0.499174699898
C    0.918977536685    0.414245413316    0.582938646334
C    0.837862445664    0.499007808003    0.329703069441
C    0.919978062026    0.583908330227    0.411855979112
C    0.665899454831    0.331924487802    0.669614223369
C    0.749584943880    0.414260492777    0.752262339579
C    0.665543743384    0.499674693174    0.834310730054
C    0.749156564566    0.582617090288    0.916316494633
C    0.833940755639    0.331158469748    0.835267700054
C    0.916575751306    0.415721311275    0.916821920233
C    0.838556315192    0.489396469349    0.671843347100
C    0.914370010035    0.581349035779    0.747700967082
C    0.666062723508    0.666553612201   -0.000314177133
C    0.749650598433    0.749944938720    0.082370252704
C    0.666509566205    0.834192441196    0.165377379672
C    0.749915629907    0.917417075267    0.248826612581
C    0.833525712755    0.666751505138    0.165475715307
C    0.917091158230    0.750077265256    0.248457763367
C    0.832716211785    0.832722617114   -0.001222489547
C    0.916293609546    0.916249665831    0.082261128582
C    0.666719935701    0.668712016205    0.330709138481
C    0.750405312892    0.751049471482    0.413358861498
C    0.666212682884    0.832477751402    0.499606378729
C    0.749227319656    0.915533878240    0.582575965161
C    0.834875449636    0.664225000700    0.490731455208
C    0.913635792435    0.746191149977    0.580632216352
C    0.833430120359    0.834209540982    0.331375928979
C    0.916367938892    0.916317196031    0.415744650213
C    0.657371016164    0.664243927627    0.668159067015
C    0.747250652122    0.746244025505    0.747010571241
C    0.665507350761    0.832080473156    0.832447958563
C    0.749167812832    0.915759954990    0.915732725339
C    0.831564153657    0.664820415323    0.831674022894
C    0.915518035927    0.748869052895    0.915092509974
C    0.831308891046    0.830191958785    0.664682884388
C    0.915270490787    0.914698197641    0.748634919227
Si    0.708172203152    0.541507934858    0.541505235845
