&CONTROL
calculation = 'scf'
verbosity = 'high'
tprnfor=.TRUE.
tstress=.TRUE.
wf_collect = .true.
prefix='pwscf'
outdir = './'
pseudo_dir='/home/jinyuchem/program/QE/pseudo-potential'
/
&SYSTEM
ibrav = 0
ecutwfc = 85
tot_charge = -1
nspin = 2
tot_magnetization = 2.0
nbnd = 800
nat = 215
ntyp = 2
/
&ELECTRONS
conv_thr = 1D-10
diago_full_acc=.true.
/
K_POINTS gamma
CELL_PARAMETERS angstrom
10.70400  0.000000  0.000000
0.000000  10.70400  0.000000
0.000000  0.000000  10.70400
ATOMIC_SPECIES
C  12.01099968  C_ONCV_PBE-1.0.upf
N  14.00699997  N_ONCV_PBE-1.0.upf
ATOMIC_POSITIONS crystal
C    0.000025174455   -0.000016690290    0.000098735867
C    0.083286027099    0.083384802201    0.083422191281
C   -0.000164810693    0.166823044273    0.166833940732
C    0.082883461541    0.250247948652    0.250228108104
C    0.166596783529   -0.000054324662    0.166722670571
C    0.249834557327    0.083234765968    0.249979202288
C    0.166664911943    0.166717017232   -0.000002647627
C    0.249889043256    0.250061919076    0.083221956632
C   -0.000094641267    0.000186280700    0.333422950180
C    0.083123877677    0.083543266682    0.416669944767
C   -0.000344376384    0.167048218012    0.500141586531
C    0.083696836182    0.249668246710    0.583487767559
C    0.166921814186    0.000237807509    0.500120644429
C    0.250022487046    0.083341465950    0.583285733110
C    0.166316568599    0.166759702016    0.333352705379
C    0.249545513915    0.249994187244    0.416537202795
C    0.000226584858    0.000329087111    0.666793281392
C    0.083541791714    0.083436436258    0.750105627459
C    0.000172074396    0.166641115840    0.833504628313
C    0.083412844034    0.250148599050    0.916746051105
C    0.166766724340   -0.000017252316    0.833357256770
C    0.250089748006    0.083384411718    0.916618391637
C    0.167009063233    0.166572895577    0.666618496085
C    0.250258575053    0.250170095379    0.749921522730
C   -0.000022339807    0.333440175349    0.000275372218
C    0.083081920949    0.416779060828    0.083712984968
C   -0.000598434672    0.500250074270    0.167350596567
C    0.082972633251    0.583546246645    0.250379516243
C    0.166326682453    0.333426735763    0.166768137944
C    0.249528797784    0.416667446046    0.249955738140
C    0.166986006713    0.500149768964    0.000319825843
C    0.250052520534    0.583328599612    0.083386831428
C   -0.000709837121    0.333803148221    0.333828655827
C    0.082441069471    0.417239970837    0.417238670271
C   -0.001251691098    0.500604558748    0.500954820531
C    0.082701747531    0.583549796749    0.583600162117
C    0.166346213541    0.333510748685    0.500061921219
C    0.249926331256    0.416829847991    0.583264859966
C    0.166189324679    0.500125098796    0.333584396816
C    0.249823237236    0.583325130867    0.416807901016
C    0.000865463969    0.332339696759    0.666597002703
C    0.083590721404    0.416688602499    0.750146848317
C    0.001111279864    0.500311775179    0.834445823058
C    0.083938179759    0.583304095973    0.917272669405
C    0.166941130786    0.333440004644    0.833310463151
C    0.250378917851    0.416779001214    0.916415531076
C    0.166628995494    0.500159365298    0.666675176049
C    0.250286005446    0.583429431320    0.749800294831
C    0.000030271936    0.666708984394    0.000177408298
C    0.083303042191    0.750033841067    0.083495658493
C   -0.000071550898    0.833311567923    0.166869756267
C    0.083258683877    0.916630432502    0.250165659147
C    0.166630845943    0.666627487341    0.166818213933
C    0.250053993473    0.749902311862    0.250187981312
C    0.166712862077    0.833297821473    0.000045090556
C    0.250040017836    0.916591887638    0.083371864278
C   -0.000375791703    0.666674491575    0.333765308441
C    0.083097761665    0.750148701166    0.417056948817
C    0.000776045087    0.834518921393    0.500566646054
C    0.083859986317    0.917289769636    0.583347964375
C    0.166483067394    0.666656800750    0.500181695324
C    0.250167856728    0.749844039736    0.583363849901
C    0.166646408847    0.833211975785    0.333495729007
C    0.250175510294    0.916369817617    0.416684338277
C   -0.000659121895    0.666654487166    0.666528230356
C    0.083065675007    0.749844450196    0.749843078988
C   -0.000025151387    0.833371598040    0.833308200739
C    0.083368246228    0.916629215141    0.916701309881
C    0.166842912138    0.666709046122    0.833363923623
C    0.250161829798    0.750033654080    0.916636089576
C    0.166782507561    0.833356177959    0.666701877346
C    0.250109540760    0.916647919876    0.750017425837
C    0.333390661513   -0.000054005099   -0.000071385085
C    0.416646930241    0.083235170815    0.083166819451
C    0.333146807517    0.166544940253    0.166479124158
C    0.416314904588    0.249799244222    0.249647806958
C    0.499974326994   -0.000323124721    0.166617169244
C    0.583136950473    0.083037331411    0.249750913370
C    0.500019958019    0.166760270230   -0.000351463251
C    0.583204012986    0.249994781100    0.082878596685
C    0.333285109954   -0.000323530252    0.333306394207
C    0.416418719055    0.083036917550    0.416469109916
C    0.332892430594    0.166381176890    0.499820661355
C    0.416044429522    0.249404973859    0.582917165173
C    0.499904633707   -0.000054397133    0.499898202454
C    0.583302336902    0.083314244474    0.583225573112
C    0.499563824051    0.166125477844    0.332896185710
C    0.582706152924    0.249070271016    0.416039234873
C    0.333233070616    0.000186222332    0.666541215974
C    0.416747502964    0.083461610836    0.749907130176
C    0.333500201148    0.166822723281    0.833166865631
C    0.416894321883    0.250248239975    0.916215957122
C    0.500089865025    0.000186029749    0.833237219760
C    0.583336871829    0.083543606896    0.916455732142
C    0.499967954164    0.166772856246    0.666351735273
C    0.583562568982    0.250824047158    0.749021581695
C    0.333434368528    0.333426729759   -0.000340129431
C    0.416621188289    0.416667773466    0.082863007114
C    0.333049104865    0.499935196373    0.166383230528
C    0.416222816354    0.582985153769    0.249556187801
C    0.499670757854    0.333104397707    0.166059844948
C    0.582822123456    0.416132258608    0.249226213030
C    0.500249669363    0.500125212321   -0.000476208317
C    0.583473809536    0.583325294244    0.083157245290
C    0.332726702754    0.333104063813    0.333004519605
C    0.415892457148    0.416132067342    0.416155805019
C    0.333297460774    0.499938139948    0.499850613066
C    0.417396062252    0.583274749934    0.583100501752
C    0.498634711467    0.331813191655    0.499436294193
C    0.583519579175    0.416301954608    0.579304803444
C    0.498895442688    0.499478976459    0.332228923517
C    0.583938229377    0.579315610263    0.417271472589
C    0.333560974891    0.333483814176    0.666308805787
C    0.417897583303    0.417066182309    0.748853227022
C    0.334016640591    0.500249771540    0.832735003270
C    0.417045151820    0.583545705319    0.916306374083
C    0.500494940800    0.333803392482    0.832623175510
C    0.583904489625    0.417239615088    0.915775653489
C    0.502039173802    0.500798900141    0.664723590472
C    0.586618729399    0.584511976296    0.747061879267
C    0.333483911582    0.666627498829   -0.000035646523
C    0.416854297016    0.749902232748    0.083387066121
C    0.333413020622    0.833145556729    0.166745782799
C    0.416778941440    0.916254302696    0.250110852780
C    0.500109575449    0.666379137177    0.166812964821
C    0.583601409014    0.748996640728    0.251102595311
C    0.500162096946    0.833212297402   -0.000020590906
C    0.583351414955    0.916370498705    0.083508116493
C    0.333479642756    0.666378911632    0.333443182101
C    0.417769299659    0.748996360759    0.416933615994
C    0.333788319526    0.832879300171    0.500129646230
C    0.416477257780    0.916967824943    0.583385736250
C    0.501933623540    0.665227746513    0.500859010561
C    0.585238623644    0.749562238914    0.584283202778
C    0.500367496274    0.832809658849    0.333699715114
C    0.583615459145    0.916424202892    0.416947732598
C    0.333754135319    0.666627912237    0.666525717645
C    0.417098423639    0.750119551593    0.749732567330
C    0.333537182069    0.833311235610    0.833261302225
C    0.416832996729    0.916630250500    0.916590989874
C    0.500432155107    0.666674344235    0.832957639127
C    0.583723413708    0.750148969981    0.916431923496
C    0.499653522913    0.834166533934    0.666272796291
C    0.583476206631    0.916963484454    0.750013435505
C    0.666787694408    0.000238543221    0.000254341003
C    0.749953337914    0.083342613839    0.083355307454
C    0.666488445372    0.166381777647    0.166225554454
C    0.749584956637    0.249405275534    0.249377865955
C    0.833209065852    0.000187665272    0.166565555499
C    0.916575219089    0.083462083956    0.250080426537
C    0.833286513945    0.166573124226    0.000342367823
C    0.916589236749    0.250170149751    0.083592307022
C    0.666565701541   -0.000054385454    0.333237262520
C    0.749892917852    0.083314073628    0.416634656111
C    0.666454282025    0.166481676974    0.499786984290
C    0.749877725277    0.250147584823    0.583210971651
C    0.833301868075    0.000199628252    0.500085094776
C    0.916623469508    0.083543620945    0.583390368659
C    0.833019248506    0.166773090878    0.333301149905
C    0.915688545901    0.250823915286    0.416896041475
C    0.666752019960    0.000199572422    0.666634642260
C    0.750057429209    0.083543859359    0.749956000173
C    0.666808829695    0.167048200669    0.832987929298
C    0.750155306336    0.249667900853    0.917030724913
C    0.833460517035    0.000329336654    0.833559307284
C    0.916773008745    0.083436709214    0.916874863610
C    0.833363265900    0.166768336640    0.666695892368
C    0.916856356399    0.249780923141    0.750189480231
C    0.666728656843    0.333510836908   -0.000320106749
C    0.749931397159    0.416829931697    0.083260675027
C    0.666516516313    0.499938584795    0.166631470158
C    0.749767059169    0.583274274621    0.250730152228
C    0.832975955572    0.333483952315    0.166894639173
C    0.915519964491    0.417065920647    0.251231063450
C    0.833341442691    0.500159518976   -0.000035884502
C    0.916466338825    0.583429401525    0.083621001910
C    0.666102952124    0.331812867665    0.331968142874
C    0.745971484335    0.416301942510    0.416852667877
C    0.831804231101    0.334419774469    0.500749573130
C    0.915875422929    0.417245206051    0.584557297485
C    0.831390522749    0.500798667966    0.335372655322
C    0.913727539812    0.584512707914    0.419951309994
C    0.667415814931    0.334419873531    0.665138129760
C    0.751222945557    0.417243979496    0.749210832736
C    0.667620410297    0.500604389584    0.832083901470
C    0.750266129994    0.583549741637    0.916037139977
C    0.833263665713    0.332339038798    0.834199870519
C    0.916812990326    0.416688143526    0.916925309347
C    0.841515790102    0.492245796838    0.674852216137
C    0.916372314860    0.582605163425    0.749707565719
C    0.666848283407    0.666657526868   -0.000182556354
C    0.750030638305    0.749844920244    0.083501583720
C    0.666797026888    0.832880051584    0.167121068002
C    0.750053600847    0.916968892189    0.249809423670
C    0.833192078298    0.666628752390    0.167088189590
C    0.916399301534    0.750120260023    0.250431479152
C    0.833369458361    0.833356806763    0.000115971979
C    0.916685398558    0.916648965270    0.083442612577
C    0.667525905191    0.665228053558    0.335266990741
C    0.750950717533    0.749562988173    0.418570352030
C    0.666900618486    0.833376620262    0.500233425619
C    0.750132743993    0.916774140940    0.583466122760
C    0.836918424186    0.673809072530    0.498054865762
C    0.915860507249    0.750362387766    0.582958509687
C    0.832939705734    0.834168071374    0.332985318414
C    0.916680182880    0.916963773864    0.416809236906
C    0.664722266821    0.673809807530    0.670253050417
C    0.749625670104    0.750362121308    0.749195050556
C    0.667232990317    0.834518797992    0.834109913899
C    0.750015054432    0.917290414244    0.917193056490
C    0.833193963000    0.666654838575    0.832676421321
C    0.916510118727    0.749844358665    0.916400073475
C    0.833558785455    0.833926393570    0.666892479356
C    0.916671855456    0.916966444467    0.750005407039
N    0.659174793305    0.491224336643    0.492508457258
