&CONTROL
calculation = 'scf'
verbosity = 'high'
tprnfor=.TRUE.
tstress=.TRUE.
wf_collect = .true.
prefix='pwscf'
outdir = './'
pseudo_dir='/home/jinyuchem/program/QE/pseudo-potential'
/
&SYSTEM
ibrav = 0
ecutwfc = 85
tot_charge = -1
nspin = 2
tot_magnetization = 2.0
nbnd = 800
nat = 215
ntyp = 2
/
&ELECTRONS
conv_thr = 1D-10
diago_full_acc=.true.
/
K_POINTS gamma
CELL_PARAMETERS angstrom
10.70400  0.000000  0.000000
0.000000  10.70400  0.000000
0.000000  0.000000  10.70400
ATOMIC_SPECIES
C  12.01099968  C_ONCV_PBE-1.0.upf
N  14.00699997  N_ONCV_PBE-1.0.upf
ATOMIC_POSITIONS crystal
C   -0.000046917023   -0.000004767493    0.000097464106
C    0.083253620211    0.083348910109    0.083383696449
C   -0.000191445606    0.166724808111    0.166734825322
C    0.082928919916    0.250094347786    0.250078415408
C    0.166580037947   -0.000102773706    0.166727227450
C    0.249886476632    0.083159889556    0.249936369683
C    0.166638980047    0.166720096807   -0.000055972297
C    0.249933524190    0.250006225325    0.083150030155
C   -0.000164503049   -0.000108791063    0.333500752152
C    0.083042107864    0.083411108405    0.416629563104
C   -0.000339687097    0.166974864415    0.500070449972
C    0.084008929550    0.249459246256    0.583335926290
C    0.166867472823    0.000214221477    0.500105546858
C    0.249990155104    0.083334437900    0.583263980737
C    0.166343635881    0.166584508749    0.333259205112
C    0.249744057971    0.249723560273    0.416387346070
C    0.000087412921    0.000154919259    0.666729580352
C    0.083397904086    0.083412576654    0.750039705258
C    0.000069650774    0.166793154520    0.833316344857
C    0.083356718342    0.250159631170    0.916622952381
C    0.166656008975    0.000088077137    0.833390375011
C    0.250071147287    0.083435630946    0.916633629149
C    0.167024892236    0.166433945348    0.666522390023
C    0.250212013616    0.250053225643    0.749916199408
C   -0.000101772123    0.333515863736   -0.000031645116
C    0.083005890630    0.416723457171    0.083558329733
C   -0.000560006097    0.500163137424    0.167237051938
C    0.083380392619    0.583384439992    0.250076199903
C    0.166352558225    0.333321542434    0.166592748528
C    0.249729685119    0.416498889082    0.249690605089
C    0.166922871204    0.500130164533    0.000285509048
C    0.250015582107    0.583299538319    0.083373149525
C   -0.000486363724    0.333665726559    0.333688761026
C    0.083219773431    0.416890632623    0.416890456620
C    0.000300275413    0.499973445082    0.500276869239
C    0.083587075595    0.583423000740    0.583466162051
C    0.166748320460    0.333144267638    0.499832804499
C    0.250046171938    0.416607853856    0.583186318436
C    0.166612856098    0.499886602260    0.333208045127
C    0.249956915969    0.583237916317    0.416589556065
C    0.001489794454    0.332354536922    0.666167211975
C    0.083900540073    0.416637194863    0.749985762210
C    0.001378720487    0.500481876951    0.834003389183
C    0.084001895892    0.583333132151    0.917168005158
C    0.166992567482    0.333390041540    0.833276633100
C    0.250285012520    0.416698427312    0.916489465766
C    0.166990808597    0.500058451245    0.666636590802
C    0.250257946563    0.583417467142    0.749964189587
C   -0.000082858208    0.666655269176    0.000022592973
C    0.083189874075    0.749975548717    0.083463709985
C   -0.000141574097    0.833148040504    0.166992418795
C    0.083222513450    0.916521486383    0.250175508702
C    0.166695723959    0.666528102937    0.166646717881
C    0.250033922115    0.749897315468    0.250068931843
C    0.166608804385    0.833336794710    0.000143883125
C    0.250027293438    0.916609057014    0.083426357089
C    0.000412471809    0.666234010595    0.333591384638
C    0.083473050323    0.749987751705    0.416956633612
C    0.001087891415    0.834067974181    0.500701984179
C    0.083934195358    0.917183517108    0.583371797631
C    0.166863968004    0.666620665598    0.500077916941
C    0.250155236479    0.750001970835    0.583361166092
C    0.166736368645    0.833189522514    0.333438288842
C    0.250108486228    0.916448672315    0.416616886760
C    0.000841543275    0.667007694840    0.666897177042
C    0.083745693871    0.750038043004    0.750036782230
C    0.000050924025    0.833329359297    0.833274364070
C    0.083281625762    0.916677150758    0.916739994730
C    0.167058358082    0.666813422226    0.833602739625
C    0.250119415251    0.750127941025    0.916915877186
C    0.167005795875    0.833595862534    0.666808357235
C    0.250074055804    0.916926272524    0.750115281154
C    0.333383025059    0.000016065152    0.000002995855
C    0.416745456597    0.083255177987    0.083197214929
C    0.333225093608    0.166500537385    0.166445240934
C    0.416496271662    0.249698072588    0.249567611518
C    0.500093165592   -0.000329134867    0.166721742885
C    0.583338190984    0.082912693412    0.249865479753
C    0.500133052729    0.166845272643   -0.000352618345
C    0.583396424998    0.250077270358    0.082774469402
C    0.333375496957   -0.000348250930    0.333298492824
C    0.416601362849    0.082940157498    0.416445254868
C    0.332995692580    0.166193873986    0.499760946672
C    0.415982408317    0.249291947706    0.582882254332
C    0.500047388950   -0.000147762799    0.499973733917
C    0.583443606889    0.083334003242    0.583219460341
C    0.499755215316    0.166081636874    0.332914825179
C    0.582755484949    0.249174473561    0.416129132633
C    0.333107020234    0.000491793479    0.666589524152
C    0.416797573313    0.083657949075    0.749928171950
C    0.333534391028    0.166876874476    0.833180161173
C    0.416980907502    0.250296538338    0.916196492614
C    0.500071616803    0.000403087285    0.833339105346
C    0.583459927002    0.083765286197    0.916452907763
C    0.500111475456    0.166897562254    0.666286307329
C    0.583746418953    0.251163821352    0.748833141067
C    0.333504988152    0.333401391428   -0.000361186567
C    0.416777248878    0.416616389680    0.082789101057
C    0.333131189608    0.499858260604    0.166195102632
C    0.416136499412    0.582939244981    0.249422539161
C    0.499848168065    0.333095019423    0.166025069179
C    0.582856008389    0.416209934410    0.249308732426
C    0.500347210711    0.500169802631   -0.000514146552
C    0.583592950228    0.583305587430    0.083196498669
C    0.332805319493    0.332908014133    0.332822506624
C    0.415705735207    0.416008284650    0.416028797192
C    0.333118282487    0.499803897746    0.499728151482
C    0.416697886150    0.583291151827    0.583140488766
C    0.498309657168    0.331777671370    0.499413504321
C    0.582635831636    0.416445970945    0.579299020907
C    0.498535871936    0.499450542381    0.332137623112
C    0.582998490161    0.579308414253    0.417285886993
C    0.333458949570    0.333286540279    0.666323801114
C    0.417477825207    0.416932155552    0.748979063292
C    0.333776690148    0.500183644481    0.832962275857
C    0.416496482455    0.583560809400    0.916821503427
C    0.500533314965    0.333888342839    0.832524179061
C    0.584061621314    0.417393416924    0.915428633454
C    0.500952740079    0.500707613694    0.664951327384
C    0.584108290300    0.584687762843    0.748304391177
C    0.333324948802    0.666662049328    0.000298763446
C    0.416890399694    0.749922018029    0.083592741185
C    0.333457984837    0.833158896102    0.166809829081
C    0.416880335773    0.916228308829    0.250177868028
C    0.500234176297    0.666308946541    0.166931722386
C    0.583779695105    0.748811208008    0.251404906362
C    0.500134258078    0.833315989235    0.000223044161
C    0.583472370520    0.916378333829    0.083734180101
C    0.333388050171    0.666383421016    0.333251238708
C    0.417366788196    0.749102834313    0.416817863234
C    0.333578294279    0.833086523116    0.500080464409
C    0.416003085842    0.917395847385    0.583423608861
C    0.500861388785    0.665388698428    0.500759347387
C    0.582911158612    0.750473250668    0.584488420543
C    0.500422440718    0.832685181901    0.333798762611
C    0.583809870959    0.915992518967    0.417139939123
C    0.333371024292    0.666764062175    0.666675737289
C    0.416318015167    0.750409544701    0.750074257364
C    0.333262480862    0.833569542265    0.833527253265
C    0.416812115053    0.916789519650    0.916756061685
C    0.499137736561    0.666795372187    0.833801402479
C    0.583413749799    0.750218596606    0.916738810035
C    0.498461908862    0.834850553185    0.666447608915
C    0.583198842795    0.917201314561    0.750100718239
C    0.666822396410    0.000327201379    0.000341062544
C    0.750004151580    0.083388627684    0.083399273930
C    0.666625095823    0.166466643557    0.166330772616
C    0.749665776266    0.249600945378    0.249577209051
C    0.833270621416   -0.000162573700    0.166863468508
C    0.916560757129    0.083302970329    0.250161193595
C    0.833337590171    0.166870670659   -0.000028081340
C    0.916573191369    0.250239128871    0.083416040141
C    0.666750227951   -0.000418554138    0.333506202219
C    0.749991166196    0.083154979568    0.416737509554
C    0.666601816936    0.166581915337    0.499781820094
C    0.750012463491    0.250536382264    0.583044330507
C    0.833307376914   -0.000132324559    0.500161253029
C    0.916572679491    0.083452885056    0.583337857901
C    0.833074443815    0.166756358634    0.333373822953
C    0.915748142351    0.250941362331    0.416851782141
C    0.666789677361    0.000121303739    0.666670930499
C    0.750118134138    0.083659126661    0.749828104349
C    0.666944948362    0.167371770545    0.832742277777
C    0.750279240378    0.250445389131    0.916194943104
C    0.833407752364    0.000260863665    0.833432752853
C    0.916733445778    0.083504142677    0.916709679077
C    0.833372947240    0.166981972090    0.666527594393
C    0.917016617527    0.250214495269    0.749678766293
C    0.666891621915    0.333744433355   -0.000650272502
C    0.750024724480    0.416907006661    0.083107237526
C    0.666655922712    0.499913511468    0.166710410082
C    0.749917298419    0.583099549394    0.251039530888
C    0.833036874132    0.333532374416    0.166861525749
C    0.915601931565    0.416997823436    0.251293800719
C    0.833341289604    0.500225639957   -0.000338516430
C    0.916436303550    0.583371380405    0.083518354857
C    0.666154176074    0.332229222370    0.332363233911
C    0.745984462883    0.417171275645    0.417648390756
C    0.832133307447    0.334928393684    0.500854782281
C    0.917443925195    0.417392626482    0.584253676113
C    0.831774214614    0.500897435250    0.335753381378
C    0.915582335053    0.584214255124    0.419739101500
C    0.667416710822    0.335111382230    0.664593485981
C    0.751316180582    0.419783653023    0.746445025742
C    0.667585346828    0.501222027375    0.831392527897
C    0.750277618189    0.583654797308    0.915642032902
C    0.833529334069    0.333704576651    0.832727587755
C    0.916886657053    0.417065822568    0.916312190582
C    0.842716714391    0.496118134363    0.669889855808
C    0.917431999295    0.582840480696    0.748742705525
C    0.666873039207    0.666690603276   -0.000212416646
C    0.750095113241    0.749731815505    0.083620378493
C    0.666934290508    0.832648089710    0.167434372041
C    0.750190338035    0.916141669477    0.250567093489
C    0.833224226335    0.666469051406    0.167257665167
C    0.916620022364    0.749618308861    0.250778315496
C    0.833328783297    0.833257162698    0.000074693887
C    0.916657033813    0.916513065287    0.083508886729
C    0.667511982487    0.664671240300    0.335844805250
C    0.751078552358    0.746751973998    0.420933370698
C    0.666960931986    0.832516027324    0.500899602754
C    0.750161688387    0.916283919951    0.583581430574
C    0.838735201505    0.668990115583    0.501150148624
C    0.916988064416    0.749312187760    0.583147283732
C    0.833248468511    0.832699977537    0.334264896798
C    0.916771642363    0.916347068655    0.417170308450
C    0.657754646434    0.676955390540    0.673871083076
C    0.749201578787    0.750199424335    0.749185566128
C    0.666927550419    0.834649385539    0.834293420487
C    0.749962184997    0.917320869450    0.917235592885
C    0.833152007113    0.666376608726    0.832007877683
C    0.916425070494    0.749757167055    0.916097051770
C    0.833468068618    0.833094272038    0.666581227569
C    0.916565343824    0.916589447308    0.749896862464
N    0.657634919216    0.492080609284    0.493192058705
