&CONTROL
calculation = 'scf'
restart_mode = 'from_scratch'
verbosity = 'high'
wf_collect = .true.
pseudo_dir='/home/jinyuchem/program/QE/pseudo-potential'
tprnfor = .true.
/
&SYSTEM
ibrav = 0
ecutwfc = 60
tot_charge = -1
nspin = 2
tot_magnetization = 2.0
nbnd = 456
nat = 215
ntyp = 2
input_dft = 'PBE0'
exx_fraction = 0.18
ecutfock = 120
/
&ELECTRONS
conv_thr = 1D-8
diago_full_acc=.true.
mixing_beta = 0.3
/
K_POINTS gamma
CELL_PARAMETERS angstrom
10.65000  0.000000  0.000000
0.000000  10.65000  0.000000
0.000000  0.000000  10.65000
ATOMIC_SPECIES
C  12.01099968  C_ONCV_PBE-1.0.upf
N  14.00699997  N_ONCV_PBE-1.0.upf
ATOMIC_POSITIONS crystal
C    0.000014286296    0.000044498383    0.000044434745
C    0.083278076830    0.083388262942    0.083388649348
C   -0.000135918629    0.166803242369    0.166804223403
C    0.082961832514    0.250190998070    0.250191863146
C    0.166637241843   -0.000023052859    0.166727939040
C    0.249882128922    0.083243051017    0.250028571176
C    0.166638516108    0.166730223056   -0.000023848773
C    0.249882206795    0.250029236008    0.083240356386
C   -0.000058245958    0.000181279185    0.333419619102
C    0.083117302149    0.083569456730    0.416721161919
C   -0.000433222303    0.167138673391    0.500158768072
C    0.083323930510    0.250023400019    0.583454216705
C    0.166920709301    0.000244950502    0.500130548743
C    0.250017012528    0.083369034561    0.583314926443
C    0.166387334962    0.166752556439    0.333373973089
C    0.249621384162    0.249982887595    0.416614821262
C    0.000106899213    0.000241246988    0.666764745648
C    0.083405410337    0.083468847423    0.750064112111
C    0.000036419982    0.166762447844    0.833394459542
C    0.083313199897    0.250159689915    0.916673724597
C    0.166736801593    0.000028662800    0.833334821154
C    0.250054704000    0.083378341470    0.916624176980
C    0.166803835515    0.166719485918    0.666643647868
C    0.250130479136    0.250177335746    0.749927935399
C   -0.000058228256    0.333421753025    0.000182242864
C    0.083117054901    0.416721202764    0.083568454368
C   -0.000431781085    0.500158140137    0.167137583269
C    0.083323504970    0.583453689760    0.250023945586
C    0.166388122812    0.333373608716    0.166749220242
C    0.249619253107    0.416616664269    0.249982512545
C    0.166921239763    0.500129773418    0.000244508805
C    0.250017252051    0.583314386959    0.083368452881
C   -0.000609276184    0.333735672015    0.333736465291
C    0.082505040999    0.417191310989    0.417188512673
C   -0.001206455020    0.500756279560    0.500754767857
C    0.082744513458    0.583549656393    0.583551412480
C    0.166337308877    0.333521527627    0.500077732837
C    0.249907473360    0.416819959612    0.583300454615
C    0.166338332656    0.500079410400    0.333520592371
C    0.249907435930    0.583299432631    0.416820037967
C    0.000199770130    0.333059902521    0.666638384428
C    0.083289375690    0.416888308463    0.750106326535
C    0.000882130416    0.500412021129    0.834427118406
C    0.083828873952    0.583349173169    0.917231984942
C    0.166773157035    0.333459571200    0.833254397959
C    0.250238500940    0.416747843608    0.916414174818
C    0.166579243043    0.500160080515    0.666670452848
C    0.250212494896    0.583401992101    0.749843039677
C    0.000108290668    0.666767283879    0.000239159084
C    0.083405088053    0.750062266521    0.083469505016
C    0.000035803274    0.833393454659    0.166759841143
C    0.083312553662    0.916673229329    0.250156731039
C    0.166803821798    0.666643828373    0.166717561711
C    0.250129989605    0.749926412492    0.250177465269
C    0.166739560668    0.833335547145    0.000025636236
C    0.250055591237    0.916624985141    0.083376849146
C    0.000200504781    0.666637735862    0.333060096689
C    0.083291288336    0.750104359768    0.416886254590
C    0.000878501975    0.834429980947    0.500411275027
C    0.083826721252    0.917233715695    0.583351671974
C    0.166580473387    0.666670950664    0.500160581548
C    0.250214095706    0.749842138494    0.583401638306
C    0.166772601143    0.833254471923    0.333456660073
C    0.250239744189    0.916412662645    0.416745858533
C   -0.000587069070    0.666592771068    0.666595349053
C    0.083090188428    0.749879922969    0.749880228420
C   -0.000034984157    0.833363163676    0.833364411780
C    0.083355931405    0.916690287737    0.916689126429
C    0.166810116550    0.666721698160    0.833356100948
C    0.250126956835    0.750037641134    0.916657147280
C    0.166811848246    0.833355863501    0.666724484104
C    0.250127467567    0.916657868871    0.750038147783
C    0.333384613318   -0.000049794300   -0.000050785782
C    0.416657093030    0.083218879859    0.083218304439
C    0.333172827551    0.166554446338    0.166551447113
C    0.416387936891    0.249783440935    0.249781761582
C    0.499989215409   -0.000284545312    0.166697681325
C    0.583181533377    0.083011121332    0.249890371741
C    0.499987162737    0.166696990227   -0.000283675750
C    0.583180901563    0.249891291716    0.083010345030
C    0.333343289134   -0.000279664828    0.333369207505
C    0.416539670282    0.083008627053    0.416605611159
C    0.333005426049    0.166431869596    0.499911771727
C    0.416185826226    0.249540401284    0.583009579889
C    0.500042060428   -0.000212121032    0.500032270319
C    0.583363053400    0.083238677577    0.583292930593
C    0.499669543729    0.166170442498    0.333049477523
C    0.582809234931    0.249213550510    0.416132575561
C    0.333332689740    0.000082762651    0.666605135492
C    0.416784411129    0.083413468504    0.749933633570
C    0.333422885816    0.166789955900    0.833183419784
C    0.416805067235    0.250166274280    0.916305563278
C    0.500111736440    0.000068777393    0.833231445540
C    0.583316468979    0.083502916935    0.916451076245
C    0.500022542800    0.166802261608    0.666418067477
C    0.583543553852    0.250942445151    0.749076828894
C    0.333339139653    0.333371517369   -0.000279282270
C    0.416538824265    0.416607834343    0.083009133506
C    0.333006164146    0.499913638949    0.166432473069
C    0.416181244721    0.583011830091    0.249537964311
C    0.499669302630    0.333049664353    0.166169866155
C    0.582809427212    0.416131886741    0.249213124048
C    0.500039907068    0.500029252987   -0.000213156750
C    0.583363695086    0.583292676661    0.083239120395
C    0.332820792540    0.333094814718    0.333099468161
C    0.415987185297    0.416215630119    0.416216889662
C    0.333334086517    0.499928353498    0.499930008354
C    0.417405697134    0.583214362794    0.583215756148
C    0.498837320881    0.332090618386    0.499517050607
C    0.583816361464    0.416880100880    0.579228971244
C    0.498835923430    0.499515436612    0.332091016930
C    0.583813211582    0.579228264275    0.416879584863
C    0.333518491950    0.333469962202    0.666406752826
C    0.417846134366    0.417037850854    0.748976600103
C    0.333869461418    0.500192485199    0.832848476240
C    0.416753828258    0.583473159124    0.916664375557
C    0.500369210442    0.333726372739    0.832802618772
C    0.583690587988    0.417095856976    0.916171156732
C    0.502070421261    0.500882968127    0.664979226890
C    0.586167791035    0.584589696801    0.748119331726
C    0.333332115551    0.666603246365    0.000084530892
C    0.416782542831    0.749932262901    0.083411699359
C    0.333424070119    0.833185637225    0.166788510039
C    0.416808750091    0.916309199697    0.250168023212
C    0.500023601483    0.666418293406    0.166801703300
C    0.583543725002    0.749075246367    0.250941503166
C    0.500112163446    0.833230327145    0.000069489281
C    0.583316361902    0.916451220149    0.083504539526
C    0.333519169562    0.666404985867    0.333468873953
C    0.417844778392    0.748977076937    0.417036504857
C    0.333869524809    0.832849215747    0.500190795834
C    0.416752186841    0.916663839222    0.583474656484
C    0.502070864693    0.664977133883    0.500880288044
C    0.586166825768    0.748119505588    0.584586966518
C    0.500369126215    0.832803323659    0.333727589606
C    0.583691867867    0.916169773309    0.417094881212
C    0.333739735581    0.666600405026    0.666600364730
C    0.417104675927    0.749925103144    0.749924789464
C    0.333520579826    0.833281029437    0.833282138427
C    0.416830186276    0.916618902139    0.916619914971
C    0.500080076654    0.666465924220    0.833507265706
C    0.583574743866    0.750080651213    0.916658808906
C    0.500078866099    0.833507072265    0.666464728683
C    0.583574477856    0.916658608097    0.750080543283
C    0.666779176275    0.000249515676    0.000249814507
C    0.749936071859    0.083342252735    0.083343073839
C    0.666519594870    0.166330085567    0.166329202329
C    0.749626931605    0.249359800263    0.249360773525
C    0.833241343111    0.000230727041    0.166586912385
C    0.916596456564    0.083475701724    0.250110818746
C    0.833241501688    0.166586619183    0.000231008865
C    0.916597481732    0.250109946598    0.083474454087
C    0.666628657220   -0.000155061498    0.333373745494
C    0.749920254436    0.083277587329    0.416734079678
C    0.666500968076    0.166567447370    0.499883899696
C    0.749830919110    0.250381926089    0.583244837779
C    0.833299789878    0.000074797081    0.500125684273
C    0.916562824564    0.083542557811    0.583391981388
C    0.833021933444    0.166799138336    0.333355634031
C    0.915674409046    0.250955695311    0.416941343802
C    0.666772374539    0.000004408682    0.666667766509
C    0.750017612966    0.083499968546    0.749914831769
C    0.666773644792    0.167070995522    0.832953739480
C    0.750043927860    0.249766891201    0.916977239355
C    0.833376918042    0.000217734468    0.833464721959
C    0.916713432679    0.083439486769    0.916762064135
C    0.833257092283    0.166911280349    0.666660782814
C    0.916593445326    0.250107404559    0.750120670748
C    0.666628606711    0.333373218514   -0.000155405827
C    0.749918842240    0.416731885320    0.083277206701
C    0.666502048489    0.499882159480    0.166569628667
C    0.749830486884    0.583242788958    0.250380411730
C    0.833021742916    0.333355175388    0.166800553099
C    0.915673214605    0.416937666193    0.250953603091
C    0.833300458492    0.500124764337    0.000074232937
C    0.916562509843    0.583391094626    0.083540847876
C    0.666155003169    0.331846064574    0.331844847396
C    0.745857979931    0.416499275233    0.416498483584
C    0.831545309116    0.334839892033    0.500668816674
C    0.914703418564    0.418630175991    0.584381635575
C    0.831545768668    0.500669693507    0.334840695433
C    0.914704336728    0.584376189457    0.418631608451
C    0.667426148901    0.334846194858    0.665140199162
C    0.750884883058    0.417979480362    0.749329851836
C    0.667179786631    0.500465282111    0.832755920621
C    0.750164874720    0.583502974116    0.916418594785
C    0.833088125576    0.332684538082    0.834131678227
C    0.916703791994    0.416770266311    0.916890802402
C    0.839300278432    0.495066958187    0.674473414497
C    0.916040548752    0.582941454037    0.750003014997
C    0.666773190444    0.666667950907    0.000005529565
C    0.750020960942    0.749911770749    0.083500849565
C    0.666774014254    0.832955428528    0.167071934152
C    0.750044690462    0.916976589648    0.249766718093
C    0.833257567097    0.666659778588    0.166907739483
C    0.916592972762    0.750119368282    0.250106906536
C    0.833379698349    0.833466219891    0.000220052722
C    0.916712254018    0.916759073324    0.083440132699
C    0.667427298692    0.665140612498    0.334845004137
C    0.750881084294    0.749327136443    0.417979178049
C    0.667176421157    0.832753615222    0.500467982339
C    0.750163789726    0.916418914018    0.583503480267
C    0.839304772170    0.674476711873    0.495058843310
C    0.916039753594    0.750002054240    0.582946170730
C    0.833088939668    0.834130854810    0.332684693534
C    0.916705216368    0.916890650039    0.416771453560
C    0.665665671824    0.671423482680    0.671426911309
C    0.749434340269    0.749689740128    0.749691990807
C    0.667234286310    0.834307155964    0.834307788722
C    0.749973871307    0.917237739314    0.917240787988
C    0.833274598551    0.666849280034    0.833334145792
C    0.916581762414    0.749948373159    0.916715446900
C    0.833274123654    0.833333699355    0.666850419598
C    0.916580440583    0.916716457812    0.749947829936
N    0.659158579883    0.491608499948    0.491604055627
