C    0.000054586303    0.000039953709    0.000038034555
C    0.083299043853    0.083419953966    0.083418296261
C   -0.000154563540    0.166869516116    0.166869340629
C    0.082864086270    0.250301249961    0.250301143270
C    0.166639278096   -0.000006393547    0.166717788026
C    0.249841473682    0.083259420642    0.250040728833
C    0.166638981095    0.166719397223   -0.000007528379
C    0.249841187667    0.250042009293    0.083258919852
C   -0.000027608667    0.000355827517    0.333399520575
C    0.083135980833    0.083687553602    0.416744354939
C   -0.000480382007    0.167238083400    0.500228358040
C    0.083184635225    0.250130310512    0.583581657165
C    0.166978632032    0.000290663614    0.500142315771
C    0.250052355557    0.083367809585    0.583317433515
C    0.166310565357    0.166836941735    0.333430765787
C    0.249454398687    0.250086048414    0.416668609889
C    0.000181151600    0.000320986896    0.666775369385
C    0.083475601953    0.083477366703    0.750095114805
C    0.000085922125    0.166698818747    0.833481026321
C    0.083354332801    0.250153340710    0.916736237195
C    0.166783879938   -0.000027687163    0.833312074385
C    0.250070481733    0.083357199974    0.916598048837
C    0.166802903517    0.166759801069    0.666663316190
C    0.250169862523    0.250228054477    0.749913559994
C   -0.000028154307    0.333399639226    0.000356199982
C    0.083135004630    0.416744753804    0.083688041681
C   -0.000480855495    0.500229328308    0.167238291094
C    0.083185279772    0.583583270060    0.250130286862
C    0.166309853148    0.333431796682    0.166837104084
C    0.249453760697    0.416669012765    0.250086882833
C    0.166978030653    0.500142748764    0.000291222635
C    0.250051811636    0.583318560039    0.083369193357
C   -0.000803152012    0.333873682658    0.333873641025
C    0.082117114394    0.417384452497    0.417384337377
C   -0.001897478731    0.501051987424    0.501052451273
C    0.082333768781    0.583628857126    0.583629408749
C    0.166096370266    0.333701655725    0.500190852315
C    0.249822319216    0.416910388539    0.583329509662
C    0.166095785635    0.500191188951    0.333702461370
C    0.249822485581    0.583329582913    0.416910559014
C   -0.000050034744    0.333086203142    0.666817010267
C    0.083201770363    0.416904367152    0.750215125214
C    0.000823108246    0.500375224544    0.834668796174
C    0.083870215989    0.583315354065    0.917325672509
C    0.166763938180    0.333490074552    0.833272743978
C    0.250310316038    0.416762813192    0.916360936428
C    0.166401688849    0.500213162590    0.666681946081
C    0.250235555023    0.583399841339    0.749755529482
C    0.000180769056    0.666776160848    0.000322157864
C    0.083476143033    0.750096397890    0.083477858330
C    0.000085863877    0.833482054076    0.166697915976
C    0.083355099607    0.916736935914    0.250152548214
C    0.166803472779    0.666664866427    0.166760321242
C    0.250170593574    0.749915069820    0.250228199745
C    0.166783998236    0.833313592010   -0.000028709040
C    0.250071124599    0.916599213684    0.083355978786
C   -0.000048534235    0.666817193270    0.333084851903
C    0.083202234652    0.750214524316    0.416904068872
C    0.000823675733    0.834667667442    0.500375673697
C    0.083870958290    0.917324407251    0.583314870975
C    0.166402274578    0.666681334900    0.500213253675
C    0.250236387919    0.749754757283    0.583399576895
C    0.166764994545    0.833273590553    0.333490348685
C    0.250311241619    0.916360911303    0.416762466344
C   -0.001283548595    0.666440071396    0.666441261901
C    0.082782762749    0.749763196622    0.749763003442
C   -0.000056838385    0.833355708069    0.833355777708
C    0.083404233132    0.916647414535    0.916647123583
C    0.166721293153    0.666662211116    0.833260608291
C    0.250151787273    0.749986449198    0.916526248208
C    0.166721942188    0.833260157228    0.666661240718
C    0.250152218453    0.916525763194    0.749985298736
C    0.333393164067   -0.000091618915   -0.000093385352
C    0.416605313479    0.083191291240    0.083190020366
C    0.333113652250    0.166529222198    0.166527997480
C    0.416239085169    0.249761681578    0.249761189021
C    0.499948583021   -0.000334878927    0.166648822111
C    0.583088401839    0.083005603887    0.249831584246
C    0.499948069908    0.166649939615   -0.000336233423
C    0.583087792774    0.249832229496    0.083005589715
C    0.333326474429   -0.000321930775    0.333373221398
C    0.416450125967    0.082984961607    0.416583763409
C    0.332932530638    0.166459907539    0.499906023540
C    0.416164498846    0.249531883132    0.582967613818
C    0.500028028059   -0.000238777517    0.499986500446
C    0.583334386211    0.083222747218    0.583280682335
C    0.499540732509    0.166109186424    0.332998161146
C    0.582747012774    0.249108913057    0.416050767864
C    0.333418574919   -0.000058409256    0.666566623444
C    0.416783211952    0.083340523170    0.749895816084
C    0.333439639444    0.166759811011    0.833150075047
C    0.416796580292    0.250156305458    0.916244317023
C    0.500135781470   -0.000013383713    0.833181419492
C    0.583293050786    0.083432818858    0.916411554775
C    0.499983049662    0.166742028114    0.666393360323
C    0.583505852029    0.250829451837    0.749086827525
C    0.333325475941    0.333374413324   -0.000322371983
C    0.416448656243    0.416584915006    0.082985849866
C    0.332932079665    0.499907374080    0.166460893765
C    0.416164698423    0.582968973667    0.249532235670
C    0.499539849387    0.332998879965    0.166108993647
C    0.582746658696    0.416050879589    0.249109487391
C    0.500026498190    0.499987198236   -0.000237699169
C    0.583333098860    0.583281202538    0.083223676491
C    0.332693845475    0.333132996844    0.333133128889
C    0.415970540746    0.416195999111    0.416196324188
C    0.333372533333    0.499947473500    0.499948110313
C    0.417687542069    0.583175844451    0.583175572572
C    0.498907966026    0.332047377770    0.499468329857
C    0.584108991188    0.416753777499    0.579312921043
C    0.498907766964    0.499468272790    0.332047340583
C    0.584108869257    0.579312892676    0.416753624667
C    0.333560582966    0.333544440715    0.666339685900
C    0.418004849938    0.417052646204    0.748876480792
C    0.333995846059    0.500214279005    0.832716832263
C    0.416973481883    0.583455569294    0.916441384543
C    0.500411091446    0.333713812103    0.832762897260
C    0.583685854869    0.417021943989    0.916262710481
C    0.502436409793    0.500868790883    0.664894970402
C    0.586935881667    0.584318345078    0.747864292046
C    0.333417326143    0.666568148918   -0.000057164624
C    0.416782668596    0.749897300962    0.083340927962
C    0.333440532995    0.833152100161    0.166759872660
C    0.416797840791    0.916245318066    0.250155293063
C    0.499982810548    0.666394359818    0.166742407259
C    0.583506670333    0.749087249910    0.250829444227
C    0.500135456643    0.833182983975   -0.000012945117
C    0.583293192805    0.916412990198    0.083432431386
C    0.333560956944    0.666340256216    0.333544726660
C    0.418004922373    0.748876426539    0.417051720920
C    0.333996760356    0.832716657924    0.500213728458
C    0.416975303711    0.916439954638    0.583454686933
C    0.502436446001    0.664894610516    0.500868704360
C    0.586937134101    0.747861891126    0.584318813171
C    0.500412091455    0.832763251990    0.333713030031
C    0.583687463138    0.916261100977    0.417021885694
C    0.333914248982    0.666517020166    0.666517572506
C    0.417423639143    0.749794373179    0.749794795245
C    0.333651319453    0.833177422827    0.833176968343
C    0.416841366002    0.916543648680    0.916542997695
C    0.500559930382    0.666412009575    0.833244903821
C    0.583721860331    0.750048413937    0.916584765248
C    0.500561277737    0.833243094863    0.666411985973
C    0.583722468444    0.916583253365    0.750048460270
C    0.666773043266    0.000210328583    0.000209460958
C    0.749931677083    0.083330383399    0.083329672716
C    0.666430905479    0.166264014366    0.166263849006
C    0.749550688094    0.249309158341    0.249309074614
C    0.833223595659    0.000415343089    0.166445235446
C    0.916588113611    0.083596934645    0.250094095859
C    0.833223727389    0.166445512614    0.000414372575
C    0.916587792883    0.250094222330    0.083596794587
C    0.666574784530   -0.000043051327    0.333269526653
C    0.749872359862    0.083351654467    0.416694826239
C    0.666426052541    0.166518591681    0.499868937952
C    0.749763206582    0.250292632641    0.583314114534
C    0.833320693279    0.000212719436    0.500092556282
C    0.916562036753    0.083621401382    0.583432883762
C    0.832973145752    0.166844040365    0.333367288267
C    0.915574682949    0.250989799735    0.417004316261
C    0.666787200595    0.000029895562    0.666631213842
C    0.750017932191    0.083473259560    0.749950213450
C    0.666745493429    0.166952065312    0.833032992368
C    0.750049332238    0.249419084303    0.917345948697
C    0.833433977209    0.000245152461    0.833504830895
C    0.916742579023    0.083411831683    0.916823919449
C    0.833269035084    0.166847732624    0.666730167235
C    0.916548236406    0.249943743958    0.750365476031
C    0.666574268695    0.333269378003   -0.000042187321
C    0.749871835890    0.416695224390    0.083352923938
C    0.666425229099    0.499869317031    0.166519482892
C    0.749762821769    0.583313722497    0.250293624593
C    0.832972985938    0.333367312258    0.166844153116
C    0.915574652881    0.417004532674    0.250990036057
C    0.833320336959    0.500092779989    0.000214585173
C    0.916561408001    0.583433171549    0.083623070518
C    0.666081620129    0.331721196040    0.331721632483
C    0.745966084323    0.416230378419    0.416230205106
C    0.831448513021    0.334710689282    0.500731755288
C    0.914088156181    0.418612749022    0.584659949500
C    0.831449289746    0.500731330342    0.334710937800
C    0.914089333575    0.584660112163    0.418610508226
C    0.667473458756    0.334578768592    0.665412498761
C    0.751039930915    0.416886270807    0.750549386762
C    0.667254771183    0.500151319236    0.833054589778
C    0.750190964812    0.583461756613    0.916590939853
C    0.832981774336    0.332111740512    0.834796052122
C    0.916712142411    0.416594761658    0.917201067449
C    0.838588767745    0.493698588312    0.676370658587
C    0.915661003800    0.582693843752    0.750455364576
C    0.666787024609    0.666631931632    0.000031659107
C    0.750017713183    0.749951118348    0.083474253706
C    0.666745747915    0.833034228214    0.166951997145
C    0.750049847266    0.917346082686    0.249419029805
C    0.833268695502    0.666731128344    0.166848679943
C    0.916548484148    0.750366152101    0.249943442831
C    0.833434205374    0.833505555353    0.000245691179
C    0.916743116093    0.916824996399    0.083411724658
C    0.667473832291    0.665412391708    0.334578839937
C    0.751041696736    0.750547842142    0.416885656791
C    0.667256058091    0.833051719587    0.500151636057
C    0.750191482384    0.916588319814    0.583462227565
C    0.838589750098    0.676367095215    0.493697716470
C    0.915661667692    0.750453475141    0.582693272712
C    0.832982032831    0.834796305393    0.332111036756
C    0.916712462028    0.917199883152    0.416595025630
C    0.667626624639    0.670620039168    0.670622050090
C    0.749802226751    0.749813162008    0.749815274242
C    0.667360513309    0.834248194230    0.834249339467
C    0.750036889739    0.917226439167    0.917226382645
C    0.833404261805    0.666896076294    0.833615025046
C    0.916631092847    0.749965594546    0.916825403883
C    0.833404516191    0.833612216545    0.666896596322
C    0.916630695121    0.916824026317    0.749965686493
N    0.659816943221    0.491545092281    0.491545551703
