C   -0.000019703755   -0.000028712291    0.000117297252
C    0.083265917919    0.083355975535    0.083404423615
C   -0.000181195604    0.166759869409    0.166773832011
C    0.082912022301    0.250155289812    0.250131139807
C    0.166575085320   -0.000093388603    0.166726463083
C    0.249857995475    0.083190017115    0.249938612495
C    0.166660310688    0.166717784775   -0.000027422888
C    0.249926124877    0.250040725582    0.083174772698
C   -0.000150311790   -0.000012948368    0.333468755659
C    0.083079694433    0.083432428135    0.416626491821
C   -0.000299067551    0.166951993894    0.500079046931
C    0.084012786921    0.249419026554    0.583383146282
C    0.166877032818    0.000209457707    0.500106342282
C    0.249997087634    0.083329669465    0.583264976099
C    0.166331825308    0.166648818860    0.333281882037
C    0.249672308122    0.249831580995    0.416421700855
C    0.000172259588    0.000245687928    0.666767504390
C    0.083491700634    0.083411721407    0.750076415109
C    0.000148758311    0.166697912725    0.833419162893
C    0.083403640149    0.250152544963    0.916688398623
C    0.166706657944    0.000038031304    0.833387885319
C    0.250086658201    0.083418293010    0.916632342869
C    0.167082047324    0.166445232195    0.666556894675
C    0.250263638880    0.250094092608    0.749921412627
C   -0.000059705212    0.333490345434    0.000098293561
C    0.083027615538    0.416762463093    0.083644540635
C   -0.000616637841    0.500213725207    0.167330059372
C    0.083106658873    0.583454683682    0.250308602727
C    0.166344773460    0.333373218147    0.166659773445
C    0.249651665842    0.416583760158    0.249783424983
C    0.166957367849    0.500142312520    0.000311931048
C    0.250034513820    0.583317430264    0.083385654573
C   -0.000570043775    0.333713026780    0.333745390471
C    0.082927805212    0.417021882443    0.417020762154
C   -0.000281576178    0.500151632806    0.500589357107
C    0.083255024049    0.583462224314    0.583524781400
C    0.166623652908    0.333269523402    0.499908083546
C    0.250018358702    0.416694822988    0.583205658878
C    0.166427926718    0.499986497195    0.333361327075
C    0.249889451453    0.583280679084    0.416667685227
C    0.001463009628    0.332111033505    0.666315331847
C    0.083866587387    0.416595022379    0.750045761044
C    0.001334371677    0.500375670446    0.834156974749
C    0.083991111486    0.583314867724    0.917204257306
C    0.167022531752    0.333399517324    0.833305690349
C    0.250354257837    0.416744351688    0.916469279849
C    0.166879423671    0.500092553031    0.666653992295
C    0.250288105617    0.583432880511    0.749895335769
C   -0.000073138537    0.666661237467    0.000055241204
C    0.083192467429    0.749985295485    0.083485517469
C   -0.000155872938    0.833176965092    0.166984618469
C    0.083210352915    0.916542994444    0.250174665018
C    0.166608294979    0.666566620193    0.166751873935
C    0.250007227405    0.749895812833    0.250116510968
C    0.166639017072    0.833312071134    0.000117178954
C    0.250023904209    0.916598045586    0.083403780749
C   -0.000090200902    0.666411982722    0.333894576753
C    0.083249957600    0.750048457019    0.417055767460
C    0.000914898465    0.834249336216    0.500693812325
C    0.083893143402    0.917226379394    0.583370188755
C    0.166696599797    0.666631210591    0.500120499611
C    0.250139963795    0.749950210199    0.583351231207
C    0.166653320522    0.833181416241    0.333469080486
C    0.250099523093    0.916411551524    0.416626349802
C    0.000278920780    0.666896593071    0.666737815207
C    0.083490730552    0.749965683242    0.749963994137
C    0.000022412304    0.833355774457    0.833276460631
C    0.083314118770    0.916647120332    0.916737532148
C    0.166987691131    0.666775366134    0.833514450616
C    0.250144070938    0.750095111554    0.916808900969
C    0.166911856696    0.833504827644    0.666767276225
C    0.250078535918    0.916823916198    0.750075878039
C    0.333386101458   -0.000007531630   -0.000027719889
C    0.416708713528    0.083258916601    0.083174486683
C    0.333195926433    0.166527994229    0.166446951266
C    0.416428385813    0.249761185770    0.249572384185
C    0.500041117559   -0.000322375234    0.166658774957
C    0.583251619241    0.082985846615    0.249781955259
C    0.500098500917    0.166837100833   -0.000356847836
C    0.583335717000    0.250086879582    0.082787059713
C    0.333316643850   -0.000336236674    0.333281368924
C    0.416498933731    0.083005586464    0.416421091790
C    0.332930718601    0.166263845755    0.499764204495
C    0.415975862576    0.249309071363    0.582883987110
C    0.499936082238   -0.000042190572    0.499907567711
C    0.583361928625    0.083352920687    0.583205134906
C    0.499665584200    0.166108990396    0.332873148403
C    0.582717583824    0.249109484140    0.416079957712
C    0.333112216849    0.000414369324    0.666557026405
C    0.416760926565    0.083596791336    0.749921091899
C    0.333536220351    0.166869337378    0.833178735476
C    0.416967954196    0.250301140019    0.916197385286
C    0.500066343461    0.000356196731    0.833305144709
C    0.583411458039    0.083688038430    0.916468303646
C    0.500034016493    0.166844149865    0.666306284954
C    0.583671236909    0.250990032806    0.748907951897
C    0.333503645970    0.333430762536   -0.000356135627
C    0.416752752649    0.416668606638    0.082787697703
C    0.333126611774    0.499906020289    0.166265829654
C    0.416198587367    0.582967610567    0.249497797862
C    0.499799701079    0.333133125638    0.166027144491
C    0.582862703346    0.416196320937    0.249303839762
C    0.500368359960    0.500190849064   -0.000570330718
C    0.583577092774    0.583329506411    0.083155618232
C    0.332775890659    0.332998157895    0.332874031525
C    0.415775617292    0.416050764613    0.416080311790
C    0.333185295916    0.499868934701    0.499759351557
C    0.416959336876    0.583314111283    0.583096505598
C    0.498387900275    0.331721629232    0.499414919145
C    0.582897082654    0.416230201855    0.579299383339
C    0.498714082005    0.499468326606    0.332241265042
C    0.583420481734    0.579312917792    0.417442290204
C    0.333510744600    0.333367285016    0.666306444768
C    0.417656503970    0.417004313010    0.748907981965
C    0.333904787635    0.500228354789    0.832852917009
C    0.416797014747    0.583581653914    0.916517934241
C    0.500540386893    0.333873637774    0.832530147004
C    0.584051156732    0.417384334126    0.915450413410
C    0.501377393517    0.500731752037    0.664781812037
C    0.585279453257    0.584659946249    0.747421455197
C    0.333426505304    0.666663312939    0.000136202533
C    0.416894758712    0.749913556743    0.083503161539
C    0.333426515246    0.833150071796    0.166772938460
C    0.416823009693    0.916244313772    0.250129879308
C    0.500211144950    0.666339682649    0.166893881982
C    0.583719350439    0.748876477541    0.251338148954
C    0.500156778787    0.833272740727    0.000097237196
C    0.583429517427    0.916360933177    0.083643615054
C    0.333408732349    0.666393357072    0.333316348678
C    0.417496156072    0.749086824274    0.416839151045
C    0.333618769547    0.833032989117    0.500078792445
C    0.416085788538    0.917345945446    0.583382631254
C    0.501245472827    0.665412495510    0.500806757772
C    0.583552975042    0.750549383511    0.584373229931
C    0.500380516338    0.832762894009    0.333744390462
C    0.583688648224    0.916262707230    0.417019153885
C    0.333514436859    0.666730163984    0.666602334100
C    0.416610448193    0.750365472780    0.749881535422
C    0.333365522982    0.833481023070    0.833419221141
C    0.416820044945    0.916736233944    0.916687631817
C    0.499752907377    0.666817007016    0.833283264272
C    0.583571071387    0.750215121963    0.916535069379
C    0.498778444747    0.834796048871    0.666315073352
C    0.583261465893    0.917201064198    0.750045441427
C    0.666809452999    0.000291219384    0.000311329669
C    0.749985264274    0.083369190106    0.083385110652
C    0.666574078315    0.166460890514    0.166265378681
C    0.749635677902    0.249532232419    0.249497997439
C    0.833234853153   -0.000057167875    0.166750625159
C    0.916564005197    0.083340924711    0.250115967612
C    0.833331570662    0.166760317991    0.000136771795
C    0.916581774055    0.250228196494    0.083503892590
C    0.666653902471   -0.000237702420    0.333359797206
C    0.749947906773    0.083223673240    0.416666397876
C    0.666536021266    0.166519479641    0.499758528115
C    0.749980426732    0.250293621342    0.583096120785
C    0.833298635867    0.000031655856    0.500120323625
C    0.916617822583    0.083474250455    0.583351012199
C    0.833061064053    0.166742404008    0.333316109564
C    0.915753954145    0.250829440976    0.416839969349
C    0.666759484224    0.000214581922    0.666653635975
C    0.750099875784    0.083623067267    0.749894707017
C    0.666896032543    0.167238287843    0.832852443521
C    0.750249974295    0.250130283611    0.916518578788
C    0.833442865083    0.000322154613    0.833514068072
C    0.916763102125    0.083477855079    0.916809442049
C    0.833397832579    0.166848676692    0.666601994518
C    0.917032856336    0.249943439580    0.749881783164
C    0.666857893186    0.333702458119   -0.000570915349
C    0.749996287148    0.416910555763    0.083155784597
C    0.666614177735    0.499948107062    0.166705832349
C    0.749842548686    0.583175569321    0.251020841085
C    0.833006960451    0.333544723409    0.166894255960
C    0.915543130774    0.417051717669    0.251338221389
C    0.833348039135    0.500213250424   -0.000264426406
C    0.916421461518    0.583399573644    0.083569686935
C    0.666134977025    0.332047337332    0.332241065980
C    0.745979596911    0.416753621416    0.417442168273
C    0.832079095943    0.334578836686    0.500807131307
C    0.917214546377    0.416885653540    0.584374995752
C    0.831561314751    0.500868701109    0.335769745017
C    0.914528595361    0.584318809920    0.420270433117
C    0.667398034577    0.334710934549    0.664782588762
C    0.751326816398    0.418610504975    0.747422632591
C    0.667718691659    0.501052448022    0.831435820285
C    0.750295561361    0.583629405498    0.915667067797
C    0.833483897505    0.333084848652    0.833284764781
C    0.916881228551    0.416904065621    0.916535533668
C    0.843033799450    0.493697713219    0.671923049114
C    0.917120179376    0.582693269461    0.748994966708
C    0.666879866825    0.666681942830   -0.000265012135
C    0.750066545574    0.749755526231    0.083568854039
C    0.666880983240    0.832716829012    0.167329145075
C    0.750122273529    0.916441381292    0.250306780899
C    0.833183724401    0.666517569255    0.167247547998
C    0.916461077414    0.749794791994    0.250756938159
C    0.833328915351    0.833260605040    0.000054592169
C    0.916653153433    0.916526244957    0.083485086289
C    0.667535495118    0.664894967151    0.335769708809
C    0.750985049313    0.747864288795    0.420269180683
C    0.666818023471    0.833054586527    0.500588070199
C    0.750128460848    0.916590936602    0.583524263828
C    0.837286743403    0.670622046839    0.500959923655
C    0.916479866243    0.749815270991    0.583135525767
C    0.833078713810    0.833244900570    0.333893229398
C    0.916715118172    0.916584761997    0.417055159347
C    0.660365292547    0.676370655336    0.671922066761
C    0.749360547987    0.750455361325    0.748994302816
C    0.667041928779    0.834668792923    0.834156407262
C    0.749982058300    0.917325669258    0.917203515005
C    0.833106775631    0.666441258650    0.832049750421
C    0.916429900857    0.749763000191    0.916116061765
C    0.833562780529    0.833615021795    0.666737560821
C    0.916632298781    0.916825400632    0.749964391863
N    0.658211796516    0.491545548452    0.493150242237
