&CONTROL
calculation = 'scf'
verbosity = 'high'
tprnfor=.TRUE.
tstress=.TRUE.
wf_collect = .true.
prefix='pwscf'
outdir = './'
pseudo_dir='/home/jinyuchem/program/QE/pseudo-potential'
/
&SYSTEM
ibrav = 0
ecutwfc = 85
tot_charge = -1
nspin = 2
tot_magnetization = 2.0
nbnd = 800
nat = 215
ntyp = 2
/
&ELECTRONS
conv_thr = 1D-10
diago_full_acc=.true.
/
K_POINTS gamma
CELL_PARAMETERS angstrom
10.70400  0.000000  0.000000
0.000000  10.70400  0.000000
0.000000  0.000000  10.70400
ATOMIC_SPECIES
C  12.01099968  C_ONCV_PBE-1.0.upf
N  14.00699997  N_ONCV_PBE-1.0.upf
ATOMIC_POSITIONS crystal
C   -0.000029760469    0.000011090240    0.000079159170
C    0.083261270317    0.083363685295    0.083386900200
C   -0.000185295194    0.166750129933    0.166756882093
C    0.082917849564    0.250128055838    0.250117676026
C    0.166594862634   -0.000082683059    0.166725224032
C    0.249882661087    0.083175917614    0.249959952441
C    0.166634054189    0.166720469186   -0.000051377857
C    0.249913908782    0.250006521786    0.083169463108
C   -0.000136165977   -0.000023625921    0.333484762995
C    0.083055106651    0.083470027108    0.416656782425
C   -0.000381559877    0.167040933957    0.500104931895
C    0.083817676108    0.249623510250    0.583381770415
C    0.166890936156    0.000232975178    0.500113854580
C    0.250002918684    0.083343245983    0.583276095259
C    0.166338726106    0.166627953866    0.333293588341
C    0.249693733943    0.249782327006    0.416444367269
C    0.000089466443    0.000172308810    0.666731396695
C    0.083394186255    0.083427736786    0.750044023768
C    0.000055139379    0.166793363756    0.833330631604
C    0.083345331298    0.250159814940    0.916634000226
C    0.166673842631    0.000072900107    0.833372867226
C    0.250067411492    0.083421522114    0.916625709282
C    0.166960426735    0.166506591918    0.666546967019
C    0.250190356894    0.250084162812    0.749914385920
C   -0.000094485753    0.333494916035    0.000027915820
C    0.083030691079    0.416719367386    0.083568375869
C   -0.000528648507    0.500166740806    0.167215858962
C    0.083398549338    0.583414135744    0.250035019618
C    0.166344493724    0.333335070568    0.166633701285
C    0.249683980884    0.416518577328    0.249760685677
C    0.166927643074    0.500130265279    0.000280726645
C    0.250019576866    0.583299799230    0.083369347970
C   -0.000540197765    0.333702828445    0.333718379223
C    0.083032552407    0.416974364590    0.416974420721
C   -0.000072901296    0.500181373074    0.500383816256
C    0.083374320804    0.583461482940    0.583490324702
C    0.166626549750    0.333244064324    0.499898107149
C    0.250000898558    0.416657636588    0.583214920550
C    0.166536151400    0.499933873796    0.333286826718
C    0.249941450863    0.583249210173    0.416645645364
C    0.001140371823    0.332579742703    0.666283069643
C    0.083747007158    0.416708634979    0.750024875189
C    0.001260649255    0.500481773975    0.834121589278
C    0.083973976273    0.583333244466    0.917196044798
C    0.166932847854    0.333410954836    0.833269024461
C    0.250274864596    0.416702690813    0.916464444925
C    0.166880480466    0.500086304829    0.666643046452
C    0.250245810523    0.583409837073    0.749931902708
C   -0.000024220761    0.666681809594    0.000084234736
C    0.083255386149    0.750001206718    0.083461941182
C   -0.000085747371    0.833218497787    0.166926207690
C    0.083255941267    0.916566275247    0.250170401045
C    0.166740798341    0.666550791933    0.166648668703
C    0.250071649915    0.749901762679    0.250094725262
C    0.166642286351    0.833337145941    0.000110191736
C    0.250038198520    0.916609326775    0.083415317698
C    0.000422094314    0.666327589962    0.333404386694
C    0.083462029180    0.750026103305    0.416921600323
C    0.001066824427    0.834164583640    0.500628513210
C    0.083929071926    0.917206155672    0.583359022537
C    0.166795996506    0.666632241312    0.500099337575
C    0.250177504677    0.749956832918    0.583372331051
C    0.166762158656    0.833210809260    0.333443200522
C    0.250157380527    0.916436977457    0.416648321529
C    0.000480706430    0.666902265675    0.666828690989
C    0.083582195711    0.749991280722    0.749990365417
C    0.000032621862    0.833329343965    0.833292681564
C    0.083302436782    0.916677218701    0.916719115766
C    0.166996836104    0.666787290194    0.833544117251
C    0.250121197262    0.750102846529    0.916850601327
C    0.166961936998    0.833539358322    0.666783869383
C    0.250091072057    0.916857417037    0.750094362760
C    0.333384656099   -0.000003353975   -0.000012168934
C    0.416721577378    0.083239560579    0.083200802280
C    0.333206093200    0.166500820973    0.166463957756
C    0.416452554551    0.249698187090    0.249611214127
C    0.500071795656   -0.000332022471    0.166719444374
C    0.583300497540    0.082917256158    0.249876941076
C    0.500098312176    0.166802049611   -0.000347857651
C    0.583339169351    0.250018461440    0.082824936744
C    0.333377767232   -0.000344947124    0.333319705245
C    0.416590091179    0.082935394391    0.416482822269
C    0.332996111052    0.166239152516    0.499793698378
C    0.416025971998    0.249343403880    0.582901567093
C    0.500068622928   -0.000193162609    0.499991962651
C    0.583437246241    0.083303940967    0.583236907272
C    0.499726382053    0.166081682145    0.332943695635
C    0.582762281274    0.249174341675    0.416122391526
C    0.333177770600    0.000382609943    0.666591740493
C    0.416802719903    0.083598766477    0.749922334750
C    0.333512086623    0.166851580445    0.833173542330
C    0.416941330394    0.250263090229    0.916207331035
C    0.500087652824    0.000317736338    0.833310532232
C    0.583432582019    0.083706345762    0.916439802172
C    0.500099705171    0.166873978246    0.666306416524
C    0.583708224951    0.251126736766    0.748874450624
C    0.333463841547    0.333388378135   -0.000353389188
C    0.416707020821    0.416597061925    0.082834862339
C    0.333086264342    0.499858573248    0.166240150758
C    0.416128673095    0.582939559775    0.249430492232
C    0.499788157887    0.333064016713    0.166043971432
C    0.582829209025    0.416176346169    0.249263848669
C    0.500268261117    0.500122771487   -0.000437328586
C    0.583536602247    0.583294432129    0.083212216050
C    0.332786371969    0.332939153854    0.332882342597
C    0.415750750851    0.416041825120    0.416055589108
C    0.333161523117    0.499822035504    0.499771743449
C    0.416866057936    0.583259220470    0.583158748502
C    0.498429761208    0.331852899772    0.499425838997
C    0.582915709923    0.416566885561    0.579302147305
C    0.498580601561    0.499450529953    0.332092838176
C    0.583157466450    0.579308408453    0.417126846500
C    0.333470459248    0.333327452636    0.666331477824
C    0.417558272262    0.416943317625    0.748971788408
C    0.333797719190    0.500180393817    0.832930848431
C    0.416537235794    0.583531691404    0.916803825031
C    0.500503455460    0.333851432681    0.832577930430
C    0.583977258463    0.417309726507    0.915616225427
C    0.501197309411    0.500739261460    0.664977460189
C    0.584490826056    0.584608873432    0.748406659966
C    0.333322828965    0.666640072139    0.000254107214
C    0.416864513591    0.749918263917    0.083555274945
C    0.333461222097    0.833159364532    0.166806811664
C    0.416874523264    0.916228540761    0.250183737084
C    0.500181444726    0.666321573692    0.166896740797
C    0.583730578739    0.748859883801    0.251287426038
C    0.500129333939    0.833295260801    0.000197598646
C    0.583440887697    0.916390355883    0.083685409322
C    0.333423204936    0.666371157898    0.333303980344
C    0.417484282740    0.749054245037    0.416866954144
C    0.333665587517    0.833013469557    0.500111626546
C    0.416208510572    0.917186617770    0.583440249407
C    0.501136432258    0.665269098012    0.500773653338
C    0.583692696669    0.749852600887    0.584475853530
C    0.500429732679    0.832685264573    0.333791520230
C    0.583809597275    0.915992148018    0.417140570007
C    0.333463356947    0.666714838718    0.666656162437
C    0.416505813573    0.750277654897    0.750054225578
C    0.333328482729    0.833499428792    0.833471307378
C    0.416817038941    0.916745043989    0.916722659865
C    0.499324110540    0.666701842034    0.833792543512
C    0.583448573014    0.750180097037    0.916750286805
C    0.498873636505    0.834491913820    0.666469989926
C    0.583305306773    0.917058637261    0.750101415411
C    0.666813987942    0.000308520449    0.000317536973
C    0.749991776149    0.083379665659    0.083386471087
C    0.666592031473    0.166421176959    0.166330419352
C    0.749646148710    0.249549428627    0.249533579194
C    0.833268021609   -0.000053451967    0.166792941775
C    0.916566324729    0.083362093291    0.250156142530
C    0.833312684834    0.166797969472    0.000036027814
C    0.916574581358    0.250208188863    0.083437494938
C    0.666731956445   -0.000373601394    0.333485355127
C    0.749973719384    0.083184535566    0.416744074803
C    0.666576420746    0.166581710271    0.499807318153
C    0.749962298646    0.250536153934    0.583094674007
C    0.833312470855   -0.000090509717    0.500154840436
C    0.916559796305    0.083486868106    0.583356765329
C    0.833054139953    0.166779830546    0.333385642169
C    0.915706741442    0.250978395600    0.416889736435
C    0.666796078183    0.000078652251    0.666665752329
C    0.750099210076    0.083624530053    0.749840923010
C    0.666910182843    0.167305670283    0.832783973748
C    0.750232904080    0.250281144686    0.916386016000
C    0.833405699798    0.000243080780    0.833430619618
C    0.916728706171    0.083488895227    0.916713022490
C    0.833343202732    0.166981754067    0.666557194615
C    0.916904699348    0.250214565562    0.749790470376
C    0.666826121645    0.333644417786   -0.000528167994
C    0.749995983693    0.416857278011    0.083152764907
C    0.666612286893    0.499895315689    0.166667374518
C    0.749898886277    0.583131454503    0.250871587433
C    0.833029028054    0.333491403065    0.166849954993
C    0.915609211284    0.416986926528    0.251213390761
C    0.833334892060    0.500197818501   -0.000227893445
C    0.916468622806    0.583379139509    0.083530683267
C    0.666141853826    0.332153903265    0.332243275883
C    0.745981342284    0.417050437851    0.417368499852
C    0.831987680559    0.334958843737    0.500837374935
C    0.916721916306    0.417791482098    0.584319483362
C    0.831748343547    0.500865710830    0.335508860325
C    0.915480891889    0.584293075501    0.419355758266
C    0.667434129290    0.335080859810    0.664738957464
C    0.751249927218    0.419385458198    0.747167118687
C    0.667478208984    0.501013920596    0.831766366698
C    0.750253462651    0.583616080456    0.915855392014
C    0.833413373690    0.333479846953    0.833076604616
C    0.916847608281    0.416994391877    0.916465889025
C    0.841690178291    0.496118336457    0.670916987219
C    0.917095017130    0.582840613323    0.749079969966
C    0.666851598216    0.666679053685   -0.000143903357
C    0.750083835883    0.749776985570    0.083598531482
C    0.666903059247    0.832721389916    0.167347273457
C    0.750173611906    0.916350601315    0.250362076155
C    0.833243849570    0.666518370765    0.167165550535
C    0.916640208085    0.749750258826    0.250590446797
C    0.833353098986    0.833313731549    0.000118826313
C    0.916677809799    0.916582058978    0.083491944586
C    0.667497742067    0.664790734383    0.335569785864
C    0.751091634520    0.747371714097    0.420151979326
C    0.667062091748    0.832515365232    0.500798812606
C    0.750176242588    0.916283315630    0.583567103913
C    0.839036118011    0.670316877674    0.499473013715
C    0.916799109555    0.749459574695    0.583045149764
C    0.833226140995    0.833058259134    0.333853317037
C    0.916771028953    0.916489124801    0.417064045120
C    0.659431579250    0.675627342623    0.673570857086
C    0.749303580129    0.750051114756    0.749375161358
C    0.667001124365    0.834552252432    0.834314882260
C    0.749974847776    0.917297953242    0.917240873940
C    0.833220708603    0.666481644362    0.832369362373
C    0.916471533794    0.749803954217    0.916260867315
C    0.833431519035    0.833093624193    0.666617955245
C    0.916564973475    0.916589129923    0.749897161446
N    0.658005611969    0.492080503936    0.492821471300
