&CONTROL
calculation = 'scf'
restart_mode = 'from_scratch'
prefix = 'pwscf'
pseudo_dir = '/home/jinyuchem/program/QE/pseudo-potential'
outdir = './'
wf_collect = .TRUE.
tprnfor = .TRUE.
verbosity = 'high'
max_seconds = 248000
/
&SYSTEM
ibrav = 0
nat = 511
ntyp = 2
ecutwfc = 60
nspin = 2
tot_magnetization = 2
nbnd = 1040
input_dft = 'PBE0'
exx_fraction = 0.18
ecutfock = 120
/
&ELECTRONS
electron_maxstep = 600
conv_thr = 1.0d-7
mixing_mode = 'plain'
mixing_beta = 0.7
diagonalization = 'david'
diago_full_acc = .TRUE.
startingpot = 'atomic'
startingwfc = 'atomic+random'
/
ATOMIC_SPECIES
C  12.0107 C_ONCV_PBE-1.0.upf
Si 28.0855      Si_ONCV_PBE-1.1.upf
CELL_PARAMETERS angstrom
14.2 0.0 0.0
0.0 14.2 0.0
0.0 0.0 14.2
K_POINTS gamma
ATOMIC_POSITIONS crystal
C       -0.000043656  -0.000043656  -0.000043656
C        0.000132788   0.000132788   0.249923309
C       -0.000029322  -0.000029322   0.499944177
C       -0.000221389  -0.000221389   0.749990940
C        0.000132788   0.249923309   0.000132788
C        0.000425374   0.250072777   0.250072777
C        0.000351442   0.249914085   0.500070693
C        0.000063246   0.249754699   0.750165130
C       -0.000029322   0.499944177  -0.000029322
C        0.000351442   0.500070693   0.249914085
C        0.000111571   0.499959042   0.499959042
C       -0.000221102   0.499846444   0.749995804
C       -0.000221389   0.749990940  -0.000221389
C        0.000063246   0.750165130   0.249754699
C       -0.000221102   0.749995804   0.499846444
C       -0.000519114   0.749819452   0.749819452
C        0.249923309   0.000132788   0.000132788
C        0.250072777   0.000425374   0.250072777
C        0.249914085   0.000351442   0.500070693
C        0.249754699   0.000063246   0.750165130
C        0.250072777   0.250072777   0.000425374
C        0.250541433   0.250541433   0.250541433
C        0.250582952   0.250582952   0.500490265
C        0.249882809   0.249882809   0.750373500
C        0.249914085   0.500070693   0.000351442
C        0.250582952   0.500490265   0.250582952
C        0.250278051   0.500564320   0.500564320
C        0.248958743   0.499983363   0.751079287
C        0.249754699   0.750165130   0.000063246
C        0.249882809   0.750373500   0.249882809
C        0.248958743   0.751079287   0.499983363
C        0.249301710   0.750252396   0.750252396
C        0.499944177  -0.000029322  -0.000029322
C        0.500070693   0.000351442   0.249914085
C        0.499959042   0.000111571   0.499959042
C        0.499846444  -0.000221102   0.749995804
C        0.500070693   0.249914085   0.000351442
C        0.500490265   0.250582952   0.250582952
C        0.500564320   0.250278051   0.500564320
C        0.499983363   0.248958743   0.751079287
C        0.499959042   0.499959042   0.000111571
C        0.500564320   0.500564320   0.250278051
C        0.499472206   0.499472206   0.750477605
C        0.499846444   0.749995804  -0.000221102
C        0.499983363   0.751079287   0.248958743
C        0.499472206   0.750477605   0.499472206
C        0.499069381   0.749450429   0.749450429
C        0.749990940  -0.000221389  -0.000221389
C        0.750165130   0.000063246   0.249754699
C        0.749995804  -0.000221102   0.499846444
C        0.749819452  -0.000519114   0.749819452
C        0.750165130   0.249754699   0.000063246
C        0.750373500   0.249882809   0.249882809
C        0.751079287   0.248958743   0.499983363
C        0.750252396   0.249301710   0.750252396
C        0.749995804   0.499846444  -0.000221102
C        0.751079287   0.499983363   0.248958743
C        0.750477605   0.499472206   0.499472206
C        0.749450429   0.499069381   0.749450429
C        0.749819452   0.749819452  -0.000519114
C        0.750252396   0.750252396   0.249301710
C        0.749450429   0.749450429   0.499069381
C        0.749200824   0.749200824   0.749200824
C        0.000179005   0.125030362   0.125030362
C        0.000328596   0.125079749   0.375019105
C        0.000094835   0.124743343   0.625066882
C       -0.000025796   0.124823951   0.875087338
C        0.000328596   0.375019105   0.125079749
C        0.000434824   0.375017123   0.375017123
C        0.000107439   0.374846740   0.625080673
C       -0.000015373   0.374843116   0.875162783
C        0.000094835   0.625066882   0.124743343
C        0.000107439   0.625080673   0.374846740
C       -0.000302591   0.624883338   0.624883338
C       -0.000406528   0.624887627   0.874818949
C       -0.000025796   0.875087338   0.124823951
C       -0.000015373   0.875162783   0.374843116
C       -0.000406528   0.874818949   0.624887627
C       -0.000308042   0.874880344   0.874880344
C        0.250155913   0.125289530   0.125289530
C        0.250374653   0.125557561   0.375268299
C        0.249958321   0.125038034   0.625246222
C        0.249922292   0.124981988   0.875272927
C        0.250374653   0.375268299   0.125557561
C        0.251164876   0.375886941   0.375886941
C        0.249778557   0.375075400   0.625699610
C        0.249766133   0.374912651   0.875521766
C        0.249958321   0.625246222   0.125038034
C        0.249778557   0.625699610   0.375075400
C        0.249412507   0.625337310   0.625337310
C        0.249311303   0.625083013   0.875583610
C        0.249922292   0.875272927   0.124981988
C        0.249766133   0.875521766   0.374912651
C        0.249311303   0.875583610   0.625083013
C        0.249701643   0.875091036   0.875091036
C        0.500133444   0.125213586   0.125213586
C        0.500266439   0.125311414   0.375213024
C        0.500060452   0.124844335   0.625204183
C        0.499957735   0.124591586   0.875382388
C        0.500266439   0.375213024   0.125311414
C        0.501860641   0.377188782   0.377188782
C        0.499887508   0.373081115   0.627863814
C        0.499889105   0.374600680   0.875497272
C        0.500060452   0.625204183   0.124844335
C        0.499887508   0.627863814   0.373081115
C        0.492212552   0.625987527   0.625987527
C        0.499616393   0.624775032   0.874914195
C        0.499957735   0.875382388   0.124591586
C        0.499889105   0.875497272   0.374600680
C        0.499616393   0.874914195   0.624775032
C        0.499703502   0.874756669   0.874756669
C        0.750177519   0.124912024   0.124912024
C        0.750332908   0.124782991   0.374893772
C        0.750147768   0.124513071   0.625049443
C        0.750038406   0.124568353   0.875027881
C        0.750332908   0.374893772   0.124782991
C        0.750912002   0.374572078   0.374572078
C        0.751551161   0.373264105   0.625241626
C        0.750125913   0.374603270   0.875193573
C        0.750147768   0.625049443   0.124513071
C        0.751551161   0.625241626   0.373264105
C        0.748401678   0.623577962   0.623577962
C        0.749438923   0.624534439   0.874301188
C        0.750038406   0.875027881   0.124568353
C        0.750125913   0.875193573   0.374603270
C        0.749438923   0.874301188   0.624534439
C        0.749714524   0.874563705   0.874563705
C        0.125030362   0.000179005   0.125030362
C        0.125079749   0.000328596   0.375019105
C        0.124743343   0.000094835   0.625066882
C        0.124823951  -0.000025796   0.875087338
C        0.125289530   0.250155913   0.125289530
C        0.125557561   0.250374653   0.375268299
C        0.125038034   0.249958321   0.625246222
C        0.124981988   0.249922292   0.875272927
C        0.125213586   0.500133444   0.125213586
C        0.125311414   0.500266439   0.375213024
C        0.124844335   0.500060452   0.625204183
C        0.124591586   0.499957735   0.875382388
C        0.124912024   0.750177519   0.124912024
C        0.124782991   0.750332908   0.374893772
C        0.124513071   0.750147768   0.625049443
C        0.124568353   0.750038406   0.875027881
C        0.375019105   0.000328596   0.125079749
C        0.375017123   0.000434824   0.375017123
C        0.374846740   0.000107439   0.625080673
C        0.374843116  -0.000015373   0.875162783
C        0.375268299   0.250374653   0.125557561
C        0.375886941   0.251164876   0.375886941
C        0.375075400   0.249778557   0.625699610
C        0.374912651   0.249766133   0.875521766
C        0.375213024   0.500266439   0.125311414
C        0.377188782   0.501860641   0.377188782
C        0.373081115   0.499887508   0.627863814
C        0.374600680   0.499889105   0.875497272
C        0.374893772   0.750332908   0.124782991
C        0.374572078   0.750912002   0.374572078
C        0.373264105   0.751551161   0.625241626
C        0.374603270   0.750125913   0.875193573
C        0.625066882   0.000094835   0.124743343
C        0.625080673   0.000107439   0.374846740
C        0.624883338  -0.000302591   0.624883338
C        0.624887627  -0.000406528   0.874818949
C        0.625246222   0.249958321   0.125038034
C        0.625699610   0.249778557   0.375075400
C        0.625337310   0.249412507   0.625337310
C        0.625083013   0.249311303   0.875583610
C        0.625204183   0.500060452   0.124844335
C        0.627863814   0.499887508   0.373081115
C        0.625987527   0.492212552   0.625987527
C        0.624775032   0.499616393   0.874914195
C        0.625049443   0.750147768   0.124513071
C        0.625241626   0.751551161   0.373264105
C        0.623577962   0.748401678   0.623577962
C        0.624534439   0.749438923   0.874301188
C        0.875087338  -0.000025796   0.124823951
C        0.875162783  -0.000015373   0.374843116
C        0.874818949  -0.000406528   0.624887627
C        0.874880344  -0.000308042   0.874880344
C        0.875272927   0.249922292   0.124981988
C        0.875521766   0.249766133   0.374912651
C        0.875583610   0.249311303   0.625083013
C        0.875091036   0.249701643   0.875091036
C        0.875382388   0.499957735   0.124591586
C        0.875497272   0.499889105   0.374600680
C        0.874914195   0.499616393   0.624775032
C        0.874756669   0.499703502   0.874756669
C        0.875027881   0.750038406   0.124568353
C        0.875193573   0.750125913   0.374603270
C        0.874301188   0.749438923   0.624534439
C        0.874563705   0.749714524   0.874563705
C        0.125030362   0.125030362   0.000179005
C        0.125289530   0.125289530   0.250155913
C        0.125213586   0.125213586   0.500133444
C        0.124912024   0.124912024   0.750177519
C        0.125079749   0.375019105   0.000328596
C        0.125557561   0.375268299   0.250374653
C        0.125311414   0.375213024   0.500266439
C        0.124782991   0.374893772   0.750332908
C        0.124743343   0.625066882   0.000094835
C        0.125038034   0.625246222   0.249958321
C        0.124844335   0.625204183   0.500060452
C        0.124513071   0.625049443   0.750147768
C        0.124823951   0.875087338  -0.000025796
C        0.124981988   0.875272927   0.249922292
C        0.124591586   0.875382388   0.499957735
C        0.124568353   0.875027881   0.750038406
C        0.375019105   0.125079749   0.000328596
C        0.375268299   0.125557561   0.250374653
C        0.375213024   0.125311414   0.500266439
C        0.374893772   0.124782991   0.750332908
C        0.375017123   0.375017123   0.000434824
C        0.375886941   0.375886941   0.251164876
C        0.377188782   0.377188782   0.501860641
C        0.374572078   0.374572078   0.750912002
C        0.374846740   0.625080673   0.000107439
C        0.375075400   0.625699610   0.249778557
C        0.373081115   0.627863814   0.499887508
C        0.373264105   0.625241626   0.751551161
C        0.374843116   0.875162783  -0.000015373
C        0.374912651   0.875521766   0.249766133
C        0.374600680   0.875497272   0.499889105
C        0.374603270   0.875193573   0.750125913
C        0.625066882   0.124743343   0.000094835
C        0.625246222   0.125038034   0.249958321
C        0.625204183   0.124844335   0.500060452
C        0.625049443   0.124513071   0.750147768
C        0.625080673   0.374846740   0.000107439
C        0.625699610   0.375075400   0.249778557
C        0.627863814   0.373081115   0.499887508
C        0.625241626   0.373264105   0.751551161
C        0.624883338   0.624883338  -0.000302591
C        0.625337310   0.625337310   0.249412507
C        0.625987527   0.625987527   0.492212552
C        0.623577962   0.623577962   0.748401678
C        0.624887627   0.874818949  -0.000406528
C        0.625083013   0.875583610   0.249311303
C        0.624775032   0.874914195   0.499616393
C        0.624534439   0.874301188   0.749438923
C        0.875087338   0.124823951  -0.000025796
C        0.875272927   0.124981988   0.249922292
C        0.875382388   0.124591586   0.499957735
C        0.875027881   0.124568353   0.750038406
C        0.875162783   0.374843116  -0.000015373
C        0.875521766   0.374912651   0.249766133
C        0.875497272   0.374600680   0.499889105
C        0.875193573   0.374603270   0.750125913
C        0.874818949   0.624887627  -0.000406528
C        0.875583610   0.625083013   0.249311303
C        0.874914195   0.624775032   0.499616393
C        0.874301188   0.624534439   0.749438923
C        0.874880344   0.874880344  -0.000308042
C        0.875091036   0.875091036   0.249701643
C        0.874756669   0.874756669   0.499703502
C        0.874563705   0.874563705   0.749714524
C        0.187610844   0.062788215   0.187610844
C        0.187664260   0.062894427   0.437603254
C        0.187318140   0.062500241   0.687653263
C        0.187394776   0.062505668   0.937655601
C        0.187923777   0.312778359   0.187923777
C        0.188185717   0.313044987   0.437954360
C        0.187287739   0.312355958   0.687892536
C        0.187450517   0.312443825   0.937923148
C        0.187724932   0.562790326   0.187724932
C        0.187578051   0.562875621   0.437713259
C        0.186983537   0.562600145   0.687888994
C        0.187101561   0.562536366   0.937899422
C        0.187388399   0.812790364   0.187388399
C        0.186890269   0.813186042   0.437402188
C        0.186961196   0.812723624   0.687581454
C        0.187203657   0.812570701   0.937505713
C        0.437603254   0.062894427   0.187664260
C        0.437602968   0.062796435   0.437602968
C        0.437404674   0.062380913   0.687646850
C        0.437423759   0.062388981   0.937750163
C        0.437954360   0.313044987   0.188185717
C        0.438907130   0.314084041   0.438907130
C        0.437246273   0.310923898   0.689242326
C        0.437437865   0.312331989   0.937980315
C        0.437713259   0.562875621   0.187578051
C        0.434648916   0.562591937   0.689398703
C        0.437279157   0.562430708   0.937652129
C        0.437402188   0.813186042   0.186890269
C        0.437147090   0.813085038   0.437147090
C        0.436795246   0.812717761   0.687419703
C        0.437242425   0.812537516   0.937455074
C        0.687653263   0.062500241   0.187318140
C        0.687646850   0.062380913   0.437404674
C        0.687480838   0.062049406   0.687480838
C        0.687480393   0.062154751   0.937409196
C        0.687892536   0.312355958   0.187287739
C        0.689242326   0.310923898   0.437246273
C        0.687909037   0.311586128   0.687909037
C        0.687599921   0.312148893   0.937707388
C        0.687888994   0.562600145   0.186983537
C        0.689398703   0.562591937   0.434648916
C        0.685291584   0.560637538   0.685291584
C        0.687287714   0.562229727   0.937187304
C        0.687581454   0.812723624   0.186961196
C        0.687419703   0.812717761   0.436795246
C        0.686614306   0.811327424   0.686614306
C        0.687234377   0.812123089   0.936930983
C        0.937655601   0.062505668   0.187394776
C        0.937750163   0.062388981   0.437423759
C        0.937409196   0.062154751   0.687480393
C        0.937449013   0.062300066   0.937449013
C        0.937923148   0.312443825   0.187450517
C        0.937980315   0.312331989   0.437437865
C        0.937707388   0.312148893   0.687599921
C        0.937576953   0.312304466   0.937576953
C        0.937899422   0.562536366   0.187101561
C        0.937652129   0.562430708   0.437279157
C        0.937187304   0.562229727   0.687287714
C        0.937275799   0.562365043   0.937275799
C        0.937505713   0.812570701   0.187203657
C        0.937455074   0.812537516   0.437242425
C        0.936930983   0.812123089   0.687234377
C        0.937199186   0.812340443   0.937199186
C        0.062524351   0.062524351   0.062524351
C        0.062705898   0.062705898   0.312496966
C        0.062514638   0.062514638   0.562553530
C        0.062347614   0.062347614   0.812567782
C        0.062705898   0.312496966   0.062705898
C        0.063006094   0.312665967   0.312665967
C        0.062713443   0.312487497   0.562646224
C        0.062419424   0.312315830   0.812738148
C        0.062514638   0.562553530   0.062514638
C        0.062713443   0.562646224   0.312487497
C        0.062377301   0.562529812   0.562529812
C        0.062134162   0.562424759   0.812582941
C        0.062347614   0.812567782   0.062347614
C        0.062419424   0.812738148   0.312315830
C        0.062134162   0.812582941   0.562424759
C        0.062055329   0.812423732   0.812423732
C        0.312496966   0.062705898   0.062705898
C        0.312665967   0.063006094   0.312665967
C        0.312487497   0.062713443   0.562646224
C        0.312315830   0.062419424   0.812738148
C        0.312665967   0.312665967   0.063006094
C        0.313289211   0.313289211   0.313289211
C        0.313024296   0.313024296   0.563420752
C        0.312225411   0.312225411   0.813197898
C        0.312487497   0.562646224   0.062713443
C        0.313024296   0.563420752   0.313024296
C        0.312034055   0.563020856   0.563020856
C        0.311412807   0.562501110   0.813515157
C        0.312315830   0.812738148   0.062419424
C        0.312225411   0.813197898   0.312225411
C        0.311412807   0.813515157   0.562501110
C        0.312108441   0.812611184   0.812611184
C        0.562553530   0.062514638   0.062514638
C        0.562646224   0.062713443   0.312487497
C        0.562529812   0.062377301   0.562529812
C        0.562424759   0.062134162   0.812582941
C        0.562646224   0.312487497   0.062713443
C        0.563420752   0.313024296   0.313024296
C        0.563020856   0.312034055   0.563020856
C        0.562501110   0.311412807   0.813515157
C        0.562529812   0.562529812   0.062377301
C        0.563020856   0.563020856   0.312034055
C        0.561936261   0.561936261   0.812234301
C        0.562424759   0.812582941   0.062134162
C        0.562501110   0.813515157   0.311412807
C        0.561936261   0.812234301   0.561936261
C        0.562009422   0.811909576   0.811909576
C        0.812567782   0.062347614   0.062347614
C        0.812738148   0.062419424   0.312315830
C        0.812582941   0.062134162   0.562424759
C        0.812423732   0.062055329   0.812423732
C        0.812738148   0.312315830   0.062419424
C        0.813197898   0.312225411   0.312225411
C        0.813515157   0.311412807   0.562501110
C        0.812611184   0.312108441   0.812611184
C        0.812582941   0.562424759   0.062134162
C        0.813515157   0.562501110   0.311412807
C        0.812234301   0.561936261   0.561936261
C        0.811909576   0.562009422   0.811909576
C        0.812423732   0.812423732   0.062055329
C        0.812611184   0.812611184   0.312108441
C        0.811909576   0.811909576   0.562009422
C        0.811957427   0.811957427   0.811957427
C        0.062788215   0.187610844   0.187610844
C        0.062894427   0.187664260   0.437603254
C        0.062500241   0.187318140   0.687653263
C        0.062505668   0.187394776   0.937655601
C        0.062894427   0.437603254   0.187664260
C        0.062796435   0.437602968   0.437602968
C        0.062380913   0.437404674   0.687646850
C        0.062388981   0.437423759   0.937750163
C        0.062500241   0.687653263   0.187318140
C        0.062380913   0.687646850   0.437404674
C        0.062049406   0.687480838   0.687480838
C        0.062154751   0.687480393   0.937409196
C        0.062505668   0.937655601   0.187394776
C        0.062388981   0.937750163   0.437423759
C        0.062154751   0.937409196   0.687480393
C        0.062300066   0.937449013   0.937449013
C        0.312778359   0.187923777   0.187923777
C        0.313044987   0.188185717   0.437954360
C        0.312355958   0.187287739   0.687892536
C        0.312443825   0.187450517   0.937923148
C        0.313044987   0.437954360   0.188185717
C        0.314084041   0.438907130   0.438907130
C        0.310923898   0.437246273   0.689242326
C        0.312331989   0.437437865   0.937980315
C        0.312355958   0.687892536   0.187287739
C        0.310923898   0.689242326   0.437246273
C        0.311586128   0.687909037   0.687909037
C        0.312148893   0.687599921   0.937707388
C        0.312443825   0.937923148   0.187450517
C        0.312331989   0.937980315   0.437437865
C        0.312148893   0.937707388   0.687599921
C        0.312304466   0.937576953   0.937576953
C        0.562790326   0.187724932   0.187724932
C        0.562875621   0.187578051   0.437713259
C        0.562600145   0.186983537   0.687888994
C        0.562536366   0.187101561   0.937899422
C        0.562875621   0.437713259   0.187578051
C        0.562591937   0.434648916   0.689398703
C        0.562430708   0.437279157   0.937652129
C        0.562600145   0.687888994   0.186983537
C        0.562591937   0.689398703   0.434648916
C        0.560637538   0.685291584   0.685291584
C        0.562229727   0.687287714   0.937187304
C        0.562536366   0.937899422   0.187101561
C        0.562430708   0.937652129   0.437279157
C        0.562229727   0.937187304   0.687287714
C        0.562365043   0.937275799   0.937275799
C        0.812790364   0.187388399   0.187388399
C        0.813186042   0.186890269   0.437402188
C        0.812723624   0.186961196   0.687581454
C        0.812570701   0.187203657   0.937505713
C        0.813186042   0.437402188   0.186890269
C        0.813085038   0.437147090   0.437147090
C        0.812717761   0.436795246   0.687419703
C        0.812537516   0.437242425   0.937455074
C        0.812723624   0.687581454   0.186961196
C        0.812717761   0.687419703   0.436795246
C        0.811327424   0.686614306   0.686614306
C        0.812123089   0.687234377   0.936930983
C        0.812570701   0.937505713   0.187203657
C        0.812537516   0.937455074   0.437242425
C        0.812123089   0.936930983   0.687234377
C        0.812340443   0.937199186   0.937199186
C        0.187610844   0.187610844   0.062788215
C        0.187923777   0.187923777   0.312778359
C        0.187724932   0.187724932   0.562790326
C        0.187388399   0.187388399   0.812790364
C        0.187664260   0.437603254   0.062894427
C        0.188185717   0.437954360   0.313044987
C        0.187578051   0.437713259   0.562875621
C        0.186890269   0.437402188   0.813186042
C        0.187318140   0.687653263   0.062500241
C        0.187287739   0.687892536   0.312355958
C        0.186983537   0.687888994   0.562600145
C        0.186961196   0.687581454   0.812723624
C        0.187394776   0.937655601   0.062505668
C        0.187450517   0.937923148   0.312443825
C        0.187101561   0.937899422   0.562536366
C        0.187203657   0.937505713   0.812570701
C        0.437603254   0.187664260   0.062894427
C        0.437954360   0.188185717   0.313044987
C        0.437713259   0.187578051   0.562875621
C        0.437402188   0.186890269   0.813186042
C        0.437602968   0.437602968   0.062796435
C        0.438907130   0.438907130   0.314084041
C        0.437147090   0.437147090   0.813085038
C        0.437404674   0.687646850   0.062380913
C        0.437246273   0.689242326   0.310923898
C        0.434648916   0.689398703   0.562591937
C        0.436795246   0.687419703   0.812717761
C        0.437423759   0.937750163   0.062388981
C        0.437437865   0.937980315   0.312331989
C        0.437279157   0.937652129   0.562430708
C        0.437242425   0.937455074   0.812537516
C        0.687653263   0.187318140   0.062500241
C        0.687892536   0.187287739   0.312355958
C        0.687888994   0.186983537   0.562600145
C        0.687581454   0.186961196   0.812723624
C        0.687646850   0.437404674   0.062380913
C        0.689242326   0.437246273   0.310923898
C        0.689398703   0.434648916   0.562591937
C        0.687419703   0.436795246   0.812717761
C        0.687480838   0.687480838   0.062049406
C        0.687909037   0.687909037   0.311586128
C        0.685291584   0.685291584   0.560637538
C        0.686614306   0.686614306   0.811327424
C        0.687480393   0.937409196   0.062154751
C        0.687599921   0.937707388   0.312148893
C        0.687287714   0.937187304   0.562229727
C        0.687234377   0.936930983   0.812123089
C        0.937655601   0.187394776   0.062505668
C        0.937923148   0.187450517   0.312443825
C        0.937899422   0.187101561   0.562536366
C        0.937505713   0.187203657   0.812570701
C        0.937750163   0.437423759   0.062388981
C        0.937980315   0.437437865   0.312331989
C        0.937652129   0.437279157   0.562430708
C        0.937455074   0.437242425   0.812537516
C        0.937409196   0.687480393   0.062154751
C        0.937707388   0.687599921   0.312148893
C        0.937187304   0.687287714   0.562229727
C        0.936930983   0.687234377   0.812123089
C        0.937449013   0.937449013   0.062300066
C        0.937576953   0.937576953   0.312304466
C        0.937275799   0.937275799   0.562365043
C        0.937199186   0.937199186   0.812340443
C        0.570285117   0.436472682   0.436472682
C        0.436472682   0.436472682   0.570285117
C        0.436472682   0.570285117   0.436472682
Si       0.531212483   0.531212483   0.531212483
