&CONTROL
calculation = 'scf'
restart_mode = 'from_scratch'
prefix = 'pwscf'
pseudo_dir = '/home/jinyuchem/program/QE/pseudo-potential'
outdir = './'
wf_collect = .TRUE.
tprnfor = .TRUE.
verbosity = 'high'
forc_conv_thr = 0.00039
nstep = 100
/
&SYSTEM
ibrav = 0
nat = 999
ntyp = 2
ecutwfc = 60
tot_charge = 0
nspin = 2
tot_magnetization = 2
nbnd = 2032
input_dft = 'PBE0'
exx_fraction = 0.18
ecutfock = 60
/
&ELECTRONS
electron_maxstep = 600
conv_thr = 1.0d-7
mixing_mode = 'plain'
mixing_beta = 0.3
diagonalization = 'david'
diago_full_acc = .TRUE.
startingpot = 'atomic'
startingwfc = 'atomic+random'
/
&IONS
ion_dynamics='bfgs'
ion_positions='default'
/
ATOMIC_SPECIES
C  12.0107      C_ONCV_PBE-1.0.upf
Si 28.0855      Si_ONCV_PBE-1.1.upf
CELL_PARAMETERS angstrom
17.75 0.0   0.0
0.0   17.75 0.0
0.0   0.0   17.75
K_POINTS gamma
ATOMIC_POSITIONS crystal
C             0.0001457036        0.0001457036        0.0001457036
C             0.0003882231        0.1002596450        0.1002596450
C             0.1002596450        0.1002596450        0.0003882231
C             0.1002596450        0.0003882231        0.1002596450
C             0.1503634579        0.0504727036        0.1503634579
C             0.0502549447        0.0502549447        0.0502549447
C             0.0504727036        0.1503634579        0.1503634579
C             0.1503634579        0.1503634579        0.0504727036
C             0.0003113842        0.0003113842        0.2001557780
C             0.0004296784        0.1002835035        0.3002572896
C             0.0999922599        0.0999922599        0.8003870934
C             0.1000393676        0.0001194757        0.9002553740
C             0.2001557780        0.0003113842        0.0003113842
C             0.3002572896        0.0004296784        0.1002835035
C             0.8003870934        0.0999922599        0.0999922599
C             0.9002553740        0.1000393676        0.0001194757
C             0.0003113842        0.2001557780        0.0003113842
C             0.1002835035        0.3002572896        0.0004296784
C             0.0999922599        0.8003870934        0.0999922599
C             0.0001194757        0.9002553740        0.1000393676
C             0.1501250179        0.0502005922        0.9503594012
C             0.0500122597        0.0500122597        0.8502573601
C             0.0504406865        0.1503421199        0.3503660340
C             0.1505584052        0.1505584052        0.2505041459
C             0.1505584052        0.2505041459        0.1505584052
C             0.1503421199        0.3503660340        0.0504406865
C             0.0500122597        0.8502573601        0.0500122597
C             0.0502005922        0.9503594012        0.1501250179
C             0.3503660340        0.0504406865        0.1503421199
C             0.2505041459        0.1505584052        0.1505584052
C             0.9503594012        0.1501250179        0.0502005922
C             0.8502573601        0.0500122597        0.0500122597
C             0.0502005922        0.1501250179        0.9503594012
C             0.1503421199        0.0504406865        0.3503660340
C             0.9503594012        0.0502005922        0.1501250179
C             0.3503660340        0.1503421199        0.0504406865
C             0.1501250179        0.9503594012        0.0502005922
C             0.0504406865        0.3503660340        0.1503421199
C             0.1002835035        0.0004296784        0.3002572896
C             0.0001194757        0.1000393676        0.9002553740
C             0.1000393676        0.9002553740        0.0001194757
C             0.0004296784        0.3002572896        0.1002835035
C             0.9002553740        0.0001194757        0.1000393676
C             0.3002572896        0.1002835035        0.0004296784
C             0.2004007413        0.1004738529        0.1004738529
C             0.8001532948       -0.0000407462       -0.0000407462
C             0.1004738529        0.2004007413        0.1004738529
C            -0.0000407462        0.8001532948       -0.0000407462
C             0.1500331651        0.1500331651        0.8504817645
C             0.0503858114        0.0503858114        0.2502610383
C             0.2502610383        0.0503858114        0.0503858114
C             0.8504817645        0.1500331651        0.1500331651
C             0.1500331651        0.8504817645        0.1500331651
C             0.0503858114        0.2502610383        0.0503858114
C             0.1004738529        0.1004738529        0.2004007413
C            -0.0000407462       -0.0000407462        0.8001532948
C             0.0001441181        0.0001441181        0.4001358289
C             0.0000864268        0.0999670402        0.5002419081
C             0.0999336138        0.0999336138        0.6003804659
C             0.0998757795       -0.0000398418        0.7002634172
C             0.4001358289        0.0001441181        0.0001441181
C             0.5002419081        0.0000864268        0.0999670402
C             0.6003804659        0.0999336138        0.0999336138
C             0.7002634172        0.0998757795       -0.0000398418
C             0.0001441181        0.4001358289        0.0001441181
C             0.0999670402        0.5002419081        0.0000864268
C             0.0999336138        0.6003804659        0.0999336138
C            -0.0000398418        0.7002634172        0.0998757795
C             0.1499059642        0.0499512647        0.7503703078
C             0.0499034647        0.0499034647        0.6502668702
C             0.0500010677        0.1499332360        0.5503504931
C             0.1502860875        0.1502860875        0.4505210665
C             0.1502860875        0.4505210665        0.1502860875
C             0.1499332360        0.5503504931        0.0500010677
C             0.0499034647        0.6502668702        0.0499034647
C             0.0499512647        0.7503703078        0.1499059642
C             0.5503504931        0.0500010677        0.1499332360
C             0.4505210665        0.1502860875        0.1502860875
C             0.7503703078        0.1499059642        0.0499512647
C             0.6502668702        0.0499034647        0.0499034647
C             0.0499512647        0.1499059642        0.7503703078
C             0.1499332360        0.0500010677        0.5503504931
C             0.7503703078        0.0499512647        0.1499059642
C             0.5503504931        0.1499332360        0.0500010677
C             0.1499059642        0.7503703078        0.0499512647
C             0.0500010677        0.5503504931        0.1499332360
C             0.0999670402        0.0000864268        0.5002419081
C            -0.0000398418        0.0998757795        0.7002634172
C             0.0998757795        0.7002634172       -0.0000398418
C             0.0000864268        0.5002419081        0.0999670402
C             0.7002634172       -0.0000398418        0.0998757795
C             0.5002419081        0.0999670402        0.0000864268
C             0.4003822414        0.1003211816        0.1003211816
C             0.6001571223       -0.0000944694       -0.0000944694
C             0.1003211816        0.4003822414        0.1003211816
C            -0.0000944694        0.6001571223       -0.0000944694
C             0.1498798163        0.1498798163        0.6505011202
C             0.0501443731        0.0501443731        0.4502416281
C             0.4502416281        0.0501443731        0.0501443731
C             0.6505011202        0.1498798163        0.1498798163
C             0.1498798163        0.6505011202        0.1498798163
C             0.0501443731        0.4502416281        0.0501443731
C             0.1003211816        0.1003211816        0.4003822414
C            -0.0000944694       -0.0000944694        0.6001571223
C             0.0005230402        0.2003186209        0.2003186209
C             0.0000864124        0.9002780504        0.3000350313
C             0.0998737900        0.2999874281        0.8004604729
C             0.0998536531        0.8001428119        0.9000441285
C             0.2003186209        0.0005230402        0.2003186209
C             0.3000350313        0.0000864124        0.9002780504
C             0.8004604729        0.0998737900        0.2999874281
C             0.9000441285        0.0998536531        0.8001428119
C             0.2003186209        0.2003186209        0.0005230402
C             0.9002780504        0.3000350313        0.0000864124
C             0.2999874281        0.8004604729        0.0998737900
C             0.8001428119        0.9000441285        0.0998536531
C             0.3501199586        0.0501244265        0.9503055179
C             0.8500409011        0.0498468163        0.8500409011
C             0.2506128967        0.1506486470        0.3506177256
C             0.9504897632        0.1502031769        0.2501982412
C             0.1502031769        0.2501982412        0.9504897632
C             0.1506486470        0.3506177256        0.2506128967
C             0.0498468163        0.8500409011        0.8500409011
C             0.0501244265        0.9503055179        0.3501199586
C             0.3506177256        0.2506128967        0.1506486470
C             0.2501982412        0.9504897632        0.1502031769
C             0.9503055179        0.3501199586        0.0501244265
C             0.8500409011        0.8500409011        0.0498468163
C             0.0501244265        0.3501199586        0.9503055179
C             0.1502031769        0.9504897632        0.2501982412
C             0.1506486470        0.2506128967        0.3506177256
C             0.9503055179        0.0501244265        0.3501199586
C             0.2501982412        0.1502031769        0.9504897632
C             0.3506177256        0.1506486470        0.2506128967
C             0.3501199586        0.9503055179        0.0501244265
C             0.9504897632        0.2501982412        0.1502031769
C             0.2506128967        0.3506177256        0.1506486470
C             0.9002780504        0.0000864124        0.3000350313
C             0.8001428119        0.0998536531        0.9000441285
C             0.2999874281        0.0998737900        0.8004604729
C             0.0998737900        0.8004604729        0.2999874281
C             0.0998536531        0.9000441285        0.8001428119
C             0.0000864124        0.3000350313        0.9002780504
C             0.9000441285        0.8001428119        0.0998536531
C             0.8004604729        0.2999874281        0.0998737900
C             0.3000350313        0.9002780504        0.0000864124
C             0.0003811054        0.3002792026        0.3002792026
C             0.0000174771        0.8003188750        0.1999352164
C             0.1001311431        0.2001078383        0.9004550913
C             0.2005185716        0.1005874138        0.3004894211
C             0.8003188750        0.0000174771        0.1999352164
C             0.9000488842       -0.0000419630        0.9000488842
C             0.2005185716        0.3004894211        0.1005874138
C             0.9004550913        0.2001078383        0.1001311431
C             0.7999879108        0.7999879108       -0.0002571111
C             0.3500469072        0.1498993963        0.8504386575
C             0.8502148220        0.1499287266        0.9500761668
C             0.2504112922        0.0505360533        0.2504112922
C             0.1498993963        0.3500469072        0.8504386575
C             0.0500298346        0.9501262825        0.9501262825
C             0.0500246528        0.8503983378        0.2499958819
C             0.3503155979        0.3503155979        0.0502710029
C             0.2499958819        0.8503983378        0.0500246528
C             0.8502148220        0.9500761668        0.1499287266
C             0.0500246528        0.2499958819        0.8503983378
C             0.1498993963        0.8504386575        0.3500469072
C             0.2499958819        0.0500246528        0.8503983378
C             0.3503155979        0.0502710029        0.3503155979
C             0.3500469072        0.8504386575        0.1498993963
C             0.2504112922        0.2504112922        0.0505360533
C             0.9004550913        0.1001311431        0.2001078383
C             0.7999879108       -0.0002571111        0.7999879108
C             0.1001311431        0.9004550913        0.2001078383
C             0.0000174771        0.1999352164        0.8003188750
C             0.9000488842        0.9000488842       -0.0000419630
C             0.8003188750        0.1999352164        0.0000174771
C             0.1005874138        0.2005185716        0.3004894211
C            -0.0002571111        0.7999879108        0.7999879108
C             0.3002792026        0.0003811054        0.3002792026
C             0.1999352164        0.0000174771        0.8003188750
C             0.3004894211        0.2005185716        0.1005874138
C             0.1999352164        0.8003188750        0.0000174771
C             0.9501262825        0.0500298346        0.9501262825
C             0.8504386575        0.1498993963        0.3500469072
C             0.0502710029        0.3503155979        0.3503155979
C             0.1499287266        0.8502148220        0.9500761668
C             0.8504386575        0.3500469072        0.1498993963
C             0.9500761668        0.8502148220        0.1499287266
C             0.0505360533        0.2504112922        0.2504112922
C             0.8503983378        0.0500246528        0.2499958819
C             0.8503983378        0.2499958819        0.0500246528
C             0.2001078383        0.1001311431        0.9004550913
C            -0.0000419630        0.9000488842        0.9000488842
C             0.2001078383        0.9004550913        0.1001311431
C             0.1005874138        0.3004894211        0.2005185716
C             0.3004894211        0.1005874138        0.2005185716
C             0.3002792026        0.3002792026        0.0003811054
C             0.9500761668        0.1499287266        0.8502148220
C             0.1499287266        0.9500761668        0.8502148220
C             0.9501262825        0.9501262825        0.0500298346
C             0.0003009184        0.2001461528        0.4003057819
C            -0.0001707996        0.9000409761        0.5000560017
C             0.0997272086        0.2999318918        0.6005219367
C             0.0996299834        0.8000488471        0.7000941512
C             0.4003057819        0.0003009184        0.2001461528
C             0.5000560017       -0.0001707996        0.9000409761
C             0.6005219367        0.0997272086        0.2999318918
C             0.7000941512        0.0996299834        0.8000488471
C             0.2001461528        0.4003057819        0.0003009184
C             0.9000409761        0.5000560017       -0.0001707996
C             0.2999318918        0.6005219367        0.0997272086
C             0.8000488471        0.7000941512        0.0996299834
C             0.3499314228        0.0497096910        0.7504247234
C             0.8499826522        0.0496812035        0.6500649573
C             0.2499212671        0.1498112023        0.5505970163
C             0.9502215314        0.1499731398        0.4501988194
C             0.1499731398        0.4501988194        0.9502215314
C             0.1498112023        0.5505970163        0.2499212671
C             0.0496812035        0.6500649573        0.8499826522
C             0.0497096910        0.7504247234        0.3499314228
C             0.5505970163        0.2499212671        0.1498112023
C             0.4501988194        0.9502215314        0.1499731398
C             0.7504247234        0.3499314228        0.0497096910
C             0.6500649573        0.8499826522        0.0496812035
C             0.0496812035        0.8499826522        0.6500649573
C             0.0497096910        0.3499314228        0.7504247234
C             0.1499731398        0.9502215314        0.4501988194
C             0.1498112023        0.2499212671        0.5505970163
C             0.6500649573        0.0496812035        0.8499826522
C             0.7504247234        0.0497096910        0.3499314228
C             0.4501988194        0.1499731398        0.9502215314
C             0.5505970163        0.1498112023        0.2499212671
C             0.8499826522        0.6500649573        0.0496812035
C             0.3499314228        0.7504247234        0.0497096910
C             0.9502215314        0.4501988194        0.1499731398
C             0.2499212671        0.5505970163        0.1498112023
C             0.9000409761       -0.0001707996        0.5000560017
C             0.2001461528        0.0003009184        0.4003057819
C             0.8000488471        0.0996299834        0.7000941512
C             0.2999318918        0.0997272086        0.6005219367
C             0.0997272086        0.6005219367        0.2999318918
C             0.0996299834        0.7000941512        0.8000488471
C             0.0003009184        0.4003057819        0.2001461528
C            -0.0001707996        0.5000560017        0.9000409761
C             0.7000941512        0.8000488471        0.0996299834
C             0.6005219367        0.2999318918        0.0997272086
C             0.5000560017        0.9000409761       -0.0001707996
C             0.4003057819        0.2001461528        0.0003009184
C             0.0000167245        0.2999928127        0.5002654252
C            -0.0002309466        0.8002297750        0.3999623873
C             0.0998912879        0.1999058690        0.7004649139
C             0.0997487060        0.9000437006        0.6001577090
C             0.4004645634        0.1002780749        0.3003378275
C             0.5000687554        0.0995755180        0.8002904007
C             0.6003116259       -0.0000392532        0.1998600377
C             0.7000714006       -0.0002145706        0.8999240072
C             0.2000491355        0.5004781495        0.1000515743
C             0.9002982741        0.4001136119        0.0999398805
C             0.2998732030        0.7003193963       -0.0001617274
C             0.7999755121        0.6000043141       -0.0003980382
C             0.3499261048        0.1493761477        0.6507809344
C             0.8500399843        0.1497366701        0.7501244050
C             0.2501373632        0.0501898225        0.4503812656
C             0.9500135848        0.0498590297        0.5501380412
C             0.1496806839        0.5501270180        0.8501619228
C             0.1500495018        0.4505305416        0.3502980142
C             0.0498572967        0.7501465431        0.9499559885
C             0.0498327551        0.6504171107        0.2498612462
C             0.5503397450        0.3499910823        0.0498321185
C             0.4500378584        0.8502312038        0.0497702882
C             0.7505680392        0.2499085872        0.1498321509
C             0.6502303299        0.9499843370        0.1497992884
C             0.0498572967        0.9499559885        0.7501465431
C             0.0498327551        0.2498612462        0.6504171107
C             0.1496806839        0.8501619228        0.5501270180
C             0.1500495018        0.3502980142        0.4505305416
C             0.6502303299        0.1497992884        0.9499843370
C             0.7505680392        0.1498321509        0.2499085872
C             0.4500378584        0.0497702882        0.8502312038
C             0.5503397450        0.0498321185        0.3499910823
C             0.8500399843        0.7501244050        0.1497366701
C             0.3499261048        0.6507809344        0.1493761477
C             0.9500135848        0.5501380412        0.0498590297
C             0.2501373632        0.4503812656        0.0501898225
C             0.9002982741        0.0999398805        0.4001136119
C             0.2000491355        0.1000515743        0.5004781495
C             0.7999755121       -0.0003980382        0.6000043141
C             0.2998732030       -0.0001617274        0.7003193963
C             0.0998912879        0.7004649139        0.1999058690
C             0.0997487060        0.6001577090        0.9000437006
C             0.0000167245        0.5002654252        0.2999928127
C            -0.0002309466        0.3999623873        0.8002297750
C             0.7000714006        0.8999240072       -0.0002145706
C             0.6003116259        0.1998600377       -0.0000392532
C             0.5000687554        0.8002904007        0.0995755180
C             0.4004645634        0.3003378275        0.1002780749
C             0.1000515743        0.2000491355        0.5004781495
C             0.0999398805        0.9002982741        0.4001136119
C            -0.0001617274        0.2998732030        0.7003193963
C            -0.0003980382        0.7999755121        0.6000043141
C             0.5002654252        0.0000167245        0.2999928127
C             0.3999623873       -0.0002309466        0.8002297750
C             0.7004649139        0.0998912879        0.1999058690
C             0.6001577090        0.0997487060        0.9000437006
C             0.3003378275        0.4004645634        0.1002780749
C             0.8002904007        0.5000687554        0.0995755180
C             0.1998600377        0.6003116259       -0.0000392532
C             0.8999240072        0.7000714006       -0.0002145706
C             0.2498612462        0.0498327551        0.6504171107
C             0.9499559885        0.0498572967        0.7501465431
C             0.3502980142        0.1500495018        0.4505305416
C             0.8501619228        0.1496806839        0.5501270180
C             0.0497702882        0.4500378584        0.8502312038
C             0.0498321185        0.5503397450        0.3499910823
C             0.1497992884        0.6502303299        0.9499843370
C             0.1498321509        0.7505680392        0.2499085872
C             0.4503812656        0.2501373632        0.0501898225
C             0.5501380412        0.9500135848        0.0498590297
C             0.6507809344        0.3499261048        0.1493761477
C             0.7501244050        0.8500399843        0.1497366701
C             0.1497366701        0.8500399843        0.7501244050
C             0.1493761477        0.3499261048        0.6507809344
C             0.0498590297        0.9500135848        0.5501380412
C             0.0501898225        0.2501373632        0.4503812656
C             0.7501465431        0.0498572967        0.9499559885
C             0.6504171107        0.0498327551        0.2498612462
C             0.5501270180        0.1496806839        0.8501619228
C             0.4505305416        0.1500495018        0.3502980142
C             0.9499843370        0.6502303299        0.1497992884
C             0.2499085872        0.7505680392        0.1498321509
C             0.8502312038        0.4500378584        0.0497702882
C             0.3499910823        0.5503397450        0.0498321185
C             0.8002297750       -0.0002309466        0.3999623873
C             0.2999928127        0.0000167245        0.5002654252
C             0.9000437006        0.0997487060        0.6001577090
C             0.1999058690        0.0998912879        0.7004649139
C            -0.0000392532        0.6003116259        0.1998600377
C            -0.0002145706        0.7000714006        0.8999240072
C             0.1002780749        0.4004645634        0.3003378275
C             0.0995755180        0.5000687554        0.8002904007
C             0.6000043141        0.7999755121       -0.0003980382
C             0.7003193963        0.2998732030       -0.0001617274
C             0.4001136119        0.9002982741        0.0999398805
C             0.5004781495        0.2000491355        0.1000515743
C             0.1002780749        0.3003378275        0.4004645634
C             0.0995755180        0.8002904007        0.5000687554
C            -0.0000392532        0.1998600377        0.6003116259
C            -0.0002145706        0.8999240072        0.7000714006
C             0.5004781495        0.1000515743        0.2000491355
C             0.4001136119        0.0999398805        0.9002982741
C             0.7003193963       -0.0001617274        0.2998732030
C             0.6000043141       -0.0003980382        0.7999755121
C             0.2999928127        0.5002654252        0.0000167245
C             0.8002297750        0.3999623873       -0.0002309466
C             0.1999058690        0.7004649139        0.0998912879
C             0.9000437006        0.6001577090        0.0997487060
C             0.2499085872        0.1498321509        0.7505680392
C             0.9499843370        0.1497992884        0.6502303299
C             0.3499910823        0.0498321185        0.5503397450
C             0.8502312038        0.0497702882        0.4500378584
C             0.0498590297        0.5501380412        0.9500135848
C             0.0501898225        0.4503812656        0.2501373632
C             0.1497366701        0.7501244050        0.8500399843
C             0.1493761477        0.6507809344        0.3499261048
C             0.4505305416        0.3502980142        0.1500495018
C             0.5501270180        0.8501619228        0.1496806839
C             0.6504171107        0.2498612462        0.0498327551
C             0.7501465431        0.9499559885        0.0498572967
C             0.1497992884        0.9499843370        0.6502303299
C             0.1498321509        0.2499085872        0.7505680392
C             0.0497702882        0.8502312038        0.4500378584
C             0.0498321185        0.3499910823        0.5503397450
C             0.7501244050        0.1497366701        0.8500399843
C             0.6507809344        0.1493761477        0.3499261048
C             0.5501380412        0.0498590297        0.9500135848
C             0.4503812656        0.0501898225        0.2501373632
C             0.9499559885        0.7501465431        0.0498572967
C             0.2498612462        0.6504171107        0.0498327551
C             0.8501619228        0.5501270180        0.1496806839
C             0.3502980142        0.4505305416        0.1500495018
C             0.8002904007        0.0995755180        0.5000687554
C             0.3003378275        0.1002780749        0.4004645634
C             0.8999240072       -0.0002145706        0.7000714006
C             0.1998600377       -0.0000392532        0.6003116259
C            -0.0001617274        0.7003193963        0.2998732030
C            -0.0003980382        0.6000043141        0.7999755121
C             0.1000515743        0.5004781495        0.2000491355
C             0.0999398805        0.4001136119        0.9002982741
C             0.6001577090        0.9000437006        0.0997487060
C             0.7004649139        0.1999058690        0.0998912879
C             0.3999623873        0.8002297750       -0.0002309466
C             0.5002654252        0.2999928127        0.0000167245
C             0.0000490443        0.4001552434        0.4001552434
C            -0.0004383274        0.7001007435        0.4999533197
C             0.0994402986        0.5001192113        0.6003035008
C             0.0994322780        0.6000915639        0.7001679525
C             0.4001552434        0.0000490443        0.4001552434
C             0.4999533197       -0.0004383274        0.7001007435
C             0.6003035008        0.0994402986        0.5001192113
C             0.7001679525        0.0994322780        0.6000915639
C             0.4001552434        0.4001552434        0.0000490443
C             0.7001007435        0.4999533197       -0.0004383274
C             0.5001192113        0.6003035008        0.0994402986
C             0.6000915639        0.7001679525        0.0994322780
C             0.5500127891        0.0495395483        0.7501264001
C             0.6500475542        0.0494599912        0.6500475542
C             0.4501622402        0.1494456763        0.5504993817
C             0.7505137565        0.1494608127        0.4500289738
C             0.1494608127        0.4500289738        0.7505137565
C             0.1494456763        0.5504993817        0.4501622402
C             0.0494599912        0.6500475542        0.6500475542
C             0.0495395483        0.7501264001        0.5500127891
C             0.5504993817        0.4501622402        0.1494456763
C             0.4500289738        0.7505137565        0.1494608127
C             0.7501264001        0.5500127891        0.0495395483
C             0.6500475542        0.6500475542        0.0494599912
C             0.0495395483        0.5500127891        0.7501264001
C             0.1494608127        0.7505137565        0.4500289738
C             0.1494456763        0.4501622402        0.5504993817
C             0.7501264001        0.0495395483        0.5500127891
C             0.4500289738        0.1494608127        0.7505137565
C             0.5504993817        0.1494456763        0.4501622402
C             0.5500127891        0.7501264001        0.0495395483
C             0.7505137565        0.4500289738        0.1494608127
C             0.4501622402        0.5504993817        0.1494456763
C             0.7001007435       -0.0004383274        0.4999533197
C             0.6000915639        0.0994322780        0.7001679525
C             0.5001192113        0.0994402986        0.6003035008
C             0.0994402986        0.6003035008        0.5001192113
C             0.0994322780        0.7001679525        0.6000915639
C            -0.0004383274        0.4999533197        0.7001007435
C             0.7001679525        0.6000915639        0.0994322780
C             0.6003035008        0.5001192113        0.0994402986
C             0.4999533197        0.7001007435       -0.0004383274
C            -0.0002650962        0.5000667851        0.5000667851
C            -0.0002491776        0.6002068143        0.3999311039
C             0.0994865983        0.3999712852        0.7005391167
C             0.4001539505        0.0997908468        0.5003735618
C             0.6002068143       -0.0002491776        0.3999311039
C             0.6999670273       -0.0004814466        0.6999670273
C             0.4001539505        0.5003735618        0.0997908468
C             0.7005391167        0.3999712852        0.0994865983
C             0.6000038855        0.6000038855       -0.0005134387
C             0.5501211607        0.1493518998        0.6503237508
C             0.6500943103        0.1495351367        0.7501088617
C             0.4501885373        0.0498588726        0.4501885373
C             0.1493518998        0.5501211607        0.6503237508
C             0.0496129572        0.7500078998        0.7500078998
C             0.0495668450        0.6502870500        0.4499798134
C             0.5501290339        0.5501290339        0.0495275160
C             0.4499798134        0.6502870500        0.0495668450
C             0.6500943103        0.7501088617        0.1495351367
C             0.0495668450        0.4499798134        0.6502870500
C             0.1493518998        0.6503237508        0.5501211607
C             0.4499798134        0.0495668450        0.6502870500
C             0.5501290339        0.0495275160        0.5501290339
C             0.5501211607        0.6503237508        0.1493518998
C             0.4501885373        0.4501885373        0.0498588726
C             0.7005391167        0.0994865983        0.3999712852
C             0.6000038855       -0.0005134387        0.6000038855
C             0.0994865983        0.7005391167        0.3999712852
C            -0.0002491776        0.3999311039        0.6002068143
C             0.6999670273        0.6999670273       -0.0004814466
C             0.6002068143        0.3999311039       -0.0002491776
C             0.0997908468        0.4001539505        0.5003735618
C            -0.0005134387        0.6000038855        0.6000038855
C             0.5000667851       -0.0002650962        0.5000667851
C             0.3999311039       -0.0002491776        0.6002068143
C             0.5003735618        0.4001539505        0.0997908468
C             0.3999311039        0.6002068143       -0.0002491776
C             0.7500078998        0.0496129572        0.7500078998
C             0.6503237508        0.1493518998        0.5501211607
C             0.0495275160        0.5501290339        0.5501290339
C             0.1495351367        0.6500943103        0.7501088617
C             0.6503237508        0.5501211607        0.1493518998
C             0.7501088617        0.6500943103        0.1495351367
C             0.0498588726        0.4501885373        0.4501885373
C             0.6502870500        0.0495668450        0.4499798134
C             0.6502870500        0.4499798134        0.0495668450
C             0.3999712852        0.0994865983        0.7005391167
C            -0.0004814466        0.6999670273        0.6999670273
C             0.3999712852        0.7005391167        0.0994865983
C             0.0997908468        0.5003735618        0.4001539505
C             0.5003735618        0.0997908468        0.4001539505
C             0.5000667851        0.5000667851       -0.0002650962
C             0.7501088617        0.1495351367        0.6500943103
C             0.1495351367        0.7501088617        0.6500943103
C             0.7500078998        0.7500078998        0.0496129572
C             0.2006474340        0.2006474340        0.2006474340
C             0.8001410487        0.8999865405        0.2998621772
C             0.8999865405        0.2998621772        0.8001410487
C             0.2998621772        0.8001410487        0.8999865405
C             0.3502034716        0.2501175365        0.9503603454
C             0.8498544070        0.8498544070        0.8498544070
C             0.2501175365        0.9503603454        0.3502034716
C             0.9503603454        0.3502034716        0.2501175365
C             0.2501175365        0.3502034716        0.9503603454
C             0.3502034716        0.9503603454        0.2501175365
C             0.9503603454        0.2501175365        0.3502034716
C             0.8999865405        0.8001410487        0.2998621772
C             0.8001410487        0.2998621772        0.8999865405
C             0.2998621772        0.8999865405        0.8001410487
C             0.2010087597        0.3008708847        0.3008708847
C             0.8000966119        0.8000966119        0.1997333880
C             0.9001602931        0.1999446033        0.9001602931
C             0.3499333720        0.3499333720        0.8502653605
C             0.8500420975        0.9499512421        0.9499512421
C             0.2499963076        0.8505137829        0.2499963076
C             0.2499963076        0.2499963076        0.8505137829
C             0.3499333720        0.8502653605        0.3499333720
C             0.9001602931        0.9001602931        0.1999446033
C             0.8000966119        0.1997333880        0.8000966119
C             0.3008708847        0.2010087597        0.3008708847
C             0.1997333880        0.8000966119        0.8000966119
C             0.9499512421        0.8500420975        0.9499512421
C             0.8502653605        0.3499333720        0.3499333720
C             0.8505137829        0.2499963076        0.2499963076
C             0.1999446033        0.9001602931        0.9001602931
C             0.3008708847        0.3008708847        0.2010087597
C             0.9499512421        0.9499512421        0.8500420975
C             0.2005663178        0.2005663178        0.4006465907
C             0.7998757775        0.8996947509        0.4998803124
C             0.8999682381        0.2997819770        0.6001412504
C             0.2996498173        0.7999989377        0.7000667756
C             0.4006465907        0.2005663178        0.2005663178
C             0.4998803124        0.7998757775        0.8996947509
C             0.6001412504        0.8999682381        0.2997819770
C             0.7000667756        0.2996498173        0.7999989377
C             0.2005663178        0.4006465907        0.2005663178
C             0.8996947509        0.4998803124        0.7998757775
C             0.2997819770        0.6001412504        0.8999682381
C             0.7999989377        0.7000667756        0.2996498173
C             0.3498809279        0.2496965479        0.7505600544
C             0.8496886728        0.8496886728        0.6498443755
C             0.2498588529        0.9500319102        0.5502182709
C             0.9500628139        0.3499934646        0.4501229368
C             0.3499934646        0.4501229368        0.9500628139
C             0.9500319102        0.5502182709        0.2498588529
C             0.8496886728        0.6498443755        0.8496886728
C             0.2496965479        0.7505600544        0.3498809279
C             0.5502182709        0.2498588529        0.9500319102
C             0.4501229368        0.9500628139        0.3499934646
C             0.7505600544        0.3498809279        0.2496965479
C             0.6498443755        0.8496886728        0.8496886728
C             0.2496965479        0.3498809279        0.7505600544
C             0.3499934646        0.9500628139        0.4501229368
C             0.9500319102        0.2498588529        0.5502182709
C             0.7505600544        0.2496965479        0.3498809279
C             0.4501229368        0.3499934646        0.9500628139
C             0.5502182709        0.9500319102        0.2498588529
C             0.3498809279        0.7505600544        0.2496965479
C             0.9500628139        0.4501229368        0.3499934646
C             0.2498588529        0.5502182709        0.9500319102
C             0.8996947509        0.7998757775        0.4998803124
C             0.7999989377        0.2996498173        0.7000667756
C             0.2997819770        0.8999682381        0.6001412504
C             0.8999682381        0.6001412504        0.2997819770
C             0.2996498173        0.7000667756        0.7999989377
C             0.7998757775        0.4998803124        0.8996947509
C             0.7000667756        0.7999989377        0.2996498173
C             0.6001412504        0.2997819770        0.8999682381
C             0.4998803124        0.8996947509        0.7998757775
C             0.1997963152        0.3001064929        0.5007974365
C             0.7998557370        0.7998557370        0.3997586777
C             0.9000157790        0.1997698976        0.7002007857
C             0.4015972849        0.3017714764        0.3017714764
C             0.6001388351        0.8001672840        0.1995831924
C             0.7002007857        0.1997698976        0.9000157790
C             0.1997963152        0.5007974365        0.3001064929
C             0.8999929244        0.3999602746        0.8999929244
C             0.8001672840        0.6001388351        0.1995831924
C             0.3496137347        0.3496137347        0.6506416294
C             0.8498806349        0.9497447194        0.7499607732
C             0.2497932889        0.8502494307        0.4500691034
C             0.3497346805        0.5500073445        0.8499833824
C             0.8498806349        0.7499607732        0.9497447194
C             0.2497210589        0.6508033437        0.2497210589
C             0.5500073445        0.3497346805        0.8499833824
C             0.4500691034        0.8502494307        0.2497932889
C             0.6500555918        0.9498398091        0.9498398091
C             0.2497210589        0.2497210589        0.6508033437
C             0.3497346805        0.8499833824        0.5500073445
C             0.4500691034        0.2497932889        0.8502494307
C             0.5500073445        0.8499833824        0.3497346805
C             0.3496137347        0.6506416294        0.3496137347
C             0.2497932889        0.4500691034        0.8502494307
C             0.8999929244        0.8999929244        0.3999602746
C             0.8001672840        0.1995831924        0.6001388351
C             0.9000157790        0.7002007857        0.1997698976
C             0.7998557370        0.3997586777        0.7998557370
C             0.7002007857        0.9000157790        0.1997698976
C             0.6001388351        0.1995831924        0.8001672840
C             0.3001064929        0.1997963152        0.5007974365
C             0.1995831924        0.8001672840        0.6001388351
C             0.5007974365        0.1997963152        0.3001064929
C             0.3997586777        0.7998557370        0.7998557370
C             0.3017714764        0.4015972849        0.3017714764
C             0.1995831924        0.6001388351        0.8001672840
C             0.9497447194        0.8498806349        0.7499607732
C             0.8499833824        0.3497346805        0.5500073445
C             0.8499833824        0.5500073445        0.3497346805
C             0.9498398091        0.6500555918        0.9498398091
C             0.6506416294        0.3496137347        0.3496137347
C             0.7499607732        0.8498806349        0.9497447194
C             0.8502494307        0.2497932889        0.4500691034
C             0.6508033437        0.2497210589        0.2497210589
C             0.8502494307        0.4500691034        0.2497932889
C             0.1997698976        0.9000157790        0.7002007857
C             0.1997698976        0.7002007857        0.9000157790
C             0.3999602746        0.8999929244        0.8999929244
C             0.3017714764        0.3017714764        0.4015972849
C             0.5007974365        0.3001064929        0.1997963152
C             0.3001064929        0.5007974365        0.1997963152
C             0.9498398091        0.9498398091        0.6500555918
C             0.9497447194        0.7499607732        0.8498806349
C             0.7499607732        0.9497447194        0.8498806349
C             0.1998735533        0.1998735533        0.6005877433
C             0.7997996459        0.8996408932        0.6998752201
C             0.9002143927        0.2999624328        0.4000873502
C             0.2996605192        0.8001679401        0.5000090479
C             0.6005877433        0.1998735533        0.1998735533
C             0.6998752201        0.7997996459        0.8996408932
C             0.4000873502        0.9002143927        0.2999624328
C             0.5000090479        0.2996605192        0.8001679401
C             0.1998735533        0.6005877433        0.1998735533
C             0.8996408932        0.6998752201        0.7997996459
C             0.2999624328        0.4000873502        0.9002143927
C             0.8001679401        0.5000090479        0.2996605192
C             0.3498166783        0.2486809612        0.5515775316
C             0.8498559543        0.8498559543        0.4498643771
C             0.2498423923        0.9499564164        0.7502515328
C             0.9498422131        0.3498347661        0.6501748250
C             0.3498347661        0.6501748250        0.9498422131
C             0.9499564164        0.7502515328        0.2498423923
C             0.8498559543        0.4498643771        0.8498559543
C             0.2486809612        0.5515775316        0.3498166783
C             0.7502515328        0.2498423923        0.9499564164
C             0.6501748250        0.9498422131        0.3498347661
C             0.5515775316        0.3498166783        0.2486809612
C             0.4498643771        0.8498559543        0.8498559543
C             0.2486809612        0.3498166783        0.5515775316
C             0.3498347661        0.9498422131        0.6501748250
C             0.9499564164        0.2498423923        0.7502515328
C             0.5515775316        0.2486809612        0.3498166783
C             0.6501748250        0.3498347661        0.9498422131
C             0.7502515328        0.9499564164        0.2498423923
C             0.3498166783        0.5515775316        0.2486809612
C             0.9498422131        0.6501748250        0.3498347661
C             0.2498423923        0.7502515328        0.9499564164
C             0.8996408932        0.7997996459        0.6998752201
C             0.8001679401        0.2996605192        0.5000090479
C             0.2999624328        0.9002143927        0.4000873502
C             0.9002143927        0.4000873502        0.2999624328
C             0.2996605192        0.5000090479        0.8001679401
C             0.7997996459        0.6998752201        0.8996408932
C             0.5000090479        0.8001679401        0.2996605192
C             0.4000873502        0.2999624328        0.9002143927
C             0.6998752201        0.8996408932        0.7997996459
C             0.1996764667        0.2998790533        0.7006480493
C             0.7996144727        0.7996144727        0.5997392584
C             0.9001578953        0.1998253848        0.5001653566
C             0.6009328402        0.2995965248        0.2995965248
C             0.4000203759        0.8004332171        0.1997131421
C             0.5001653566        0.1998253848        0.9001578953
C             0.1996764667        0.7006480493        0.2998790533
C             0.8997871515        0.5999776241        0.8997871515
C             0.8004332171        0.4000203759        0.1997131421
C             0.3491587091        0.3491587091        0.4563494162
C             0.8499137104        0.9497220173        0.5499651890
C             0.2496884647        0.8500393749        0.6501401504
C             0.3497582251        0.7500330708        0.8499136379
C             0.8499137104        0.5499651890        0.9497220173
C             0.2504665957        0.4509599462        0.2504665957
C             0.7500330708        0.3497582251        0.8499136379
C             0.6501401504        0.8500393749        0.2496884647
C             0.4500399379        0.9500071983        0.9500071983
C             0.2504665957        0.2504665957        0.4509599462
C             0.3497582251        0.8499136379        0.7500330708
C             0.6501401504        0.2496884647        0.8500393749
C             0.7500330708        0.8499136379        0.3497582251
C             0.3491587091        0.4563494162        0.3491587091
C             0.2496884647        0.6501401504        0.8500393749
C             0.8997871515        0.8997871515        0.5999776241
C             0.8004332171        0.1997131421        0.4000203759
C             0.9001578953        0.5001653566        0.1998253848
C             0.7996144727        0.5997392584        0.7996144727
C             0.5001653566        0.9001578953        0.1998253848
C             0.4000203759        0.1997131421        0.8004332171
C             0.2998790533        0.1996764667        0.7006480493
C             0.1997131421        0.8004332171        0.4000203759
C             0.7006480493        0.1996764667        0.2998790533
C             0.5997392584        0.7996144727        0.7996144727
C             0.2995965248        0.6009328402        0.2995965248
C             0.1997131421        0.4000203759        0.8004332171
C             0.9497220173        0.8499137104        0.5499651890
C             0.8499136379        0.3497582251        0.7500330708
C             0.8499136379        0.7500330708        0.3497582251
C             0.9500071983        0.4500399379        0.9500071983
C             0.4563494162        0.3491587091        0.3491587091
C             0.5499651890        0.8499137104        0.9497220173
C             0.8500393749        0.2496884647        0.6501401504
C             0.4509599462        0.2504665957        0.2504665957
C             0.8500393749        0.6501401504        0.2496884647
C             0.1998253848        0.9001578953        0.5001653566
C             0.1998253848        0.5001653566        0.9001578953
C             0.5999776241        0.8997871515        0.8997871515
C             0.2995965248        0.2995965248        0.6009328402
C             0.7006480493        0.2998790533        0.1996764667
C             0.2998790533        0.7006480493        0.1996764667
C             0.9500071983        0.9500071983        0.4500399379
C             0.9497220173        0.5499651890        0.8499137104
C             0.5499651890        0.9497220173        0.8499137104
C             0.1999526388        0.1999526388        0.8005400175
C             0.7999703170        0.8998739182        0.8998739182
C             0.9004599802        0.3001248989        0.2000608447
C             0.2998711562        0.8004725475        0.2998711562
C             0.8005400175        0.1999526388        0.1999526388
C             0.8998739182        0.7999703170        0.8998739182
C             0.2000608447        0.9004599802        0.3001248989
C             0.2998711562        0.2998711562        0.8004725475
C             0.1999526388        0.8005400175        0.1999526388
C             0.8998739182        0.8998739182        0.7999703170
C             0.3001248989        0.2000608447        0.9004599802
C             0.8004725475        0.2998711562        0.2998711562
C             0.3512416124        0.2512867844        0.3512416124
C             0.8500946364        0.8500946364        0.2498430094
C             0.2500226001        0.9502130950        0.9502130950
C             0.9499591571        0.3499441837        0.8501709823
C             0.3499441837        0.8501709823        0.9499591571
C             0.9502130950        0.9502130950        0.2500226001
C             0.8500946364        0.2498430094        0.8500946364
C             0.2512867844        0.3512416124        0.3512416124
C             0.9502130950        0.2500226001        0.9502130950
C             0.8501709823        0.9499591571        0.3499441837
C             0.3512416124        0.3512416124        0.2512867844
C             0.2498430094        0.8500946364        0.8500946364
C             0.3499441837        0.9499591571        0.8501709823
C             0.8501709823        0.3499441837        0.9499591571
C             0.9499591571        0.8501709823        0.3499441837
C             0.3001248989        0.9004599802        0.2000608447
C             0.9004599802        0.2000608447        0.3001248989
C             0.2000608447        0.3001248989        0.9004599802
C             0.7997452983        0.7997452983        0.7997452983
C             0.2508010946        0.2508010946        0.2508010946
C             0.2001828546        0.4005913649        0.4005913649
C             0.7995594678        0.6996580372        0.4996342812
C             0.8996399465        0.4997967872        0.5998826852
C             0.2994033443        0.6000784203        0.7001884139
C             0.4005913649        0.2001828546        0.4005913649
C             0.4996342812        0.7995594678        0.6996580372
C             0.5998826852        0.8996399465        0.4997967872
C             0.7001884139        0.2994033443        0.6000784203
C             0.4005913649        0.4005913649        0.2001828546
C             0.6996580372        0.4996342812        0.7995594678
C             0.4997967872        0.5998826852        0.8996399465
C             0.6000784203        0.7001884139        0.2994033443
C             0.5500682347        0.2494780863        0.7502729146
C             0.6496814348        0.8494769151        0.6496814348
C             0.4499127906        0.9497857241        0.5500377336
C             0.7502092361        0.3496264734        0.4498461087
C             0.3496264734        0.4498461087        0.7502092361
C             0.9497857241        0.5500377336        0.4499127906
C             0.8494769151        0.6496814348        0.6496814348
C             0.2494780863        0.7502729146        0.5500682347
C             0.5500377336        0.4499127906        0.9497857241
C             0.4498461087        0.7502092361        0.3496264734
C             0.7502729146        0.5500682347        0.2494780863
C             0.6496814348        0.6496814348        0.8494769151
C             0.2494780863        0.5500682347        0.7502729146
C             0.3496264734        0.7502092361        0.4498461087
C             0.9497857241        0.4499127906        0.5500377336
C             0.7502729146        0.2494780863        0.5500682347
C             0.4498461087        0.3496264734        0.7502092361
C             0.5500377336        0.9497857241        0.4499127906
C             0.5500682347        0.7502729146        0.2494780863
C             0.7502092361        0.4498461087        0.3496264734
C             0.4499127906        0.5500377336        0.9497857241
C             0.6996580372        0.7995594678        0.4996342812
C             0.6000784203        0.2994033443        0.7001884139
C             0.4997967872        0.8996399465        0.5998826852
C             0.8996399465        0.5998826852        0.4997967872
C             0.2994033443        0.7001884139        0.6000784203
C             0.7995594678        0.4996342812        0.6996580372
C             0.7001884139        0.6000784203        0.2994033443
C             0.5998826852        0.4997967872        0.8996399465
C             0.4996342812        0.6996580372        0.7995594678
C             0.1993584416        0.5003858897        0.5003858897
C             0.7998102312        0.5998627524        0.3996190484
C             0.8997786975        0.3998014546        0.7000270074
C             0.3999325214        0.2983888906        0.5023977726
C             0.5998627524        0.7998102312        0.3996190484
C             0.7001201974        0.1994992327        0.7001201974
C             0.3999325214        0.5023977726        0.2983888906
C             0.7000270074        0.3998014546        0.8997786975
C             0.6002788248        0.6002788248        0.1991969872
C             0.5498928491        0.3492022384        0.6502030636
C             0.6498923141        0.9495449237        0.7498689743
C             0.4498448872        0.8499510675        0.4498448872
C             0.3492022384        0.5498928491        0.6502030636
C             0.8496118084        0.7497404302        0.7497404302
C             0.2489444857        0.6509734624        0.4499984774
C             0.5497208689        0.5497208689        0.8496188915
C             0.4499984774        0.6509734624        0.2489444857
C             0.6498923141        0.7498689743        0.9495449237
C             0.2489444857        0.4499984774        0.6509734624
C             0.3492022384        0.6502030636        0.5498928491
C             0.4499984774        0.2489444857        0.6509734624
C             0.5497208689        0.8496188915        0.5497208689
C             0.5498928491        0.6502030636        0.3492022384
C             0.4498448872        0.4498448872        0.8499510675
C             0.7000270074        0.8997786975        0.3998014546
C             0.6002788248        0.1991969872        0.6002788248
C             0.8997786975        0.7000270074        0.3998014546
C             0.7998102312        0.3996190484        0.5998627524
C             0.7001201974        0.7001201974        0.1994992327
C             0.5998627524        0.3996190484        0.7998102312
C             0.2983888906        0.3999325214        0.5023977726
C             0.1991969872        0.6002788248        0.6002788248
C             0.5003858897        0.1993584416        0.5003858897
C             0.3996190484        0.7998102312        0.5998627524
C             0.5023977726        0.3999325214        0.2983888906
C             0.3996190484        0.5998627524        0.7998102312
C             0.7497404302        0.8496118084        0.7497404302
C             0.6502030636        0.3492022384        0.5498928491
C             0.8496188915        0.5497208689        0.5497208689
C             0.9495449237        0.6498923141        0.7498689743
C             0.6502030636        0.5498928491        0.3492022384
C             0.7498689743        0.6498923141        0.9495449237
C             0.8499510675        0.4498448872        0.4498448872
C             0.6509734624        0.2489444857        0.4499984774
C             0.6509734624        0.4499984774        0.2489444857
C             0.3998014546        0.8997786975        0.7000270074
C             0.1994992327        0.7001201974        0.7001201974
C             0.3998014546        0.7000270074        0.8997786975
C             0.2983888906        0.5023977726        0.3999325214
C             0.5023977726        0.2983888906        0.3999325214
C             0.5003858897        0.5003858897        0.1993584416
C             0.7498689743        0.9495449237        0.6498923141
C             0.9495449237        0.7498689743        0.6498923141
C             0.7497404302        0.7497404302        0.8496118084
C             0.1990269843        0.4000015882        0.6010549300
C             0.7995276074        0.6996368246        0.6996368246
C             0.8999373564        0.5000066948        0.3998772774
C             0.2984222502        0.6013180339        0.5001820921
C             0.6010549300        0.1990269843        0.4000015882
C             0.6996368246        0.7995276074        0.6996368246
C             0.3998772774        0.8999373564        0.5000066948
C             0.5001820921        0.2984222502        0.6013180339
C             0.4000015882        0.6010549300        0.1990269843
C             0.6996368246        0.6996368246        0.7995276074
C             0.5000066948        0.3998772774        0.8999373564
C             0.6013180339        0.5001820921        0.2984222502
C             0.5504033343        0.2490666060        0.5504033343
C             0.6498539269        0.8496990755        0.4496943117
C             0.4498865820        0.9497017981        0.7500602868
C             0.7499482461        0.3495218960        0.6499507559
C             0.3495218960        0.6499507559        0.7499482461
C             0.9497017981        0.7500602868        0.4498865820
C             0.8496990755        0.4496943117        0.6498539269
C             0.2490666060        0.5504033343        0.5504033343
C             0.7500602868        0.4498865820        0.9497017981
C             0.6499507559        0.7499482461        0.3495218960
C             0.5504033343        0.5504033343        0.2490666060
C             0.4496943117        0.6498539269        0.8496990755
C             0.8496990755        0.6498539269        0.4496943117
C             0.3495218960        0.7499482461        0.6499507559
C             0.9497017981        0.4498865820        0.7500602868
C             0.4496943117        0.8496990755        0.6498539269
C             0.6499507559        0.3495218960        0.7499482461
C             0.7500602868        0.9497017981        0.4498865820
C             0.6498539269        0.4496943117        0.8496990755
C             0.7499482461        0.6499507559        0.3495218960
C             0.4498865820        0.7500602868        0.9497017981
C             0.4000015882        0.1990269843        0.6010549300
C             0.6013180339        0.2984222502        0.5001820921
C             0.5000066948        0.8999373564        0.3998772774
C             0.8999373564        0.3998772774        0.5000066948
C             0.2984222502        0.5001820921        0.6013180339
C             0.1990269843        0.6010549300        0.4000015882
C             0.5001820921        0.6013180339        0.2984222502
C             0.3998772774        0.5000066948        0.8999373564
C             0.6010549300        0.4000015882        0.1990269843
C             0.1992192653        0.5000739468        0.7006238309
C             0.7994641705        0.5995889796        0.5995889796
C             0.2995007327        0.7005542698        0.3998378478
C             0.6997970698        0.8995105546        0.5998020247
C             0.3998116747        0.8001412096        0.3998116747
C             0.5000739468        0.1992192653        0.7006238309
C             0.3998378478        0.7005542698        0.2995007327
C             0.6997970698        0.5998020247        0.8995105546
C             0.4996846484        0.4996846484        0.7997291024
C             0.5516106865        0.3475988655        0.4500660750
C             0.6499393025        0.9495400442        0.5498752564
C             0.7500664907        0.2496196047        0.7500664907
C             0.9495400442        0.6499393025        0.5498752564
C             0.8495702809        0.5497428423        0.7497165228
C             0.2495145003        0.4505295485        0.4505295485
C             0.7497165228        0.5497428423        0.8495702809
C             0.6501264240        0.6501264240        0.2494122794
C             0.5516106865        0.4500660750        0.3475988655
C             0.8495702809        0.7497165228        0.5497428423
C             0.9495400442        0.5498752564        0.6499393025
C             0.6501264240        0.2494122794        0.6501264240
C             0.7497165228        0.8495702809        0.5497428423
C             0.6499393025        0.5498752564        0.9495400442
C             0.7500664907        0.7500664907        0.2496196047
C             0.3998378478        0.2995007327        0.7005542698
C             0.4996846484        0.7997291024        0.4996846484
C             0.2995007327        0.3998378478        0.7005542698
C             0.1992192653        0.7006238309        0.5000739468
C             0.5000739468        0.7006238309        0.1992192653
C             0.3998116747        0.3998116747        0.8001412096
C             0.8995105546        0.6997970698        0.5998020247
C             0.7997291024        0.4996846484        0.4996846484
C             0.7006238309        0.1992192653        0.5000739468
C             0.5995889796        0.7994641705        0.5995889796
C             0.5998020247        0.6997970698        0.8995105546
C             0.7006238309        0.5000739468        0.1992192653
C             0.4505295485        0.2495145003        0.4505295485
C             0.5498752564        0.9495400442        0.6499393025
C             0.2494122794        0.6501264240        0.6501264240
C             0.3475988655        0.5516106865        0.4500660750
C             0.4500660750        0.5516106865        0.3475988655
C             0.5498752564        0.6499393025        0.9495400442
C             0.2496196047        0.7500664907        0.7500664907
C             0.5497428423        0.8495702809        0.7497165228
C             0.5497428423        0.7497165228        0.8495702809
C             0.7005542698        0.2995007327        0.3998378478
C             0.8001412096        0.3998116747        0.3998116747
C             0.7005542698        0.3998378478        0.2995007327
C             0.8995105546        0.5998020247        0.6997970698
C             0.5998020247        0.8995105546        0.6997970698
C             0.5995889796        0.5995889796        0.7994641705
C             0.4500660750        0.3475988655        0.5516106865
C             0.3475988655        0.4500660750        0.5516106865
C             0.4505295485        0.4505295485        0.2495145003
C             0.5993869841        0.6993510193        0.4993825198
C             0.6993510193        0.4993825198        0.5993869841
C             0.4993825198        0.5993869841        0.6993510193
C             0.5496620352        0.4495354441        0.7497216108
C             0.6493523020        0.6493523020        0.6493523020
C             0.4495354441        0.7497216108        0.5496620352
C             0.7497216108        0.5496620352        0.4495354441
C             0.4495354441        0.5496620352        0.7497216108
C             0.5496620352        0.7497216108        0.4495354441
C             0.7497216108        0.4495354441        0.5496620352
C             0.6993510193        0.5993869841        0.4993825198
C             0.5993869841        0.4993825198        0.6993510193
C             0.4993825198        0.6993510193        0.5993869841
C             0.3936467339        0.5008369657        0.5008369657
C             0.5995321155        0.5995321155        0.3990402783
C             0.6997136794        0.3994793308        0.6997136794
C             0.5491281412        0.5491281412        0.6489896075
C             0.6495993118        0.7495261350        0.7495261350
C             0.4494078256        0.6498160571        0.4494078256
C             0.4494078256        0.4494078256        0.6498160571
C             0.5491281412        0.6489896075        0.5491281412
C             0.6997136794        0.6997136794        0.3994793308
C             0.5995321155        0.3990402783        0.5995321155
C             0.5008369657        0.3936467339        0.5008369657
C             0.3990402783        0.5995321155        0.5995321155
C             0.7495261350        0.6495993118        0.7495261350
C             0.6489896075        0.5491281412        0.5491281412
C             0.6498160571        0.4494078256        0.4494078256
C             0.3994793308        0.6997136794        0.6997136794
C             0.5008369657        0.5008369657        0.3936467339
C             0.7495261350        0.7495261350        0.6495993118
C             0.3994694831        0.3994694831        0.6004841679
C             0.5994961941        0.6994418355        0.6994418355
C             0.6999500898        0.4997018399        0.3994696189
C             0.4987572717        0.5987113139        0.4987572717
C             0.6004841679        0.3994694831        0.3994694831
C             0.6994418355        0.5994961941        0.6994418355
C             0.3994696189        0.6999500898        0.4997018399
C             0.4987572717        0.4987572717        0.5987113139
C             0.3994694831        0.6004841679        0.3994694831
C             0.6994418355        0.6994418355        0.5994961941
C             0.4997018399        0.3994696189        0.6999500898
C             0.5987113139        0.4987572717        0.4987572717
C             0.5482254894        0.4483995887        0.5482254894
C             0.6494327211        0.6494327211        0.4493532212
C             0.4496178586        0.7496786253        0.7496786253
C             0.7494122334        0.5495105914        0.6494811971
C             0.5495105914        0.6494811971        0.7494122334
C             0.7496786253        0.7496786253        0.4496178586
C             0.6494327211        0.4493532212        0.6494327211
C             0.4483995887        0.5482254894        0.5482254894
C             0.7496786253        0.4496178586        0.7496786253
C             0.6494811971        0.7494122334        0.5495105914
C             0.5482254894        0.5482254894        0.4483995887
C             0.4493532212        0.6494327211        0.6494327211
C             0.5495105914        0.7494122334        0.6494811971
C             0.6494811971        0.5495105914        0.7494122334
C             0.7494122334        0.6494811971        0.5495105914
C             0.4997018399        0.6999500898        0.3994696189
C             0.6999500898        0.3994696189        0.4997018399
C             0.3994696189        0.4997018399        0.6999500898
C             0.5991987312        0.5991987312        0.5991987312
Si            0.4250049655        0.4250049655        0.4250049655
