&CONTROL
calculation = 'scf'
verbosity = 'high'
tprnfor=.TRUE.
tstress=.TRUE.
wf_collect = .true.
prefix='pwscf'
outdir = './'
pseudo_dir='./'
/
&SYSTEM
ibrav=0
ecutwfc=85
tot_charge=-1
nspin=2
tot_magnetization=2.0
nbnd=456
nat=215
ntyp=2
/
&ELECTRONS
conv_thr=1D-8
diago_full_acc=.true.
/
&IONS
ion_dynamics='bfgs'
ion_positions='default'
/
K_POINTS gamma
CELL_PARAMETERS angstrom
10.70400  0.000000  0.000000
0.000000  10.70400  0.000000
0.000000  0.000000  10.70400
ATOMIC_SPECIES
C  12.01099968  C_ONCV_PBE-1.0.upf
N  14.00699997  N_ONCV_PBE-1.0.upf
ATOMIC_POSITIONS crystal
C        0.000019794   0.000070305   0.000070305
C        0.083283093   0.083408574   0.083408574
C       -0.000180249   0.166803354   0.166803354
C        0.082881581   0.250195244   0.250195244
C        0.166624862  -0.000041790   0.166735686
C        0.249868283   0.083201633   0.250010134
C        0.166624862   0.166735686  -0.000041790
C        0.249868283   0.250010134   0.083201633
C       -0.000091814   0.000127381   0.333479766
C        0.083066258   0.083584948   0.416725766
C       -0.000487477   0.167194483   0.500175895
C        0.083392434   0.250002399   0.583473949
C        0.166924803   0.000258154   0.500150151
C        0.250013786   0.083347137   0.583306800
C        0.166311809   0.166704028   0.333362376
C        0.249570188   0.249881859   0.416552187
C        0.000115132   0.000238438   0.666764846
C        0.083394701   0.083489806   0.750066588
C        0.000026260   0.166833904   0.833359608
C        0.083323351   0.250184829   0.916656698
C        0.166736956   0.000070304   0.833353141
C        0.250075226   0.083408574   0.916616438
C        0.166806534   0.166683497   0.666597859
C        0.250134179   0.250159636   0.749908003
C       -0.000091814   0.333479766   0.000127381
C        0.083066258   0.416725766   0.083584948
C       -0.000487477   0.500175895   0.167194483
C        0.083392434   0.583473949   0.250002399
C        0.166311809   0.333362376   0.166704028
C        0.249570188   0.416552187   0.249881859
C        0.166924803   0.500150151   0.000258154
C        0.250013786   0.583306800   0.083347137
C       -0.000658632   0.333776112   0.333776112
C        0.082664024   0.417142882   0.417142882
C       -0.000820418   0.500581677   0.500581677
C        0.082964776   0.583567558   0.583567558
C        0.166378380   0.333444811   0.500019126
C        0.249908129   0.416758715   0.583268171
C        0.166378380   0.500019126   0.333444811
C        0.249908129   0.583268171   0.416758715
C        0.000384359   0.333113519   0.666472256
C        0.083422600   0.416888861   0.750099921
C        0.001008133   0.500569049   0.834341482
C        0.083928842   0.583364715   0.917262190
C        0.166794030   0.333479766   0.833241534
C        0.250251595   0.416725765   0.916399608
C        0.166656573   0.500161197   0.666656696
C        0.250240644   0.583409895   0.749872737
C        0.000115132   0.666764846   0.000238438
C        0.083394701   0.750066588   0.083489806
C        0.000026260   0.833359608   0.166833904
C        0.083323351   0.916656698   0.250184829
C        0.166806534   0.666597859   0.166683497
C        0.250134179   0.749908003   0.250159636
C        0.166736956   0.833353141   0.000070304
C        0.250075226   0.916616438   0.083408574
C        0.000384359   0.666472256   0.333113519
C        0.083422600   0.750099921   0.416888861
C        0.001008133   0.834341482   0.500569049
C        0.083928842   0.917262190   0.583364715
C        0.166656573   0.666656696   0.500161197
C        0.250240644   0.749872737   0.583409895
C        0.166794030   0.833241534   0.333479766
C        0.250251595   0.916399608   0.416725765
C       -0.000213111   0.666782588   0.666782588
C        0.083311937   0.749952076   0.749952076
C        0.000052516   0.833385863   0.833385863
C        0.083382825   0.916716171   0.916716171
C        0.166905085   0.666764845   0.833448478
C        0.250156456   0.750066587   0.916728048
C        0.166905085   0.833448478   0.666764845
C        0.250156456   0.916728048   0.750066587
C        0.333402340  -0.000041790  -0.000041790
C        0.416676784   0.083201633   0.083201633
C        0.333159833   0.166493178   0.166493178
C        0.416349440   0.249682793   0.249682793
C        0.500029025  -0.000354839   0.166704028
C        0.583218841   0.082903541   0.249881860
C        0.500029025   0.166704028  -0.000354839
C        0.583218841   0.249881860   0.082903541
C        0.333370681  -0.000354839   0.333362375
C        0.416548508   0.082903541   0.416552188
C        0.332959588   0.166292937   0.499855389
C        0.416063422   0.249396771   0.582921731
C        0.500111458  -0.000288269   0.500019126
C        0.583425371   0.083241482   0.583268171
C        0.499651689   0.166054115   0.332985041
C        0.582748739   0.249135425   0.416082085
C        0.333350150   0.000139883   0.666597859
C        0.416826287   0.083467528   0.749908001
C        0.333470008   0.166803351   0.833153102
C        0.416861892   0.250195244   0.916214932
C        0.500146416   0.000127380   0.833241534
C        0.583392421   0.083584946   0.916399607
C        0.500065835   0.166814168   0.666338186
C        0.583619715   0.251058000   0.748936005
C        0.333370681   0.333362375  -0.000354839
C        0.416548508   0.416552188   0.082903541
C        0.332959588   0.499855389   0.166292937
C        0.416063422   0.582921731   0.249396771
C        0.499651689   0.332985041   0.166054115
C        0.582748739   0.416082085   0.249135425
C        0.500111458   0.500019126  -0.000288269
C        0.583425371   0.583268171   0.083241482
C        0.332720767   0.332985042   0.332985042
C        0.415802073   0.416082083   0.416082083
C        0.333250645   0.499852804   0.499852804
C        0.417222928   0.583187872   0.583187872
C        0.498591763   0.331925116   0.499441582
C        0.583396493   0.416729832   0.579206565
C        0.498591763   0.499441582   0.331925116
C        0.583396493   0.579206565   0.416729832
C        0.333480822   0.333399188   0.666338185
C        0.417724652   0.416953059   0.748936006
C        0.333861137   0.500175896   0.832845871
C        0.416669048   0.583473950   0.916725784
C        0.500442762   0.333776113   0.832674716
C        0.583809537   0.417142883   0.915997374
C        0.501709296   0.500779318   0.665000232
C        0.585243702   0.584379787   0.748657890
C        0.333350150   0.666597859   0.000139883
C        0.416826287   0.749908001   0.083467528
C        0.333470008   0.833153102   0.166803351
C        0.416861892   0.916214932   0.250195244
C        0.500065835   0.666338186   0.166814168
C        0.583619715   0.748936005   0.251058000
C        0.500146416   0.833241534   0.000127380
C        0.583392421   0.916399607   0.083584946
C        0.333480822   0.666338185   0.333399188
C        0.417724652   0.748936006   0.416953059
C        0.333861137   0.832845871   0.500175896
C        0.416669048   0.916725784   0.583473950
C        0.501709296   0.665000232   0.500779318
C        0.585243702   0.748657890   0.584379787
C        0.500442762   0.832674716   0.333776113
C        0.583809537   0.915997374   0.417142883
C        0.333666749   0.666621439   0.666621439
C        0.416918318   0.750005875   0.750005875
C        0.333500557   0.833359606   0.833359606
C        0.416851480   0.916656697   0.916656697
C        0.499780168   0.666472252   0.833717707
C        0.583555519   0.750099920   0.916755948
C        0.499780168   0.833717707   0.666472252
C        0.583555519   0.916755948   0.750099920
C        0.666816800   0.000258154   0.000258154
C        0.749973452   0.083347138   0.083347138
C        0.666522036   0.166292937   0.166292937
C        0.749588381   0.249396774   0.249396774
C        0.833264514   0.000139885   0.166683496
C        0.916574652   0.083467530   0.250159637
C        0.833264514   0.166683496   0.000139885
C        0.916574652   0.250159637   0.083467530
C        0.666685774  -0.000288268   0.333444809
C        0.749934823   0.083241482   0.416758717
C        0.666519454   0.166583992   0.499852804
C        0.749854524   0.250556280   0.583187872
C        0.833323351  -0.000010077   0.500161196
C        0.916539384   0.083573998   0.583409896
C        0.833004838   0.166814169   0.333399186
C        0.915602654   0.251058001   0.416953059
C        0.666827846  -0.000010077   0.666656695
C        0.750076548   0.083573997   0.749872735
C        0.666842545   0.167194483   0.832845873
C        0.750140602   0.250002397   0.916725783
C        0.833431502   0.000238437   0.833448480
C        0.916733238   0.083489806   0.916728049
C        0.833288094   0.167000099   0.666621440
C        0.916672524   0.250251670   0.750005875
C        0.666685774   0.333444809  -0.000288268
C        0.749934823   0.416758717   0.083241482
C        0.666519454   0.499852804   0.166583992
C        0.749854524   0.583187872   0.250556280
C        0.833004838   0.333399186   0.166814169
C        0.915602654   0.416953059   0.251058001
C        0.833323351   0.500161196  -0.000010077
C        0.916539384   0.583409896   0.083573998
C        0.666108231   0.331925113   0.331925113
C        0.745873217   0.416729834   0.416729834
C        0.831666888   0.335042646   0.500779317
C        0.915324539   0.418577041   0.584379782
C        0.831666888   0.500779317   0.335042646
C        0.915324539   0.584379782   0.418577041
C        0.667445965   0.335042648   0.665000235
C        0.751046436   0.418577041   0.748657890
C        0.667248326   0.500581676   0.832512930
C        0.750234210   0.583567558   0.916298128
C        0.833138909   0.333113518   0.833717710
C        0.916766570   0.416888861   0.916755950
C        0.839493491   0.496368856   0.672826841
C        0.916577565   0.582927166   0.749910917
C        0.666827846   0.666656695  -0.000010077
C        0.750076548   0.749872735   0.083573997
C        0.666842545   0.832845873   0.167194483
C        0.750140602   0.916725783   0.250002397
C        0.833288094   0.666621440   0.167000099
C        0.916672524   0.750005875   0.250251670
C        0.833431502   0.833448480   0.000238437
C        0.916733238   0.916728049   0.083489806
C        0.667445965   0.665000235   0.335042648
C        0.751046436   0.748657890   0.418577041
C        0.667248326   0.832512930   0.500581676
C        0.750234210   0.916298128   0.583567558
C        0.839493491   0.672826841   0.496368856
C        0.916577565   0.749910917   0.582927166
C        0.833138909   0.833717710   0.333113518
C        0.916766570   0.916755950   0.416888861
C        0.663035502   0.672826834   0.672826834
C        0.749593820   0.749910920   0.749910920
C        0.667235700   0.834341481   0.834341481
C        0.750031368   0.917262190   0.917262190
C        0.833449242   0.666782586   0.833120239
C        0.916618725   0.749952077   0.916645283
C        0.833449242   0.833120239   0.666782586
C        0.916618725   0.916645283   0.749952077
N        0.658425487   0.491758845   0.491758845
