&control
    calculation = 'scf',
    prefix='pwscf',
    pseudo_dir='/home/jinyuchem/program/QE/pseudo-potential',
    outdir = './',
    verbosity='high',
    tprnfor=.TRUE.,
    wf_collect=.TRUE.
    nstep = 100
    forc_conv_thr = 0.00039
    nstep = 100
    max_seconds = 84000
/
&system
    ibrav=0,
    nat = 127
    ntyp=2,
    ecutwfc = 60,
    nbnd = 520,
    input_dft = 'PBE0'
    exx_fraction = 0.36
    ecutfock = 120
/
&electrons
    diago_full_acc=.true.,
    conv_thr=1.0D-8
/
&IONS
    ion_dynamics='bfgs'
    ion_positions='default'
/
ATOMIC_SPECIES
Mg  24.305  Mg_ONCV_PBE-1.0.upf
O   15.999  O_ONCV_PBE-1.0.upf
K_POINTS gamma
CELL_PARAMETERS {angstrom}
       11.8511095047         0.0000000000         0.0000000000
        5.9255540690        10.2633622886         0.0000000000
        5.9255540690         3.4211204999         9.6763908557
ATOMIC_POSITIONS {crystal}
Mg            0.1250215839        0.1250215839        0.1250215837
Mg            0.1249993670        0.1249993670        0.3750006330
Mg            0.1250215838        0.1250215838        0.6249352485
Mg            0.1249692922        0.1249692922        0.8750307078
Mg            0.1249993671        0.3750006330        0.1249993669
Mg            0.1249993670        0.3750006330        0.3750006330
Mg            0.1247755339        0.3749589304        0.6250410695
Mg            0.1247755339        0.3749589305        0.8752244661
Mg            0.1250215839        0.6249352486        0.1250215837
Mg            0.1247755339        0.6250410695        0.3749589304
Mg            0.1251125084        0.6249624972        0.6249624973
Mg            0.1247755339        0.6250410695        0.8752244661
Mg            0.1249692922        0.8750307078        0.1249692922
Mg            0.1247755340        0.8752244661        0.3749589304
Mg            0.1247755339        0.8752244660        0.6250410696
Mg            0.1249692922        0.8750307078        0.8750307078
Mg            0.3750006330        0.1249993671        0.1249993669
Mg            0.3750006330        0.1249993670        0.3750006330
Mg            0.3749589304        0.1247755339        0.6250410695
Mg            0.3749589305        0.1247755339        0.8752244661
Mg            0.3750006330        0.3750006330        0.1249993669
Mg            0.3750375028        0.3750375028        0.3750375027
Mg            0.3740016532        0.3740016532        0.6259983469
Mg            0.3750375027        0.3750375027        0.8748874918
Mg            0.3749589305        0.6250410695        0.1247755339
Mg            0.3740016534        0.6259983467        0.3740016529
Mg            0.3740016533        0.6259983466        0.6259983471
Mg            0.3749589305        0.6250410695        0.8752244661
Mg            0.3749589305        0.8752244661        0.1247755339
Mg            0.3750375028        0.8748874916        0.3750375027
Mg            0.3749589305        0.8752244661        0.6250410696
Mg            0.3750647514        0.8749784161        0.8749784163
Mg            0.6249352486        0.1250215839        0.1250215837
Mg            0.6250410695        0.1247755339        0.3749589304
Mg            0.6249624972        0.1251125084        0.6249624973
Mg            0.6250410695        0.1247755339        0.8752244661
Mg            0.6250410695        0.3749589305        0.1247755339
Mg            0.6259983467        0.3740016534        0.3740016529
Mg            0.6259983466        0.3740016533        0.6259983471
Mg            0.6250410695        0.3749589305        0.8752244661
Mg            0.6249624973        0.6249624973        0.1251125082
Mg            0.6259983468        0.6259983468        0.3740016531
Mg            0.6249624972        0.6249624972        0.6249624973
Mg            0.6249993670        0.6249993670        0.8750006331
Mg            0.6250410695        0.8752244661        0.1247755339
Mg            0.6250410696        0.8752244661        0.3749589305
Mg            0.6249993670        0.8750006330        0.6249993670
Mg            0.6249993670        0.8750006329        0.8750006331
Mg            0.8750307078        0.1249692922        0.1249692922
Mg            0.8752244661        0.1247755340        0.3749589304
Mg            0.8752244660        0.1247755339        0.6250410696
Mg            0.8750307078        0.1249692922        0.8750307078
Mg            0.8752244661        0.3749589305        0.1247755339
Mg            0.8748874916        0.3750375028        0.3750375027
Mg            0.8752244661        0.3749589305        0.6250410696
Mg            0.8749784161        0.3750647514        0.8749784163
Mg            0.8752244661        0.6250410695        0.1247755339
Mg            0.8752244661        0.6250410696        0.3749589305
Mg            0.8750006330        0.6249993670        0.6249993670
Mg            0.8750006329        0.6249993670        0.8750006331
Mg            0.8750307078        0.8750307078        0.1249692922
Mg            0.8749784162        0.8749784162        0.3750647515
Mg            0.8750006330        0.8750006330        0.6249993670
Mg            0.8749784161        0.8749784161        0.8749784163
O             0.0000000000        0.0000000000       -0.0000000000
O            -0.0000000001       -0.0000000001        0.2499548617
O             0.0000000000       -0.0000000000        0.5000000000
O             0.0000000001        0.0000000001        0.7500451383
O            -0.0000000000        0.2499548615       -0.0000000000
O             0.0000140481        0.2499692302        0.2499692301
O             0.0000140478        0.2499692303        0.5000474916
O             0.0000000001        0.2499548614        0.7500451383
O            -0.0000000000        0.5000000000       -0.0000000000
O             0.0000140481        0.5000474917        0.2499692301
O            -0.0000000000        0.5000000000        0.5000000000
O            -0.0000140481        0.4999525083        0.7500307699
O             0.0000000000        0.7500451385        0.0000000000
O            -0.0000000001        0.7500451386        0.2499548617
O            -0.0000140478        0.7500307697        0.4999525084
O            -0.0000140481        0.7500307698        0.7500307699
O             0.2499548615       -0.0000000000       -0.0000000000
O             0.2499692302        0.0000140481        0.2499692301
O             0.2499692303        0.0000140478        0.5000474916
O             0.2499548614        0.0000000001        0.7500451383
O             0.2499692302        0.2499692302        0.0000140480
O             0.2500000000        0.2500000000        0.2500000000
O             0.2499692303        0.2499692303        0.5000474915
O             0.2499389624        0.2499389624        0.7500610376
O             0.2499692302        0.5000474916        0.0000140480
O             0.2499692302        0.5000474917        0.2499692301
O             0.2493362777        0.5000000000        0.5000000000
O             0.2493362769        0.4999999999        0.7506637232
O             0.2499548615        0.7500451385       -0.0000000000
O             0.2499389625        0.7500610375        0.2499389624
O             0.2493362778        0.7506637222        0.5000000000
O             0.2499389625        0.7500610375        0.7500610376
O             0.5000000000        0.0000000000        0.0000000000
O             0.5000474917        0.0000140481        0.2499692301
O             0.5000000000       -0.0000000000        0.5000000000
O             0.4999525083       -0.0000140481        0.7500307699
O             0.5000474916        0.2499692302        0.0000140480
O             0.5000474917        0.2499692302        0.2499692301
O             0.5000000000        0.2493362777        0.5000000000
O             0.4999999999        0.2493362769        0.7506637232
O             0.5000000000        0.5000000000       -0.0000000000
O             0.5000000000        0.5000000000        0.2493362767
O             0.5000000000        0.5000000000        0.7506637233
O             0.4999525084        0.7500307698       -0.0000140480
O             0.5000000001        0.7506637231        0.2493362768
O             0.5000000000        0.7506637223        0.5000000000
O             0.4999525083        0.7500307698        0.7500307699
O             0.7500451385        0.0000000000        0.0000000000
O             0.7500451386       -0.0000000001        0.2499548617
O             0.7500307697       -0.0000140478        0.4999525084
O             0.7500307698       -0.0000140481        0.7500307699
O             0.7500451385        0.2499548615        0.0000000000
O             0.7500610375        0.2499389625        0.2499389624
O             0.7506637222        0.2493362778        0.5000000000
O             0.7500610375        0.2499389625        0.7500610376
O             0.7500307698        0.4999525084       -0.0000140480
O             0.7506637231        0.5000000001        0.2493362768
O             0.7506637223        0.5000000000        0.5000000000
O             0.7500307698        0.4999525083        0.7500307699
O             0.7500307698        0.7500307698       -0.0000140480
O             0.7500610376        0.7500610376        0.2499389624
O             0.7500307697        0.7500307697        0.4999525085
O             0.7500000000        0.7500000000        0.7500000000
Mg            0.1250215839        0.1250215839        0.1250215837
Mg            0.1249993670        0.1249993670        0.3750006330
Mg            0.1250215838        0.1250215838        0.6249352485
Mg            0.1249692922        0.1249692922        0.8750307078
Mg            0.1249993671        0.3750006330        0.1249993669
Mg            0.1249993670        0.3750006330        0.3750006330
Mg            0.1247755339        0.3749589304        0.6250410695
Mg            0.1247755339        0.3749589305        0.8752244661
Mg            0.1250215839        0.6249352486        0.1250215837
Mg            0.1247755339        0.6250410695        0.3749589304
Mg            0.1251125084        0.6249624972        0.6249624973
Mg            0.1247755339        0.6250410695        0.8752244661
Mg            0.1249692922        0.8750307078        0.1249692922
Mg            0.1247755340        0.8752244661        0.3749589304
Mg            0.1247755339        0.8752244660        0.6250410696
Mg            0.1249692922        0.8750307078        0.8750307078
Mg            0.3750006330        0.1249993671        0.1249993669
Mg            0.3750006330        0.1249993670        0.3750006330
Mg            0.3749589304        0.1247755339        0.6250410695
Mg            0.3749589305        0.1247755339        0.8752244661
Mg            0.3750006330        0.3750006330        0.1249993669
Mg            0.3750375028        0.3750375028        0.3750375027
Mg            0.3740016532        0.3740016532        0.6259983469
Mg            0.3750375027        0.3750375027        0.8748874918
Mg            0.3749589305        0.6250410695        0.1247755339
Mg            0.3740016534        0.6259983467        0.3740016529
Mg            0.3740016533        0.6259983466        0.6259983471
Mg            0.3749589305        0.6250410695        0.8752244661
Mg            0.3749589305        0.8752244661        0.1247755339
Mg            0.3750375028        0.8748874916        0.3750375027
Mg            0.3749589305        0.8752244661        0.6250410696
Mg            0.3750647514        0.8749784161        0.8749784163
Mg            0.6249352486        0.1250215839        0.1250215837
Mg            0.6250410695        0.1247755339        0.3749589304
Mg            0.6249624972        0.1251125084        0.6249624973
Mg            0.6250410695        0.1247755339        0.8752244661
Mg            0.6250410695        0.3749589305        0.1247755339
Mg            0.6259983467        0.3740016534        0.3740016529
Mg            0.6259983466        0.3740016533        0.6259983471
Mg            0.6250410695        0.3749589305        0.8752244661
Mg            0.6249624973        0.6249624973        0.1251125082
Mg            0.6259983468        0.6259983468        0.3740016531
Mg            0.6249624972        0.6249624972        0.6249624973
Mg            0.6249993670        0.6249993670        0.8750006331
Mg            0.6250410695        0.8752244661        0.1247755339
Mg            0.6250410696        0.8752244661        0.3749589305
Mg            0.6249993670        0.8750006330        0.6249993670
Mg            0.6249993670        0.8750006329        0.8750006331
Mg            0.8750307078        0.1249692922        0.1249692922
Mg            0.8752244661        0.1247755340        0.3749589304
Mg            0.8752244660        0.1247755339        0.6250410696
Mg            0.8750307078        0.1249692922        0.8750307078
Mg            0.8752244661        0.3749589305        0.1247755339
Mg            0.8748874916        0.3750375028        0.3750375027
Mg            0.8752244661        0.3749589305        0.6250410696
Mg            0.8749784161        0.3750647514        0.8749784163
Mg            0.8752244661        0.6250410695        0.1247755339
Mg            0.8752244661        0.6250410696        0.3749589305
Mg            0.8750006330        0.6249993670        0.6249993670
Mg            0.8750006329        0.6249993670        0.8750006331
Mg            0.8750307078        0.8750307078        0.1249692922
Mg            0.8749784162        0.8749784162        0.3750647515
Mg            0.8750006330        0.8750006330        0.6249993670
Mg            0.8749784161        0.8749784161        0.8749784163
O             0.0000000000        0.0000000000        0.0000000000
O            -0.0000000001       -0.0000000001        0.2499548617
O             0.0000000000       -0.0000000000        0.5000000000
O             0.0000000001        0.0000000001        0.7500451383
O            -0.0000000000        0.2499548615        0.0000000000
O             0.0000140481        0.2499692302        0.2499692301
O             0.0000140478        0.2499692303        0.5000474916
O             0.0000000001        0.2499548614        0.7500451383
O            -0.0000000000        0.5000000000        0.0000000000
O             0.0000140481        0.5000474917        0.2499692301
O            -0.0000000000        0.5000000000        0.5000000000
O            -0.0000140481        0.4999525083        0.7500307699
O             0.0000000000        0.7500451385        0.0000000000
O            -0.0000000001        0.7500451386        0.2499548617
O            -0.0000140478        0.7500307697        0.4999525084
O            -0.0000140481        0.7500307698        0.7500307699
O             0.2499548615        0.0000000000        0.0000000000
O             0.2499692302        0.0000140481        0.2499692301
O             0.2499692303        0.0000140478        0.5000474916
O             0.2499548614        0.0000000001        0.7500451383
O             0.2499692302        0.2499692302        0.0000140480
O             0.2500000000        0.2500000000        0.2500000000
O             0.2499692303        0.2499692303        0.5000474915
O             0.2499389624        0.2499389624        0.7500610376
O             0.2499692302        0.5000474916        0.0000140480
O             0.2499692302        0.5000474917        0.2499692301
O             0.2493362777        0.5000000000        0.5000000000
O             0.2493362769        0.4999999999        0.7506637232
O             0.2499548615        0.7500451385        0.0000000000
O             0.2499389625        0.7500610375        0.2499389624
O             0.2493362778        0.7506637222        0.5000000000
O             0.2499389625        0.7500610375        0.7500610376
O             0.5000000000        0.0000000000        0.0000000000
O             0.5000474917        0.0000140481        0.2499692301
O             0.5000000000       -0.0000000000        0.5000000000
O             0.4999525083       -0.0000140481        0.7500307699
O             0.5000474916        0.2499692302        0.0000140480
O             0.5000474917        0.2499692302        0.2499692301
O             0.5000000000        0.2493362777        0.5000000000
O             0.4999999999        0.2493362769        0.7506637232
O             0.5000000000        0.5000000000        0.0000000000
O             0.5000000000        0.5000000000        0.2493362767
O             0.5000000000        0.5000000000        0.7506637233
O             0.4999525084        0.7500307698       -0.0000140480
O             0.5000000001        0.7506637231        0.2493362768
O             0.5000000000        0.7506637223        0.5000000000
O             0.4999525083        0.7500307698        0.7500307699
O             0.7500451385        0.0000000000        0.0000000000
O             0.7500451386       -0.0000000001        0.2499548617
O             0.7500307697       -0.0000140478        0.4999525084
O             0.7500307698       -0.0000140481        0.7500307699
O             0.7500451385        0.2499548615        0.0000000000
O             0.7500610375        0.2499389625        0.2499389624
O             0.7506637222        0.2493362778        0.5000000000
O             0.7500610375        0.2499389625        0.7500610376
O             0.7500307698        0.4999525084       -0.0000140480
O             0.7506637231        0.5000000001        0.2493362768
O             0.7506637223        0.5000000000        0.5000000000
O             0.7500307698        0.4999525083        0.7500307699
O             0.7500307698        0.7500307698       -0.0000140480
O             0.7500610376        0.7500610376        0.2499389624
O             0.7500307697        0.7500307697        0.4999525085
O             0.7500000000        0.7500000000        0.7500000000
