&CONTROL
calculation = 'scf'
verbosity = 'high'
tprnfor=.TRUE.
tstress=.TRUE.
wf_collect = .true.
prefix='pwscf'
outdir = './'
pseudo_dir='/home/jinyuchem/program/QE/pseudo-potential'
/
&SYSTEM
ibrav = 0
ecutwfc = 85
tot_charge = -1
nspin = 2
tot_magnetization = 2.0
nbnd = 800
nat = 215
ntyp = 2
/
&ELECTRONS
conv_thr = 1D-10
diago_full_acc=.true.
/
K_POINTS gamma
CELL_PARAMETERS angstrom
10.70400  0.000000  0.000000
0.000000  10.70400  0.000000
0.000000  0.000000  10.70400
ATOMIC_SPECIES
C  12.01099968  C_ONCV_PBE-1.0.upf
N  14.00699997  N_ONCV_PBE-1.0.upf
ATOMIC_POSITIONS crystal
C    0.000006573243    0.000080865459    0.000037404444
C    0.083273830682    0.083406386883    0.083392411003
C   -0.000179346258    0.166799735914    0.166795796701
C    0.082890821963    0.250182989499    0.250190917811
C    0.166640359058   -0.000032397595    0.166731949067
C    0.249884909010    0.083192880569    0.250022593248
C    0.166614601967    0.166734070046   -0.000051567974
C    0.249864239164    0.249991573945    0.083197920757
C   -0.000067266591    0.000142197161    0.333473587256
C    0.083059825771    0.083608646228    0.416741128638
C   -0.000522449164    0.167245308979    0.500200174746
C    0.083333031482    0.250077088610    0.583448032811
C    0.166956104793    0.000295508413    0.500150424987
C    0.250030135621    0.083368213031    0.583306905484
C    0.166325115692    0.166698169210    0.333370803789
C    0.249594067344    0.249863469527    0.416560924150
C    0.000036167634    0.000165309612    0.666713510609
C    0.083330669499    0.083479778596    0.750038643102
C   -0.000017701071    0.166859203076    0.833315735446
C    0.083283086107    0.250187207996    0.916616581958
C    0.166703797591    0.000080900440    0.833340329373
C    0.250058674275    0.083406579743    0.916607480732
C    0.166766119230    0.166691544812    0.666594947459
C    0.250104753691    0.250149623135    0.749904989998
C   -0.000094663469    0.333467286617    0.000109010176
C    0.083075011275    0.416700186187    0.083545405681
C   -0.000427600625    0.500159524165    0.167132185009
C    0.083604402477    0.583426148719    0.249810777880
C    0.166320957260    0.333342888518    0.166695517935
C    0.249599989298    0.416511773080    0.249878552265
C    0.166931576024    0.500139496802    0.000265206440
C    0.250018279429    0.583290826543    0.083351792740
C   -0.000647273020    0.333796848131    0.333787676615
C    0.082668654143    0.417153593072    0.417154434433
C   -0.000705642148    0.500675923536    0.500544902635
C    0.083021341040    0.583551127717    0.583532380938
C    0.166374730085    0.333434997507    0.500026781264
C    0.249902340477    0.416732972910    0.583277148957
C    0.166433383415    0.500002887655    0.333407874205
C    0.249941114752    0.583254323078    0.416741624767
C    0.000328995647    0.333265257355    0.666548465035
C    0.083372014528    0.416937922034    0.750076549982
C    0.001063768212    0.500498960892    0.834396795953
C    0.083922164209    0.583365312346    0.917255431358
C    0.166775771160    0.333467189372    0.833239106556
C    0.250211989617    0.416700228793    0.916408742295
C    0.166701238264    0.500139359535    0.666651997413
C    0.250215386184    0.583385753967    0.749888857490
C    0.000109434416    0.666745025223    0.000222476947
C    0.083419971339    0.750065468279    0.083457800526
C    0.000073515896    0.833388272725    0.166773461979
C    0.083341058465    0.916659776900    0.250180810702
C    0.166907580818    0.666591604037    0.166600009949
C    0.250181513881    0.749912123845    0.250143099590
C    0.166723820630    0.833362614906    0.000057696706
C    0.250077370026    0.916617418981    0.083411237201
C    0.000794343717    0.666519556811    0.332730809731
C    0.083556903948    0.750075654286    0.416799806162
C    0.001189606954    0.834369259499    0.500403392385
C    0.083951952531    0.917248555473    0.583348865473
C    0.166756115656    0.666658504062    0.500131101566
C    0.250260031227    0.749871809519    0.583410407118
C    0.166886514689    0.833275752358    0.333446456658
C    0.250288672705    0.916425335985    0.416735710822
C   -0.000067814792    0.666638961509    0.666686519096
C    0.083295651918    0.749901601520    0.749901967427
C    0.000003197909    0.833312771210    0.833336547432
C    0.083347144634    0.916707637252    0.916680602272
C    0.166889338780    0.666745094203    0.833443022128
C    0.250124468047    0.750065629482    0.916753594777
C    0.166912278318    0.833445573952    0.666747695327
C    0.250144308190    0.916748927700    0.750071627710
C    0.333398166220   -0.000032308495   -0.000026000364
C    0.416688908655    0.083192966374    0.083218359577
C    0.333172855001    0.166481912241    0.166506593053
C    0.416374529740    0.249651258481    0.249708048471
C    0.500054338542   -0.000351642093    0.166751618774
C    0.583252661099    0.082867923714    0.249954697900
C    0.500037075225    0.166698468756   -0.000341381818
C    0.583227207155    0.249863910404    0.082927101237
C    0.333418366842   -0.000351855756    0.333388018796
C    0.416621577302    0.082867732317    0.416586153274
C    0.333025273200    0.166299799578    0.499874184759
C    0.416117351297    0.249440450528    0.582941795603
C    0.500204498229   -0.000391933767    0.500087978479
C    0.583472924084    0.083215344216    0.583291663070
C    0.499697389517    0.166046805159    0.333030650890
C    0.582777816273    0.249177297209    0.416111089555
C    0.333361152126    0.000157671910    0.666623961759
C    0.416849992827    0.083486944793    0.749910320695
C    0.333462444601    0.166800003714    0.833154561956
C    0.416857313434    0.250183367649    0.916224422121
C    0.500140298488    0.000142514071    0.833266288286
C    0.583407653536    0.083608923902    0.916393118830
C    0.500125574627    0.166858202635    0.666337116166
C    0.583688871899    0.251177431830    0.748914585536
C    0.333361882251    0.333343042452   -0.000345266263
C    0.416544988235    0.416511955799    0.082933293881
C    0.332966159304    0.499831229005    0.166299389307
C    0.416050402980    0.582916294250    0.249383798797
C    0.499656899195    0.332952958836    0.166071417028
C    0.582734149335    0.416076379924    0.249118819704
C    0.500074617814    0.500003042406   -0.000233575740
C    0.583408204251    0.583254480514    0.083274103998
C    0.332738058598    0.332952693899    0.332990415826
C    0.415785691306    0.416076273741    0.416067553698
C    0.333222404416    0.499817088735    0.499850330531
C    0.417150545922    0.583144083894    0.583209369285
C    0.498634354787    0.332025771239    0.499427243666
C    0.583411418691    0.416951280340    0.579194691946
C    0.498536642865    0.499411232694    0.331869812877
C    0.583254393250    0.579190635629    0.416587746086
C    0.333479276920    0.333390358533    0.666353347247
C    0.417691497981    0.416958713798    0.748977832142
C    0.333798794003    0.500159600205    0.832906140544
C    0.416477391241    0.583426372838    0.916937812659
C    0.500454141007    0.333797148377    0.832686133774
C    0.583821045609    0.417154075513    0.916001725372
C    0.501585568678    0.500795022779    0.665045334131
C    0.584994336704    0.584485666772    0.748916248936
C    0.333266626428    0.666591564927    0.000241242280
C    0.416809761153    0.749912219595    0.083514856270
C    0.333495285459    0.833162550803    0.166828708233
C    0.416901068699    0.916210042023    0.250234401162
C    0.500072343109    0.666326968545    0.166843137488
C    0.583674649993    0.748924047366    0.251072905373
C    0.500113049812    0.833275915969    0.000219773545
C    0.583402220114    0.916425629089    0.083621826104
C    0.333509800677    0.666326850378    0.333405721292
C    0.417739675571    0.748924038530    0.417008086230
C    0.333884681883    0.832851603145    0.500204689537
C    0.416690768745    0.916689560595    0.583486414198
C    0.501625196836    0.664856388836    0.500772287530
C    0.585511797466    0.747978740546    0.584571074595
C    0.500502324265    0.832616200328    0.333835637984
C    0.583929780953    0.915758335070    0.417263186986
C    0.333634673843    0.666598975068    0.666637719667
C    0.416831552336    0.749960673961    0.750105988544
C    0.333439891061    0.833388255476    0.833407124781
C    0.416847272255    0.916660007185    0.916674568677
C    0.499397300471    0.666519634245    0.834127718117
C    0.583466514203    0.750075750211    0.916889849276
C    0.499689446315    0.833674251523    0.666670136934
C    0.583559227175    0.916690545102    0.750126383096
C    0.666816923651    0.000295688400    0.000289307660
C    0.749973266968    0.083368376207    0.083363020595
C    0.666540408262    0.166299934604    0.166358157258
C    0.749608086111    0.249440390655    0.249450616234
C    0.833290125187    0.000157501154    0.166694296139
C    0.916576566803    0.083486725477    0.250183249945
C    0.833261118258    0.166691919444    0.000099116172
C    0.916571243162    0.250149786385    0.083437932279
C    0.666754576642   -0.000391758643    0.333537557014
C    0.749958270309    0.083215294348    0.416806174214
C    0.666540667446    0.166611680561    0.499873777472
C    0.749834553481    0.250702081164    0.583168006420
C    0.833333701248   -0.000054461477    0.500167216346
C    0.916496759194    0.083577137591    0.583400408055
C    0.833003384066    0.166858090645    0.333458859829
C    0.915581300844    0.251177409835    0.417022520492
C    0.666833872398   -0.000054286042    0.666666818393
C    0.750066837226    0.083577387968    0.749829948968
C    0.666866638512    0.167245583736    0.832810869214
C    0.750114468134    0.250077635177    0.916665973393
C    0.833379918442    0.000165504547    0.833369402690
C    0.916704927262    0.083479907748    0.916663824613
C    0.833240351908    0.167087705365    0.666573487213
C    0.916601209972    0.250408971737    0.749934454360
C    0.666693271122    0.333435456976   -0.000292293395
C    0.749943621642    0.416733359318    0.083235431864
C    0.666516915535    0.499817335768    0.166555507221
C    0.749876115562    0.583144199378    0.250483619789
C    0.833019606859    0.333390430267    0.166812533813
C    0.915644403929    0.416958467839    0.251024801004
C    0.833318481068    0.500139412290    0.000034009652
C    0.916555164852    0.583385819629    0.083548522222
C    0.666093889757    0.332025830957    0.331967667396
C    0.745861329489    0.416951317104    0.416744765608
C    0.831556806569    0.335276126319    0.500813525143
C    0.914777871087    0.419342697655    0.584468662769
C    0.831712066237    0.500794910332    0.334918846897
C    0.915583334514    0.584485141900    0.418327828043
C    0.667480198746    0.335276137775    0.664889998820
C    0.751135436519    0.419343070261    0.748110461031
C    0.667211626958    0.500676309870    0.832626676378
C    0.750199150889    0.583551283294    0.916353855322
C    0.833215269099    0.333265661521    0.833661754597
C    0.916743263018    0.416938104468    0.916704861091
C    0.839293275602    0.497234529338    0.672625921452
C    0.916239558655    0.582812024962    0.749572225300
C    0.666797663140    0.666658611161    0.000088856265
C    0.750076829245    0.749872118305    0.083592964567
C    0.666871027386    0.832851745151    0.167217990232
C    0.750152560282    0.916689368171    0.250024146148
C    0.833304130326    0.666599076739    0.166967760041
C    0.916772414207    0.749960599333    0.250165014716
C    0.833414156574    0.833445688756    0.000245227075
C    0.916737872042    0.916748765641    0.083477461032
C    0.667439113781    0.664856156065    0.334958422699
C    0.751237784864    0.747978320838    0.418845772819
C    0.667481872418    0.832141904678    0.500815103844
C    0.750249305447    0.916077478172    0.583582511600
C    0.841017880894    0.673016699897    0.495056108856
C    0.916431581259    0.749326559144    0.582679517871
C    0.833336773599    0.833673804243    0.333023149963
C    0.916793262501    0.916690405123    0.416892688013
C    0.661722496225    0.673016864159    0.674350049180
C    0.749345977494    0.749326761754    0.749764318187
C    0.667070226806    0.834369428969    0.834522639114
C    0.750015419866    0.917248777997    0.917284822777
C    0.833353304038    0.666639037052    0.833264644052
C    0.916568623536    0.749901482691    0.916628609244
C    0.833216704687    0.832795901248    0.666549717830
C    0.916507817929    0.916416219371    0.749841247298
N    0.658459464744    0.492274167670    0.491792626909
