&CONTROL
calculation = 'scf'
verbosity = 'high'
tprnfor=.TRUE.
tstress=.TRUE.
wf_collect = .true.
prefix='pwscf'
outdir = './'
pseudo_dir='/home/jinyuchem/program/QE/pseudo-potential'
/
&SYSTEM
ibrav = 0
ecutwfc = 85
tot_charge = -1
nspin = 2
tot_magnetization = 2.0
nbnd = 800
nat = 215
ntyp = 2
/
&ELECTRONS
conv_thr = 1D-10
diago_full_acc=.true.
/
K_POINTS gamma
CELL_PARAMETERS angstrom
10.70400  0.000000  0.000000
0.000000  10.70400  0.000000
0.000000  0.000000  10.70400
ATOMIC_SPECIES
C  12.01099968  C_ONCV_PBE-1.0.upf
N  14.00699997  N_ONCV_PBE-1.0.upf
ATOMIC_POSITIONS crystal
C   -0.000013282381    0.000106801348   -0.000009087239
C    0.083267344353    0.083404523037    0.083367262590
C   -0.000182116052    0.166780592553    0.166770094959
C    0.082905247709    0.250145051326    0.250166197024
C    0.166653797306   -0.000029058699    0.166722985786
C    0.249913988886    0.083179739757    0.250036464174
C    0.166585111728    0.166728634179   -0.000080173467
C    0.249858869297    0.249953742016    0.083193187710
C   -0.000062472625    0.000110080578    0.333485366218
C    0.083036834086    0.083633621639    0.416756619927
C   -0.000589604585    0.167305189583    0.500210251539
C    0.083172355800    0.250241152209    0.583453418335
C    0.166957403954    0.000306806988    0.500144944293
C    0.250034248992    0.083380280438    0.583315232488
C    0.166338839484    0.166670028136    0.333373384350
C    0.249635841277    0.249805242728    0.416578062798
C   -0.000041588337    0.000086223402    0.666676870436
C    0.083232297851    0.083483567483    0.750001364064
C   -0.000116722215    0.166948783177    0.833216943040
C    0.083230666516    0.250178246404    0.916564489082
C    0.166656793557    0.000106895841    0.833321233579
C    0.250032963914    0.083405037329    0.916601578020
C    0.166654274323    0.166733742738    0.666575807966
C    0.250035378873    0.250125581154    0.749899500152
C   -0.000135532080    0.333468565630    0.000021588292
C    0.083077328764    0.416647443590    0.083464988844
C   -0.000336676356    0.500101856329    0.167003530405
C    0.083896007623    0.583395062493    0.249530999076
C    0.166327750332    0.333298943629    0.166662964314
C    0.249651633156    0.416446998408    0.249845466895
C    0.166891994537    0.500115812680    0.000226010293
C    0.250002632480    0.583272359618    0.083336502676
C   -0.000592364974    0.333759376045    0.333734918571
C    0.082854909373    0.417057562759    0.417059800724
C   -0.000400690069    0.500613168830    0.500263773958
C    0.083190126609    0.583531936903    0.583481937314
C    0.166413495606    0.333381280684    0.499998509995
C    0.249893795476    0.416685416992    0.583280046694
C    0.166569905021    0.499934799659    0.333308950669
C    0.249997193445    0.583219186347    0.416708483963
C    0.000030859331    0.333713806492    0.666450999171
C    0.083285908602    0.417021660650    0.750056455129
C    0.000958248383    0.500638138165    0.834290654187
C    0.083901392366    0.583368793173    0.917234724972
C    0.166688617379    0.333468305826    0.833199021320
C    0.250131377298    0.416647557205    0.916411778834
C    0.166699182426    0.500125760134    0.666637667034
C    0.250162220831    0.583360936096    0.749933331854
C    0.000153789747    0.666760916474    0.000238676065
C    0.083470434978    0.750072901500    0.083424967960
C    0.000126524045    0.833410376414    0.166720147707
C    0.083385258261    0.916679670947    0.250161191601
C    0.167031504204    0.666566903406    0.166489657032
C    0.250240072231    0.749918527276    0.250108189584
C    0.166710188422    0.833380662879    0.000045025459
C    0.250082818040    0.916628076579    0.083417465784
C    0.001271778995    0.666373494875    0.332288619754
C    0.083778950009    0.750054071350    0.416653348124
C    0.001293814243    0.834217219865    0.500383274821
C    0.083980824647    0.917216381388    0.583324931075
C    0.166845523157    0.666655024535    0.500103731333
C    0.250281274281    0.749888162553    0.583426669748
C    0.166983933458    0.833296744572    0.333413017957
C    0.250335865534    0.916456024849    0.416742172417
C    0.000181857224    0.666709387267    0.666836205131
C    0.083435975453    0.749946449443    0.749947417691
C    0.000016969897    0.833286832760    0.833350235923
C    0.083323344586    0.916728988427    0.916656899068
C    0.166905805482    0.666761099157    0.833487691039
C    0.250091580615    0.750073331179    0.916804598258
C    0.166966978697    0.833494496001    0.666768030164
C    0.250144487564    0.916792149913    0.750089323018
C    0.333388396784   -0.000028821098   -0.000011993173
C    0.416702138056    0.083179968569    0.083247691231
C    0.333188457475    0.166456937794    0.166522759050
C    0.416412644215    0.249594917376    0.249746360155
C    0.500085144420   -0.000354854082    0.166812566068
C    0.583311696652    0.082810617098    0.250048522018
C    0.500039108909    0.166670826926   -0.000327485894
C    0.583243819468    0.249806418495    0.082968432395
C    0.333479394146   -0.000355423850    0.333419291037
C    0.416715867670    0.082810106706    0.416645340947
C    0.333098360021    0.166275210901    0.499897893739
C    0.416175626552    0.249481553142    0.582961210828
C    0.500322115461   -0.000519780076    0.500161702567
C    0.583547449737    0.083172799309    0.583318750994
C    0.499770561200    0.166032759503    0.333103757465
C    0.582838679772    0.249267682425    0.416171741560
C    0.333408202197    0.000142740934    0.666653181701
C    0.416882069900    0.083499048040    0.749913715249
C    0.333436822489    0.166781307318    0.833152805853
C    0.416832085300    0.250146059725    0.916239350118
C    0.500152263617    0.000110925670    0.833271506513
C    0.583423020530    0.083634362103    0.916370115776
C    0.500186898211    0.166883952688    0.666339361381
C    0.583709979045    0.251292279193    0.748887331432
C    0.333328768568    0.333299354119   -0.000337844415
C    0.416511628946    0.416447485660    0.082984946207
C    0.332940724080    0.499783352033    0.166274123814
C    0.415997097707    0.582893215399    0.249330486508
C    0.499662587006    0.332896579863    0.166098397490
C    0.582722234701    0.416079186078    0.249111745850
C    0.499975767688    0.499935212327   -0.000097484551
C    0.583374863517    0.583219605595    0.083329499512
C    0.332764941479    0.332895873365    0.332996463962
C    0.415778903498    0.416078902827    0.416055645942
C    0.333196532602    0.499775257399    0.499863894639
C    0.417014674247    0.583109822208    0.583283909616
C    0.498691273916    0.332179550875    0.499456552505
C    0.583417780805    0.417301912256    0.579279123361
C    0.498430707581    0.499413863551    0.331763660316
C    0.582999045279    0.579268310243    0.416332485789
C    0.333429156436    0.333337321233    0.666382644263
C    0.417551960288    0.416873894012    0.749055990013
C    0.333670154093    0.500102059830    0.832997634059
C    0.416197633775    0.583395494404    0.917229436429
C    0.500400991013    0.333760176122    0.832741220536
C    0.583726432087    0.417058849363    0.916186995983
C    0.501342691709    0.500803669405    0.665307520437
C    0.583964351755    0.584406613721    0.750081674977
C    0.333156133572    0.666566798139    0.000365602323
C    0.416774786646    0.749918783724    0.083573486003
C    0.333524396998    0.833174108962    0.166857859043
C    0.416948765524    0.916200999174    0.250282152626
C    0.500044947496    0.666312306382    0.166843784722
C    0.583672055173    0.748912569757    0.251013546525
C    0.500079601060    0.833297181061    0.000316957276
C    0.583408531406    0.916456805881    0.083668776639
C    0.333510553122    0.666312158467    0.333378288590
C    0.417680433764    0.748912545756    0.417005550298
C    0.333899189165    0.832852201091    0.500222290981
C    0.416766639531    0.916567428411    0.583555599279
C    0.501448369656    0.664803672175    0.500743034718
C    0.585344234426    0.747581518256    0.584634675180
C    0.500529479796    0.832554731346    0.333862815073
C    0.584016393387    0.915538388705    0.417349807530
C    0.333549464617    0.666601129496    0.666704442473
C    0.416673403392    0.749904321070    0.750291821978
C    0.333386123846    0.833410329880    0.833460648028
C    0.416827255786    0.916680284461    0.916719119026
C    0.498954755663    0.666373701639    0.834605282779
C    0.583320237354    0.750054327055    0.917111304367
C    0.499733808152    0.833396044385    0.666775179496
C    0.583567471947    0.916579820327    0.750189343432
C    0.666811275868    0.000307287969    0.000290278521
C    0.749981029490    0.083380715575    0.083366443624
C    0.666563491306    0.166275571603    0.166430838352
C    0.749626820890    0.249481393481    0.249508666340
C    0.833318619463    0.000142285531    0.166741087697
C    0.916579205499    0.083498463199    0.250215255504
C    0.833241265522    0.166734741758   -0.000013399669
C    0.916565010238    0.250126015908    0.083368356666
C    0.666828131397   -0.000519312447    0.333654772701
C    0.749985370550    0.083172666229    0.416880615340
C    0.666593627340    0.166678929516    0.499926419814
C    0.749840067820    0.250929764500    0.583173607336
C    0.833344376832   -0.000204857126    0.500200037414
C    0.916443524388    0.083571218446    0.583400005580
C    0.833005528936    0.166883653564    0.333519991355
C    0.915554072938    0.251292221169    0.417044041180
C    0.666866788299   -0.000204388624    0.666677189649
C    0.750066437692    0.083571884908    0.749776242944
C    0.666876489176    0.167305921154    0.832743577758
C    0.750119410836    0.250242609676    0.916504533747
C    0.833342792199    0.000086742694    0.833291372539
C    0.916667121875    0.083483912369    0.916565211636
C    0.833200295895    0.167201876352    0.666533155930
C    0.916501414441    0.250657516859    0.749834398696
C    0.666664649913    0.333382504725   -0.000254065446
C    0.749946308554    0.416686446931    0.083226373725
C    0.666530289393    0.499775916152    0.166529141300
C    0.749950901245    0.583110130070    0.250347202720
C    0.833048502893    0.333337512524    0.166762174922
C    0.915722350058    0.416873239235    0.250885268207
C    0.833303790895    0.500125900911    0.000031073338
C    0.916599271696    0.583361111291    0.083494765500
C    0.666123276246    0.332179710124    0.332024605700
C    0.745945824159    0.417302009853    0.416751204995
C    0.831560281438    0.335628682918    0.500853002994
C    0.914601529618    0.420004468924    0.584361295312
C    0.831974304457    0.500803370467    0.334675936144
C    0.916749586823    0.584405202457    0.417298146625
C    0.667519632030    0.335628712054    0.664893295211
C    0.751028349116    0.420005469979    0.747932913421
C    0.666930705589    0.500614198431    0.832930280992
C    0.750148992075    0.583532351048    0.916521332281
C    0.833117710426    0.333714884365    0.833362714252
C    0.916723190329    0.417022147140    0.916618000752
C    0.837861472368    0.499895522957    0.671193150714
C    0.916412713349    0.583043094643    0.749744325271
C    0.666770230373    0.666655309649    0.000177332281
C    0.750093083174    0.749888699886    0.083613278900
C    0.666888192842    0.832852579870    0.167232344817
C    0.750220987330    0.916566913042    0.250099980159
C    0.833370371678    0.666601401103    0.166882028494
C    0.916957959070    0.749904122789    0.250006966497
C    0.833434094999    0.833494802048    0.000299343555
C    0.916754974718    0.916791717125    0.083477395976
C    0.667410072703    0.664803050866    0.334781472580
C    0.751301260307    0.747580557344    0.418679329572
C    0.667651358017    0.831637556361    0.500984308723
C    0.750282737080    0.915784325582    0.583615617869
C    0.842460365663    0.672234816763    0.494086453647
C    0.916924784331    0.749089230873    0.582689752965
C    0.833441729065    0.833394844799    0.333068190270
C    0.916856522285    0.916579448698    0.416901032577
C    0.660752439960    0.672235565376    0.675790798670
C    0.749355974781    0.749089762970    0.750256575476
C    0.667050332431    0.834217673633    0.834626233099
C    0.749991242790    0.917216975181    0.917313099723
C    0.833503299229    0.666709590555    0.833512912441
C    0.916614169208    0.749946131402    0.916768195190
C    0.833139031971    0.832262934049    0.666471401271
C    0.916452022570    0.916201818759    0.749785499137
N    0.658282884703    0.492899932896    0.491615818783
