&CONTROL
calculation = 'scf'
restart_mode = 'from_scratch'
verbosity = 'high'
wf_collect = .true.
pseudo_dir='/home/jinyuchem/program/QE/pseudo-potential'
tprnfor = .true.
/
&SYSTEM
ibrav = 0
ecutwfc = 60
tot_charge = -1
nspin = 2
tot_magnetization = 2.0
nbnd = 456
nat = 215
ntyp = 2
input_dft = 'PBE0'
exx_fraction = 0.18
ecutfock = 120
/
&ELECTRONS
conv_thr = 1D-8
diago_full_acc=.true.
mixing_beta = 0.3
/
K_POINTS gamma
CELL_PARAMETERS angstrom
10.65000  0.000000  0.000000
0.000000  10.65000  0.000000
0.000000  0.000000  10.65000
ATOMIC_SPECIES
C  12.01099968  C_ONCV_PBE-1.0.upf
N  14.00699997  N_ONCV_PBE-1.0.upf
ATOMIC_POSITIONS crystal
C    0.000019726622    0.000057338036    0.000056737184
C    0.083277182377    0.083389589442    0.083389641235
C   -0.000140772923    0.166795446763    0.166796005666
C    0.082953820231    0.250171898108    0.250173784210
C    0.166638283482   -0.000032442811    0.166736491771
C    0.249886648110    0.083223161282    0.250019834238
C    0.166638500598    0.166736755665   -0.000032587109
C    0.249885026472    0.250020233661    0.083222714590
C   -0.000071635297    0.000131589271    0.333450982280
C    0.083091771403    0.083551923323    0.416724425777
C   -0.000439431724    0.167153270634    0.500157695701
C    0.083383048353    0.250000904727    0.583424580268
C    0.166923425774    0.000251811591    0.500134208995
C    0.250020401281    0.083351500617    0.583299016733
C    0.166374292815    0.166719327141    0.333358389319
C    0.249637988142    0.249919063482    0.416582120820
C    0.000103805609    0.000227737744    0.666749004582
C    0.083389519420    0.083480075913    0.750052730994
C    0.000027187557    0.166811858684    0.833360052795
C    0.083300801015    0.250178515424    0.916648117516
C    0.166738007959    0.000055397770    0.833345273353
C    0.250064794334    0.083389107636    0.916623472077
C    0.166816049111    0.166687538223    0.666625176654
C    0.250117972119    0.250148302896    0.749923510844
C   -0.000071625025    0.333451394137    0.000131885185
C    0.083091767191    0.416724380790    0.083551730460
C   -0.000439204451    0.500157545082    0.167153038311
C    0.083382874491    0.583424620620    0.250001121168
C    0.166374909929    0.333358201513    0.166717953216
C    0.249635820515    0.416584305214    0.249915788379
C    0.166923652573    0.500134031700    0.000251649292
C    0.250020509817    0.583299177676    0.083351323426
C   -0.000576319239    0.333735773114    0.333735951090
C    0.082641687937    0.417146662331    0.417146040999
C   -0.000890031803    0.500665650198    0.500665356695
C    0.082916590627    0.583539575782    0.583539961073
C    0.166404110113    0.333449974915    0.500038158892
C    0.249916421106    0.416771716566    0.583285060679
C    0.166404290947    0.500038558277    0.333449716722
C    0.249916336796    0.583284806237    0.416771820307
C    0.000329653065    0.333100779383    0.666583128881
C    0.083344153774    0.416897324387    0.750071824545
C    0.000989134425    0.500439153513    0.834370867183
C    0.083868442858    0.583356017972    0.917226813207
C    0.166790777634    0.333453785965    0.833249506383
C    0.250223862252    0.416729645539    0.916427652862
C    0.166668726545    0.500145616533    0.666666572049
C    0.250220179234    0.583393431235    0.749872770427
C    0.000103955598    0.666749504590    0.000227402922
C    0.083389539270    0.750052335811    0.083480222282
C    0.000026988738    0.833359849050    0.166811250461
C    0.083300690713    0.916648034007    0.250177900459
C    0.166816091775    0.666625322934    0.166687205794
C    0.250117963727    0.749923204882    0.250148356949
C    0.166738577734    0.833345454215    0.000054823967
C    0.250064953785    0.916623647643    0.083388821550
C    0.000329805459    0.666582977343    0.333100833660
C    0.083344534556    0.750071409994    0.416896929959
C    0.000988411184    0.834371509963    0.500438853575
C    0.083867932318    0.917227066130    0.583356459280
C    0.166668973132    0.666666648546    0.500145731362
C    0.250220407988    0.749872484563    0.583393213907
C    0.166790585675    0.833249502961    0.333453236588
C    0.250224250618    0.916427506201    0.416728920255
C   -0.000212372353    0.666671201452    0.666671827673
C    0.083257557817    0.749918123150    0.749918190224
C    0.000025786699    0.833364903051    0.833365087372
C    0.083364983800    0.916708874205    0.916708639872
C    0.166884581117    0.666745342455    0.833414252322
C    0.250151685345    0.750047887154    0.916709583304
C    0.166884426215    0.833414160567    0.666745701587
C    0.250150997166    0.916713321672    0.750048728922
C    0.333396156073   -0.000038641098   -0.000038822846
C    0.416685964241    0.083212991553    0.083212998319
C    0.333182972471    0.166537167804    0.166536574147
C    0.416407598608    0.249750959276    0.249750261388
C    0.500022103242   -0.000299056797    0.166703550523
C    0.583224331293    0.082973149920    0.249898030275
C    0.500021765392    0.166702944421   -0.000298610076
C    0.583224142916    0.249898303441    0.082973109812
C    0.333360247708   -0.000296737886    0.333358149367
C    0.416568901404    0.082974058044    0.416585772024
C    0.333006816986    0.166367898166    0.499891041953
C    0.416127043326    0.249465441652    0.582984120683
C    0.500089585628   -0.000238055811    0.500028552450
C    0.583402785400    0.083243197684    0.583280890030
C    0.499698083158    0.166143598662    0.333033089816
C    0.582794490205    0.249208043422    0.416136038486
C    0.333334635270    0.000129579677    0.666616653002
C    0.416814141911    0.083438962311    0.749923537338
C    0.333442650878    0.166793428874    0.833180708143
C    0.416833028985    0.250164724269    0.916288926505
C    0.500124890319    0.000110134524    0.833250725186
C    0.583366780314    0.083538778909    0.916436906780
C    0.500059810981    0.166822371897    0.666390836745
C    0.583619301035    0.251032037532    0.749016553259
C    0.333359648323    0.333359576747   -0.000295889799
C    0.416568513126    0.416585750814    0.082973678604
C    0.333005884428    0.499890707328    0.166367760739
C    0.416125947104    0.582984145898    0.249465388777
C    0.499698138046    0.333032627823    0.166143368838
C    0.582794525398    0.416135930777    0.249207897278
C    0.500089100675    0.500027854694   -0.000238016464
C    0.583402905507    0.583280875541    0.083243362708
C    0.332797605735    0.333038019019    0.333045043206
C    0.415892685087    0.416154692561    0.416154957012
C    0.333268045504    0.499879571940    0.499879904654
C    0.417232401375    0.583191444191    0.583192646536
C    0.498674752807    0.331995790914    0.499484995459
C    0.583490096056    0.416794312627    0.579130806905
C    0.498673873024    0.499484430756    0.331995815795
C    0.583489569140    0.579130801736    0.416794133075
C    0.333484666531    0.333409336524    0.666392677189
C    0.417751999189    0.416987563183    0.748999201403
C    0.333831026561    0.500165350072    0.832878264935
C    0.416689135657    0.583427754094    0.916729983991
C    0.500399362009    0.333733460489    0.832764535902
C    0.583762559031    0.417121273249    0.916058683467
C    0.501794117161    0.500776817874    0.664931178060
C    0.585779013441    0.584449379448    0.748199724716
C    0.333334281530    0.666616558199    0.000130253883
C    0.416813724025    0.749923210771    0.083438731645
C    0.333442869504    0.833180930791    0.166793064792
C    0.416835410850    0.916291623275    0.250166833897
C    0.500061376192    0.666391263228    0.166821665786
C    0.583619352265    0.749016196332    0.251031750404
C    0.500125081417    0.833250312016    0.000110376774
C    0.583366598292    0.916437777770    0.083539381876
C    0.333484994324    0.666392234696    0.333409134771
C    0.417751815512    0.748999263664    0.416987234172
C    0.333831853566    0.832877358019    0.500163644399
C    0.416689372621    0.916729941867    0.583428000170
C    0.501794377858    0.664930646474    0.500776294206
C    0.585778795470    0.748199720651    0.584448919916
C    0.500399641137    0.832764792213    0.333733790173
C    0.583762790566    0.916058386809    0.417120957454
C    0.333670274177    0.666608308285    0.666608949586
C    0.416982469513    0.749959423104    0.749959386266
C    0.333488447196    0.833335517355    0.833336330971
C    0.416854075558    0.916638081324    0.916638310385
C    0.499850252381    0.666549908251    0.833659939816
C    0.583561675939    0.750069184456    0.916697943720
C    0.499850053641    0.833659883891    0.666549687491
C    0.583561763440    0.916697822904    0.750069192494
C    0.666800251101    0.000251809011    0.000251957032
C    0.749962177846    0.083343711130    0.083343978757
C    0.666547646245    0.166340509408    0.166340438266
C    0.749634658602    0.249404234241    0.249404452931
C    0.833268553278    0.000159097348    0.166660068266
C    0.916595333367    0.083450196328    0.250139653962
C    0.833268725600    0.166660207224    0.000159346598
C    0.916595606046    0.250139448672    0.083449949486
C    0.666687555940   -0.000231550427    0.333418914363
C    0.749947268338    0.083250092858    0.416754191193
C    0.666532438190    0.166589614821    0.499870781436
C    0.749857081282    0.250489396892    0.583201031988
C    0.833320389000    0.000030129710    0.500138226147
C    0.916556370127    0.083546049803    0.583386827128
C    0.833031706090    0.166817402886    0.333382824556
C    0.915665464563    0.251033346392    0.416967730148
C    0.666807579022    0.000016539214    0.666665513615
C    0.750052392010    0.083542062050    0.749886529877
C    0.666821884679    0.167147069216    0.832897247802
C    0.750082057484    0.249950088734    0.916786068066
C    0.833400789397    0.000223930663    0.833436375373
C    0.916725265013    0.083472680304    0.916737925491
C    0.833262510159    0.166982138435    0.666620867285
C    0.916628552154    0.250242834026    0.749999957047
C    0.666687472024    0.333418807746   -0.000231485488
C    0.749947184338    0.416753478318    0.083250070011
C    0.666532663260    0.499870404416    0.166590074970
C    0.749856440310    0.583199685923    0.250488563956
C    0.833031596026    0.333382783812    0.166817541706
C    0.915665176179    0.416967092223    0.251032810596
C    0.833320693182    0.500138118476    0.000030023631
C    0.916556280409    0.583386917779    0.083545564264
C    0.666143814608    0.331935282710    0.331935074471
C    0.745766532024    0.416724902699    0.416724768922
C    0.831562076404    0.335031960552    0.500737071339
C    0.914838413428    0.418943154467    0.584413713792
C    0.831562173122    0.500737230956    0.335032060884
C    0.914838595780    0.584412614396    0.418943539045
C    0.667435957328    0.335031233361    0.664954925102
C    0.751059067225    0.418806772046    0.748428633595
C    0.667278419398    0.500585762703    0.832581796335
C    0.750199352970    0.583525967526    0.916331333823
C    0.833195961923    0.333024971530    0.833781125090
C    0.916730086164    0.416874708486    0.916744256845
C    0.839485725159    0.496319530457    0.673172322490
C    0.916176827717    0.582889446414    0.749630905909
C    0.666807720803    0.666665570382    0.000016850332
C    0.750054680018    0.749886270124    0.083540146332
C    0.666821351699    0.832899124073    0.167147529411
C    0.750081982372    0.916785857486    0.249950178895
C    0.833262986323    0.666620288030    0.166981067379
C    0.916628450321    0.749999679149    0.250242745642
C    0.833401482254    0.833436642500    0.000224253641
C    0.916724079551    0.916736942371    0.083473360910
C    0.667436177630    0.664955142774    0.335031025951
C    0.751058306211    0.748427981607    0.418806643907
C    0.667277579701    0.832581319352    0.500586364362
C    0.750198971849    0.916331381286    0.583526230665
C    0.839486629614    0.673173126989    0.496317832765
C    0.916176665785    0.749630692074    0.582890321484
C    0.833196121932    0.833780867677    0.333024930064
C    0.916730370970    0.916744041626    0.416874879566
C    0.663747896290    0.672553786321    0.672554498580
C    0.749510133578    0.749543801690    0.749544252233
C    0.667147737336    0.834340709611    0.834340851929
C    0.750023814599    0.917224787404    0.917225440474
C    0.833322065339    0.666716699279    0.833222070495
C    0.916595468908    0.749931076037    0.916650796545
C    0.833321967600    0.833221956141    0.666716863733
C    0.916595275177    0.916650902970    0.749930976088
N    0.658470000627    0.491685766788    0.491684813336
