&CONTROL
calculation = 'scf'
restart_mode = 'from_scratch'
prefix = 'pwscf'
pseudo_dir = '/home/jinyuchem/program/QE/pseudo-potential'
outdir = './'
wf_collect = .TRUE.
tprnfor = .TRUE.
verbosity = 'high'
max_seconds = 240000
/
&SYSTEM
ibrav = 0
nat = 511
ntyp = 2
ecutwfc = 60
tot_charge = -1
nspin = 2
tot_magnetization = 2
nbnd = 1040
input_dft = 'PBE0'
exx_fraction = 0.18
ecutfock = 120
/
&ELECTRONS
electron_maxstep = 600
conv_thr = 1.0d-7
mixing_mode = 'plain'
mixing_beta = 0.7
diagonalization = 'david'
diago_full_acc = .TRUE.
startingpot = 'atomic'
startingwfc = 'atomic+random'
/
ATOMIC_SPECIES
C  12.0107 C_ONCV_PBE-1.0.upf
N  14.0000 N_ONCV_PBE-1.0.upf
CELL_PARAMETERS angstrom
14.2 0.0 0.0
0.0 14.2 0.0
0.0 0.0 14.2
K_POINTS gamma
ATOMIC_POSITIONS crystal
C   -0.000003810904   -0.000004135687    0.000001253137
C    0.000013327175    0.000011718683    0.250010372088
C   -0.000058644447   -0.000059055259    0.500006929348
C   -0.000018485400   -0.000017596387    0.749995766797
C   -0.000030216192    0.249975029141    0.000018149782
C    0.000055302448    0.250009590699    0.250030800534
C   -0.000033634075    0.250055714763    0.500028130334
C   -0.000131191989    0.249978405960    0.750012851423
C   -0.000066643361    0.499987892197    0.000008608452
C    0.000042873527    0.500020885685    0.250047492351
C    0.000045481315    0.500006044539    0.500006674389
C   -0.000030203494    0.499980407159    0.749966195346
C    0.000021878470    0.750014052094   -0.000012363903
C    0.000002736038    0.750013496011    0.250007659616
C    0.000051721832    0.749950881546    0.499985687129
C    0.000050859674    0.749978974972    0.749967036385
C    0.249975563909   -0.000030519011    0.000019237327
C    0.250011440946    0.000053867295    0.250032128996
C    0.250056566595   -0.000033418223    0.500029148964
C    0.249977963845   -0.000130008784    0.750013708214
C    0.249932170041    0.249931888286    0.000112396265
C    0.250161137933    0.250159922798    0.250209813152
C    0.249601408097    0.249602429966    0.500354842637
C    0.249940109951    0.249941833335    0.750116842465
C    0.249975518834    0.499986778186    0.000029443493
C    0.249830525998    0.500081035797    0.249719468068
C    0.250690528915    0.499908825410    0.500079024920
C    0.249292122873    0.499698431483    0.750841371489
C    0.249992244973    0.750009651887   -0.000047994005
C    0.250054126068    0.750005980126    0.249967732084
C    0.249999341558    0.750033646790    0.499864469420
C    0.250213062083    0.749761166619    0.749824647780
C    0.499988343037   -0.000067148383    0.000008641916
C    0.500022193448    0.000041440430    0.250047896722
C    0.500006118817    0.000046114571    0.500006555117
C    0.499979413987   -0.000028412944    0.749965680458
C    0.499987050563    0.249975472271    0.000027715274
C    0.500083592250    0.249829052584    0.249717117804
C    0.499908643295    0.250694637509    0.500077010506
C    0.499696426271    0.249297001451    0.750837430089
C    0.500006504121    0.500006531800   -0.000006410657
C    0.500076356029    0.500074437159    0.249982494344
C    0.499924236571    0.499926516485    0.749920338403
C    0.500015065445    0.750027426906   -0.000043860301
C    0.499980314263    0.750548490117    0.249378788624
C    0.500098417097    0.749653508708    0.499930498234
C    0.500031832979    0.749979372046    0.750067927079
C    0.750014479933    0.000021553839   -0.000013571964
C    0.750014679253    0.000001052020    0.250006674656
C    0.749950364659    0.000051910718    0.499984553779
C    0.749977763804    0.000052421053    0.749965711536
C    0.750009952401    0.249991890952   -0.000050809363
C    0.750007976585    0.250052788111    0.249964921989
C    0.750034836979    0.249999339851    0.499860761261
C    0.749759534117    0.250214914315    0.749821737592
C    0.750027529538    0.500014882120   -0.000045425260
C    0.750553494245    0.499978528658    0.249374224179
C    0.749654890488    0.500098376904    0.499928371801
C    0.749978129621    0.500032847886    0.750066362163
C    0.750043855966    0.750043553278   -0.000025820202
C    0.749928270016    0.749926837394    0.250098790082
C    0.750070507702    0.750069997103    0.500016209986
C    0.750051398395    0.750052176541    0.750039789593
C    0.000012432827    0.124989203417    0.125012049129
C    0.000014120897    0.125015959234    0.375022404353
C   -0.000111841145    0.125001893569    0.625017038658
C   -0.000051778904    0.124971028045    0.875012013100
C    0.000038080116    0.374992615550    0.125022197746
C    0.000039381028    0.375047744507    0.375047409804
C   -0.000043506080    0.375016755107    0.624995322014
C   -0.000121085641    0.374972294796    0.875013309772
C   -0.000010823222    0.625028326485    0.125022696186
C    0.000053505902    0.624991322597    0.375019544850
C    0.000051662926    0.624963788489    0.624960861823
C    0.000009105037    0.625000672783    0.874966198137
C    0.000006620142    0.875021195525    0.124991036720
C   -0.000004635745    0.874981640335    0.375002086516
C    0.000031806857    0.874951620868    0.624986661556
C    0.000024533622    0.875001139402    0.874993392126
C    0.250003530319    0.125027282425    0.125097707966
C    0.250108076268    0.125098261482    0.375112611599
C    0.249907405252    0.124877099132    0.625100532048
C    0.249945258756    0.124916746821    0.875057588739
C    0.250030002161    0.375019238028    0.125045598917
C    0.250563243051    0.375317891399    0.375451605955
C    0.249869246571    0.374932837294    0.625333696346
C    0.249799321884    0.374897512340    0.875256729316
C    0.249964018005    0.625036420492    0.124916672508
C    0.250176140002    0.624929365061    0.374952708911
C    0.250613222710    0.624472583523    0.624688092517
C    0.250122535360    0.624961855003    0.874933417782
C    0.249997575853    0.875023783539    0.124987165069
C    0.250014287596    0.875030982296    0.374972535011
C    0.250217158409    0.874747570290    0.624960612566
C    0.250007013097    0.874910282526    0.874944409347
C    0.500030046698    0.124915616588    0.124936398178
C    0.500024592068    0.125200660192    0.375085603539
C    0.499925779120    0.125139320972    0.624980701167
C    0.499912569897    0.124715265553    0.875269274870
C    0.500034664617    0.375028600758    0.124978310930
C    0.500358030190    0.375942574818    0.375212004021
C    0.498169534444    0.375297966091    0.625285525588
C    0.499940632902    0.375010373662    0.875035649197
C    0.500027475366    0.625043679058    0.124911267479
C    0.499483844084    0.625022642060    0.374445833791
C    0.501822408507    0.623932672067    0.624317565999
C    0.500015455415    0.624974218347    0.875008129213
C    0.499987759638    0.875177607278    0.124835179036
C    0.500032235664    0.874932763713    0.375033196144
C    0.500035751650    0.874902609319    0.624941716023
C    0.500012125866    0.874989452556    0.874980075021
C    0.750019913761    0.125004765398    0.124989419675
C    0.749994684631    0.125047719338    0.374980613974
C    0.749829156792    0.125161618614    0.624932833249
C    0.749948443563    0.125058981868    0.874926954787
C    0.750112278141    0.375001475855    0.124862280564
C    0.750085517182    0.375113810702    0.374786175012
C    0.749192477764    0.375641194933    0.624802177327
C    0.749915128776    0.375027374097    0.874928285609
C    0.750030542422    0.625033923560    0.124913316893
C    0.749443473236    0.624938701308    0.375437363674
C    0.750149013641    0.625105296049    0.625119494551
C    0.750052089895    0.625040437072    0.875043308050
C    0.750012852120    0.874996789394    0.125023334052
C    0.749949800443    0.874948778838    0.375015068170
C    0.750022904518    0.875059259400    0.625005937470
C    0.750028952797    0.875042368457    0.874989087001
C    0.124990508475    0.000011307372    0.125012788873
C    0.125017501318    0.000012949331    0.375023104118
C    0.125001526085   -0.000111213668    0.625017793562
C    0.124970691466   -0.000051140499    0.875012757894
C    0.125028209716    0.250002378609    0.125097499871
C    0.125098390766    0.250106734675    0.375112301766
C    0.124875717014    0.249907847074    0.625100512077
C    0.124916000130    0.249945715921    0.875057482036
C    0.124917043933    0.500028694800    0.124937764029
C    0.125200152869    0.500023577446    0.375086505407
C    0.125136398673    0.499926796936    0.624982533729
C    0.124713500072    0.499913281980    0.875271221197
C    0.125006040471    0.750018720357    0.124991619248
C    0.125048668159    0.749993578909    0.374982742403
C    0.125159885258    0.749830572075    0.624935275386
C    0.125057971480    0.749949200068    0.874929390948
C    0.374993885702    0.000036849976    0.125023442160
C    0.375048961834    0.000038613126    0.375048360370
C    0.375016470694   -0.000041997269    0.624995860355
C    0.374971930082   -0.000120142271    0.875013710722
C    0.375020514994    0.250028971718    0.125045048998
C    0.375319530596    0.250565062084    0.375451447733
C    0.374931160728    0.249873193394    0.625332207495
C    0.374896624615    0.249800719300    0.875255964973
C    0.375029632675    0.500033388510    0.124979437252
C    0.375940200904    0.500350973989    0.375213490932
C    0.375287394825    0.498171699115    0.625291922904
C    0.375008799339    0.499942154395    0.875037021709
C    0.375002544927    0.750110450222    0.124865387477
C    0.375114535710    0.750082254680    0.374790090793
C    0.375639817398    0.749192771671    0.624805215378
C    0.375026545461    0.749916306582    0.874930720559
C    0.625029293957   -0.000012118120    0.125022022090
C    0.624991953157    0.000052699043    0.375019015887
C    0.624962635398    0.000053315666    0.624959748618
C    0.625000207857    0.000010200219    0.874964921318
C    0.625037825075    0.249962847508    0.124913992584
C    0.624931197716    0.250176528345    0.374949876194
C    0.624470659276    0.250617667558    0.624684096208
C    0.624960638451    0.250123973194    0.874930523198
C    0.625044987474    0.500026388669    0.124909941448
C    0.625030322650    0.499478039463    0.374439910718
C    0.623932288960    0.501823388028    0.624315509239
C    0.624973063588    0.500016430181    0.875006986673
C    0.625034951512    0.750029417294    0.124914195500
C    0.624939924414    0.749441068361    0.375438302668
C    0.625104785693    0.750149019302    0.625120059237
C    0.625039866424    0.750052850456    0.875043775570
C    0.875022222060    0.000005332643    0.124990403691
C    0.874982428806   -0.000005821827    0.375001368382
C    0.874950538264    0.000032631865    0.624985881341
C    0.875000767080    0.000025162270    0.874992569559
C    0.875025046621    0.249996312112    0.124984896684
C    0.875032558387    0.250012863002    0.374970244194
C    0.874746777057    0.250217678271    0.624958552185
C    0.874909387276    0.250007501117    0.874942269998
C    0.875179759049    0.499986496993    0.124832860432
C    0.874934432598    0.500031426177    0.375031781572
C    0.874902042801    0.500036458732    0.624940956593
C    0.874988540920    0.500012433471    0.874979328595
C    0.874997885253    0.750011853932    0.125023538028
C    0.874949980209    0.749949116860    0.375015082061
C    0.875058374913    0.750023660923    0.625006284369
C    0.875041673654    0.750029415759    0.874989413982
C    0.124962644965    0.124962360596    0.000045477667
C    0.125054472389    0.125053021016    0.250071930000
C    0.124830579308    0.124830315843    0.500097566893
C    0.124941392730    0.124942256022    0.750034304416
C    0.124912943528    0.374963973300    0.000086189618
C    0.125117599235    0.375045434432    0.250140872272
C    0.125153935525    0.375052058494    0.500099711257
C    0.124826855116    0.374930297560    0.750165505635
C    0.124993757349    0.625011529258   -0.000021330403
C    0.125020991100    0.625013176653    0.249976934791
C    0.125216477088    0.624892109072    0.499968904747
C    0.125074017740    0.624920522038    0.749902584669
C    0.124990321854    0.874999871475   -0.000017070747
C    0.125014612239    0.875011519117    0.250001670107
C    0.125001622848    0.874994701780    0.499968053430
C    0.125061792536    0.874892684125    0.749959920180
C    0.374964375834    0.124912770118    0.000085829084
C    0.375046882840    0.125116884546    0.250141014446
C    0.375052339459    0.125155653107    0.500099440911
C    0.374929367942    0.124829252827    0.750164571216
C    0.374976241631    0.374976251461    0.000047588819
C    0.375230381489    0.375228706901    0.250119429570
C    0.375890005939    0.375893929552    0.501626980510
C    0.374750042621    0.374753322646    0.750558903411
C    0.375002346599    0.625011872580   -0.000018218047
C    0.375080073158    0.625130585292    0.249730308250
C    0.376332591597    0.623850550649    0.499220206716
C    0.375532788117    0.624704611535    0.749530145203
C    0.374991417203    0.874999928061   -0.000046257267
C    0.375014263265    0.875109261540    0.249911292752
C    0.375125273427    0.874847669478    0.499964205092
C    0.375040964839    0.874831937676    0.749891281152
C    0.625011883693    0.124993463831   -0.000023491830
C    0.625014851923    0.125019694275    0.249975180960
C    0.624891828227    0.125218228839    0.499966723471
C    0.624919065892    0.125076692578    0.749900010371
C    0.625011829184    0.375002225584   -0.000020400417
C    0.625133856228    0.375079014016    0.249727170891
C    0.623851823952    0.376337021695    0.499212405777
C    0.624702663355    0.375535142432    0.749527256849
C    0.625028998366    0.625028929113   -0.000036322799
C    0.624906002849    0.624903898046    0.249935370800
C    0.624200486722    0.624198663005    0.501861772471
C    0.625090191454    0.625091139663    0.750279533598
C    0.625027593092    0.875030826868   -0.000028970927
C    0.625035090373    0.874922106226    0.250127635187
C    0.624988780401    0.874958337785    0.499994851964
C    0.625021136586    0.875049358422    0.750010115628
C    0.875000130992    0.124989974877   -0.000018866823
C    0.875012887249    0.125012936575    0.250000173433
C    0.874995121566    0.125000927037    0.499966306435
C    0.874891534490    0.125062730061    0.749958243927
C    0.875000290673    0.374990957675   -0.000048394821
C    0.875111437924    0.375012795339    0.249908548553
C    0.874848242517    0.375125028281    0.499962113278
C    0.874830660834    0.375041730105    0.749889816201
C    0.875030996036    0.625027378170   -0.000029095366
C    0.874924173187    0.625034010933    0.250126936866
C    0.874958845541    0.624989040854    0.499994484438
C    0.875048069687    0.625022093791    0.750010271960
C    0.875029613252    0.875029165341   -0.000000184632
C    0.874990377712    0.874988987096    0.250010612087
C    0.874999684097    0.874999705581    0.500004937073
C    0.875024036062    0.875025130475    0.749990648014
C    0.187496927642    0.062529075355    0.187544850755
C    0.187505087659    0.062491642025    0.437547354958
C    0.187453753723    0.062382299609    0.687537047238
C    0.187455406955    0.062447461250    0.937535844759
C    0.187572199637    0.312527301129    0.187616940547
C    0.187666418509    0.312531071291    0.437676190562
C    0.187340550701    0.312447325917    0.687632390495
C    0.187382697715    0.312427478112    0.937655344281
C    0.187358910030    0.562487401855    0.187320338248
C    0.187806552301    0.562410450527    0.437571851219
C    0.187610848501    0.562330368073    0.687563206161
C    0.187462399401    0.562471881323    0.937520073077
C    0.187510687078    0.812520008020    0.187484966153
C    0.187460218987    0.812580687371    0.437507792315
C    0.187633380780    0.812329802208    0.687441702065
C    0.187492437039    0.812476221474    0.937456232830
C    0.437504225218    0.062538948886    0.187545076964
C    0.437504653961    0.062605062468    0.437544240451
C    0.437473945997    0.062494872614    0.687516952385
C    0.437497522757    0.062310286204    0.937638423896
C    0.437521282339    0.312518880578    0.187478616418
C    0.437819291131    0.313521037700    0.438153330653
C    0.437712638792    0.311372210136    0.689030541687
C    0.437454036484    0.312430666785    0.937577717463
C    0.437574645594    0.562536150386    0.187376172833
C    0.438070371582    0.561591905484    0.686836861045
C    0.437473595456    0.562492250174    0.937520507152
C    0.437567786233    0.812863780364    0.187138841118
C    0.437566324266    0.812388497575    0.437443231545
C    0.437612279889    0.812262379699    0.687392747786
C    0.437502584924    0.812487902240    0.937450241612
C    0.687524194620    0.062499427511    0.187498006856
C    0.687457986570    0.062605095703    0.437512388745
C    0.687461091411    0.062562805999    0.687480278743
C    0.687499523457    0.062518755598    0.937461278993
C    0.687564457623    0.312519212587    0.187330372131
C    0.687849627107    0.312361262437    0.437581022487
C    0.687083133618    0.312843783575    0.687270222210
C    0.687494807936    0.312491982077    0.937472210854
C    0.687633007547    0.562560622956    0.187307205715
C    0.686623228744    0.561977343569    0.438046362272
C    0.687691465449    0.562731290401    0.687851265037
C    0.687526676184    0.562516882521    0.937492495972
C    0.687507025417    0.812478007414    0.187529592393
C    0.687469798575    0.812397838867    0.437532622011
C    0.687577109890    0.812621130359    0.687569531696
C    0.687550978361    0.812562491881    0.937504163641
C    0.937514464166    0.062502149631    0.187499329542
C    0.937500186369    0.062477997114    0.437517172126
C    0.937427775278    0.062515213901    0.687498427243
C    0.937490505620    0.062489843004    0.937503459032
C    0.937572738154    0.312484268295    0.187485361830
C    0.937464507494    0.312544917800    0.437508731045
C    0.937377527054    0.312535417932    0.687469117583
C    0.937436603128    0.312474376816    0.937478608957
C    0.937508129190    0.562508816062    0.187528413126
C    0.937509257452    0.562508268192    0.437494595256
C    0.937490958203    0.562501688071    0.687469794534
C    0.937500125208    0.562513509206    0.937477830001
C    0.937507312646    0.812518549229    0.187497081271
C    0.937497219412    0.812469700604    0.437506258224
C    0.937548236563    0.812511894944    0.687506406229
C    0.937532631520    0.812527130063    0.937499568533
C    0.062484253682    0.062483338799    0.062515971020
C    0.062524508383    0.062522836213    0.312525377843
C    0.062375305203    0.062375407528    0.562505038405
C    0.062459701220    0.062460424900    0.812520359168
C    0.062488850219    0.312470512496    0.062565600241
C    0.062557497592    0.312514132530    0.312552974235
C    0.062506831258    0.312505297189    0.562535766457
C    0.062353982071    0.312451852604    0.812556151949
C    0.062433752043    0.562500337206    0.062464381682
C    0.062591599312    0.562490800813    0.312535481900
C    0.062608326919    0.562462866743    0.562503930878
C    0.062466192252    0.562474721755    0.812514863433
C    0.062504316824    0.812518973760    0.062489553087
C    0.062512731414    0.812502229946    0.312498960788
C    0.062573202596    0.812433040719    0.562490903195
C    0.062539331964    0.812467400549    0.812478084451
C    0.312471467283    0.062488112505    0.062566256296
C    0.312515626422    0.062556702929    0.312553626932
C    0.312505431312    0.062508282725    0.562536014486
C    0.312451455676    0.062355394153    0.812556174313
C    0.312463992883    0.312463223817    0.062549767065
C    0.312746856363    0.312746186906    0.312764276655
C    0.311855598187    0.311858285884    0.562538778625
C    0.312366867007    0.312368581391    0.812871688345
C    0.312484096853    0.562506932914    0.062478521763
C    0.312187085454    0.562353769153    0.311855873183
C    0.313529095468    0.561631512492    0.562337968993
C    0.312551447482    0.562321000602    0.812458202862
C    0.312480676774    0.812541833413    0.062424689151
C    0.312534700544    0.812599237743    0.312433102060
C    0.312812679784    0.812120502086    0.562381028587
C    0.312533654783    0.812370578654    0.812410019741
C    0.562501271263    0.062432845219    0.062463267227
C    0.562491965480    0.062591096263    0.312534808136
C    0.562462267854    0.062610305033    0.562502627964
C    0.562473924481    0.062468087268    0.812513246163
C    0.562507859012    0.312483367169    0.062476578439
C    0.562355650416    0.312186249184    0.311852398162
C    0.561629948321    0.313536001654    0.562332206075
C    0.562319316461    0.312553916570    0.812455537823
C    0.562541074220    0.562540465814    0.062439620458
C    0.562505486345    0.562501129044    0.312322811777
C    0.562454410051    0.562456108821    0.812588704663
C    0.562532821023    0.812576753355    0.062428042526
C    0.562466251133    0.812351516210    0.312591897270
C    0.562527363841    0.812432864982    0.562453656187
C    0.562545318512    0.812536317100    0.812536801173
C    0.812519868446    0.062503263007    0.062487996335
C    0.812503496352    0.062511281348    0.312497722571
C    0.812432341920    0.062573840279    0.562489515738
C    0.812466413828    0.062540304975    0.812476450345
C    0.812542739768    0.312479897922    0.062421975407
C    0.812601535307    0.312533307002    0.312430240651
C    0.812120476990    0.312813045463    0.562378322675
C    0.812369201746    0.312534477328    0.812407759082
C    0.812577709876    0.562531926553    0.062426834177
C    0.812354040816    0.562465039538    0.312589851213
C    0.812433146418    0.562527713670    0.562452473468
C    0.812535163689    0.562546116800    0.812536195872
C    0.812530898177    0.812530226079    0.062504721379
C    0.812472278464    0.812471117816    0.312503519548
C    0.812556043538    0.812556442614    0.562527341757
C    0.812554002490    0.812554746819    0.812517819808
C    0.062530548093    0.187495348352    0.187544174861
C    0.062492067369    0.187504093241    0.437546694833
C    0.062381082544    0.187454338001    0.687536724066
C    0.062447274841    0.187455302549    0.937535368522
C    0.062540073582    0.437502713857    0.187544884534
C    0.062604389985    0.437503912340    0.437544304889
C    0.062492550317    0.437474741730    0.687517714430
C    0.062309769223    0.437497431629    0.937639074736
C    0.062500865618    0.687522786373    0.187499346431
C    0.062604798456    0.687457858009    0.437513814808
C    0.062560810207    0.687462367615    0.687482050195
C    0.062518496497    0.687499580979    0.937463204848
C    0.062503771816    0.937512830483    0.187500133492
C    0.062479215782    0.937499451323    0.437517924995
C    0.062514405262    0.937428818409    0.687499184588
C    0.062489782573    0.937490565605    0.937504296631
C    0.312528734106    0.187571144254    0.187616925164
C    0.312531712548    0.187667650650    0.437676167097
C    0.312446262049    0.187343067694    0.687631866725
C    0.312427312169    0.187382916790    0.937654970357
C    0.312520399499    0.437519520767    0.187479603064
C    0.313516353656    0.437817528812    0.438153745852
C    0.311365044723    0.437715564019    0.689034770823
C    0.312430167878    0.437454448874    0.937578690874
C    0.312520590602    0.687562467610    0.187333611194
C    0.312360913342    0.687846959727    0.437584087460
C    0.312841279631    0.687084585487    0.687273463146
C    0.312491553057    0.687495355625    0.937474927566
C    0.312485761233    0.937571035945    0.187487224290
C    0.312545897797    0.937464002997    0.437510337684
C    0.312535084367    0.937378948508    0.687470359939
C    0.312474455284    0.937436946559    0.937480099449
C    0.562488979277    0.187357270126    0.187317841552
C    0.562410960689    0.187808495302    0.437569683318
C    0.562328908237    0.187614881964    0.687560179339
C    0.562471643165    0.187463051319    0.937517755840
C    0.562538134837    0.437573131916    0.187374754567
C    0.561589771899    0.438074168560    0.686834689200
C    0.562491689056    0.437474154369    0.937519254683
C    0.562562327546    0.687630617619    0.187308679697
C    0.561978842115    0.686620573109    0.438049098027
C    0.562730189829    0.687692337584    0.687852383523
C    0.562516618149    0.687527259469    0.937493405235
C    0.562510116842    0.937506428907    0.187529238806
C    0.562508585081    0.937508844789    0.437495053674
C    0.562500941374    0.937492370788    0.687469544622
C    0.562513473363    0.937500646365    0.937477779377
C    0.812521553905    0.187509218383    0.187482802821
C    0.812581951058    0.187459128567    0.437505614055
C    0.812328530661    0.187634839698    0.687439275682
C    0.812476047028    0.187492555297    0.937453740228
C    0.812867188987    0.437566711579    0.187134998453
C    0.812390222542    0.437565750253    0.437440788958
C    0.812261386163    0.437613085233    0.687391022121
C    0.812487253275    0.437502655380    0.937448468654
C    0.812479460477    0.687505760307    0.187529242172
C    0.812399031843    0.687469466365    0.437532114482
C    0.812620205692    0.687578035241    0.687569680944
C    0.812562274440    0.687550983906    0.937504194387
C    0.812519783944    0.937505848965    0.187496673867
C    0.812469828821    0.937496547144    0.437505762551
C    0.812510702556    0.937549416799    0.687505818625
C    0.812527114093    0.937532664087    0.937498950483
C    0.187468618465    0.187467738235    0.062592970407
C    0.187587654631    0.187586617739    0.312599202625
C    0.187181715754    0.187182392728    0.562540873747
C    0.187435017340    0.187435902301    0.812562624516
C    0.187451432669    0.437483106824    0.062527056845
C    0.187720852115    0.437527681058    0.312639031155
C    0.187707628754    0.437463452297    0.562583762302
C    0.186984913337    0.437507348536    0.813061017164
C    0.187474804358    0.687524779029    0.062450149311
C    0.187568495235    0.687485962766    0.312493794069
C    0.187774420640    0.687289443324    0.562473395585
C    0.187596637610    0.687407140282    0.812406940345
C    0.187478319510    0.937500908151    0.062500434346
C    0.187502392893    0.937535810214    0.312503268155
C    0.187584660130    0.937378990546    0.562487947728
C    0.187487061913    0.937411255075    0.812493096282
C    0.437483983317    0.187450817421    0.062526047463
C    0.437529485951    0.187721168890    0.312638241557
C    0.437462802702    0.187711074064    0.562582249776
C    0.437506106271    0.186987804314    0.813058765033
C    0.437492038430    0.437491327145    0.062489025608
C    0.437761542960    0.437759112102    0.312554503347
C    0.437398834680    0.437400938453    0.812651642883
C    0.437511751019    0.687550038448    0.062430575119
C    0.437898909506    0.688527364815    0.311361968146
C    0.438506079400    0.686332574766    0.561833531903
C    0.437532558610    0.687387272299    0.812430697275
C    0.437514380108    0.937563079802    0.062438686476
C    0.437522761599    0.937522873765    0.312506901618
C    0.437521557170    0.937453287407    0.562483169804
C    0.437502489375    0.937413249346    0.812449602500
C    0.687525691138    0.187473969709    0.062447513524
C    0.687487478413    0.187567670862    0.312491519177
C    0.687288750410    0.187776869198    0.562470288880
C    0.687405894754    0.187598353280    0.812404105291
C    0.687550761816    0.437510942730    0.062428468922
C    0.688534109230    0.437898639862    0.311355680814
C    0.686333062246    0.438507020935    0.561830192705
C    0.687385675787    0.437533967818    0.812428611629
C    0.687567747211    0.687567047913    0.062425117923
C    0.687345631963    0.687343743743    0.312607028267
C    0.687811778580    0.687811495132    0.562713466015
C    0.687590839293    0.687591695751    0.812642715136
C    0.687525993413    0.937511464639    0.062501049989
C    0.687508564850    0.937509582627    0.312515110870
C    0.687485794168    0.937531072101    0.562490305532
C    0.687524497271    0.937546523997    0.812499689352
C    0.937501800008    0.187477376267    0.062498812980
C    0.937537327503    0.187500562165    0.312501650033
C    0.937378512063    0.187584475150    0.562486565914
C    0.937410235764    0.187487788418    0.812491622065
C    0.937564231744    0.437513611531    0.062437025869
C    0.937524354718    0.437521398567    0.312505458898
C    0.937452579071    0.437521567485    0.562482418845
C    0.937411864144    0.437502909877    0.812449194598
C    0.937512333222    0.687525078501    0.062501624379
C    0.937511001657    0.687507607629    0.312515205965
C    0.937530437477    0.687486584563    0.562490875830
C    0.937545358797    0.687525270640    0.812500441523
C    0.937517354618    0.937516371586    0.062494774149
C    0.937499216961    0.937497760430    0.312501576836
C    0.937478626403    0.937479024174    0.562499468369
C    0.937511336645    0.937512115732    0.812505114779
C    0.568375542974    0.433363428667    0.430646187231
C    0.431781917673    0.431795679934    0.570153819790
C    0.433358135279    0.568368093750    0.430653919159
N    0.566003579588    0.566004172577    0.566079769340
