&CONTROL
calculation = 'scf'
verbosity = 'high'
tprnfor=.TRUE.
tstress=.TRUE.
wf_collect = .true.
prefix='pwscf'
outdir = './'
pseudo_dir='/home/jinyuchem/program/QE/pseudo-potential'
/
&SYSTEM
ibrav = 0
ecutwfc = 85
tot_charge = -1
nspin = 2
tot_magnetization = 2.0
nbnd = 800
nat = 215
ntyp = 2
/
&ELECTRONS
conv_thr = 1D-10
diago_full_acc=.true.
/
K_POINTS gamma
CELL_PARAMETERS angstrom
10.70400  0.000000  0.000000
0.000000  10.70400  0.000000
0.000000  0.000000  10.70400
ATOMIC_SPECIES
C  12.01099968  C_ONCV_PBE-1.0.upf
N  14.00699997  N_ONCV_PBE-1.0.upf
ATOMIC_POSITIONS crystal
C    0.000022457742    0.000060116748    0.000074597791
C    0.083279019746    0.083407877960    0.083412529734
C   -0.000177130423    0.166815050602    0.166816358095
C    0.082879281367    0.250213340038    0.250210694440
C    0.166629608460   -0.000035068712    0.166739119692
C    0.249861645109    0.083203393220    0.250011496508
C    0.166638194158    0.166738418739   -0.000028683581
C    0.249868535057    0.250021839489    0.083201707194
C   -0.000071101764    0.000167890428    0.333464164086
C    0.083078219119    0.083588665899    0.416728735607
C   -0.000468724828    0.167197404496    0.500192113311
C    0.083461572027    0.249945837731    0.583443724392
C    0.166955065464    0.000286469553    0.500154809543
C    0.250026844924    0.083358559105    0.583300243881
C    0.166314136659    0.166720682069    0.333368739340
C    0.249560648197    0.249910050967    0.416547213231
C    0.000098372411    0.000228578580    0.666742822748
C    0.083409366818    0.083476747487    0.750068466333
C    0.000061515845    0.166787538995    0.833394769371
C    0.083325021780    0.250194377270    0.916658256259
C    0.166741400818    0.000060104120    0.833355606008
C    0.250079242564    0.083407813674    0.916612202903
C    0.166855595156    0.166657786471    0.666610259054
C    0.250160253546    0.250168856720    0.749909381875
C   -0.000061968581    0.333466263407    0.000178947684
C    0.083073157284    0.416742380264    0.083609739150
C   -0.000500340040    0.500205658434    0.167235108692
C    0.083371118361    0.583451017700    0.250034600924
C    0.166315522803    0.333378044430    0.166721560832
C    0.249558674212    0.416563592817    0.249905020561
C    0.166963241214    0.500158444099    0.000296563357
C    0.250030796988    0.583305600083    0.083364024791
C   -0.000691199456    0.333826825800    0.333829883050
C    0.082519649959    0.417230417323    0.417230141401
C   -0.000949603811    0.500726127300    0.500769805578
C    0.082886312585    0.583566480368    0.583572735838
C    0.166343717668    0.333477970966    0.500049398280
C    0.249909176478    0.416771017645    0.583274830768
C    0.166324166130    0.500057358052    0.333487013034
C    0.249896251797    0.583282432463    0.416768137410
C    0.000567504699    0.332906418046    0.666626437726
C    0.083440899269    0.416870931142    0.750092625865
C    0.001148184075    0.500387619073    0.834481709366
C    0.083938781684    0.583362527685    0.917271996466
C    0.166845494184    0.333466296208    0.833271174744
C    0.250276479472    0.416742366062    0.916406313064
C    0.166702882933    0.500150239055    0.666663461716
C    0.250257918466    0.583405608264    0.749853277999
C    0.000073950151    0.666732312223    0.000209517652
C    0.083379600428    0.750059521703    0.083484066579
C    0.000031109376    0.833370589774    0.166816113397
C    0.083305698629    0.916643861663    0.250196505983
C    0.166808442109    0.666611364542    0.166688292284
C    0.250134667201    0.749907001100    0.250171027595
C    0.166734726396    0.833348176529    0.000067833703
C    0.250073011615    0.916608892902    0.083406254334
C    0.000412395494    0.666636406360    0.333084561712
C    0.083379267099    0.750092920635    0.416916972593
C    0.001106241123    0.834490891207    0.500419486437
C    0.083928854839    0.917274294741    0.583368012992
C    0.166684589655    0.666661287683    0.500152997752
C    0.250243036784    0.749858727092    0.583397397014
C    0.166808579674    0.833258958586    0.333473207618
C    0.250250918442    0.916400784893    0.416730541546
C   -0.000267552405    0.666582620902    0.666566770268
C    0.083183393090    0.749865723181    0.749865607216
C   -0.000007819682    0.833333521970    0.833325596639
C    0.083366184673    0.916690556312    0.916699564836
C    0.166876165419    0.666732290239    0.833407286999
C    0.250150777993    0.750059468123    0.916712791992
C    0.166868518015    0.833406436313    0.666731427457
C    0.250144164690    0.916714349929    0.750057471463
C    0.333405981768   -0.000035098412   -0.000037206117
C    0.416678325134    0.083203364618    0.083194894254
C    0.333160373022    0.166501891800    0.166493660255
C    0.416344038160    0.249696331365    0.249677399124
C    0.500029693839   -0.000349072502    0.166702860938
C    0.583205432656    0.082913769006    0.249879638605
C    0.500035448278    0.166720582220   -0.000352498557
C    0.583213917304    0.249909903931    0.082894036311
C    0.333369544999   -0.000349001281    0.333363001004
C    0.416546145009    0.082913832805    0.416538803136
C    0.332966803743    0.166319470519    0.499855217575
C    0.416070731093    0.249407568436    0.582926263423
C    0.500110404444   -0.000289656719    0.500028999208
C    0.583413303561    0.083249380142    0.583269992730
C    0.499638852172    0.166058041684    0.332972165630
C    0.582729125473    0.249104989036    0.416062567951
C    0.333323512069    0.000169616691    0.666600585804
C    0.416824331168    0.083477262194    0.749907605052
C    0.333482942290    0.166814960830    0.833155966839
C    0.416877495941    0.250213213988    0.916212479723
C    0.500130726384    0.000167784791    0.833262113705
C    0.583395359940    0.083588573341    0.916411521273
C    0.500076515760    0.166837602594    0.666335319994
C    0.583671986182    0.251085553939    0.748936388819
C    0.333388373196    0.333377993119   -0.000351203742
C    0.416571675666    0.416563531911    0.082891972020
C    0.332986507484    0.499869530582    0.166319601701
C    0.416093047199    0.582934757330    0.249426448628
C    0.499652348946    0.332998062014    0.166049832658
C    0.582743681042    0.416074135001    0.249124478788
C    0.500153697915    0.500057306469   -0.000342448691
C    0.583434876839    0.583282380449    0.083229787586
C    0.332716552294    0.332998150326    0.332985577318
C    0.415791121553    0.416074170472    0.416077079903
C    0.333243101868    0.499850553804    0.499839479245
C    0.417259243262    0.583171493242    0.583149737021
C    0.498588819484    0.331902747530    0.499403796595
C    0.583406328999    0.416670774808    0.579127146814
C    0.498621391093    0.499409128009    0.331954734926
C    0.583458671627    0.579128495938    0.416791954323
C    0.333519373307    0.333432788373    0.666329909634
C    0.417803128136    0.417026569626    0.748915305845
C    0.333901705931    0.500205632505    0.832832945732
C    0.416701197214    0.583451075585    0.916704513643
C    0.500496661003    0.333826726181    0.832642064365
C    0.583896736427    0.417230256433    0.915853508883
C    0.501779870253    0.500788105478    0.664835585087
C    0.585818324663    0.584548909213    0.747983908103
C    0.333355020712    0.666611378358    0.000141754247
C    0.416837740758    0.749906968291    0.083467952483
C    0.333471996228    0.833153304276    0.166805387585
C    0.416862911239    0.916217276302    0.250196199990
C    0.500094259600    0.666338698276    0.166842619701
C    0.583676725849    0.748933229453    0.251120392452
C    0.500139808813    0.833258903894    0.000142026561
C    0.583397171081    0.916400687656    0.083584265676
C    0.333509198721    0.666338603906    0.333427667453
C    0.417787069016    0.748933232749    0.417010114975
C    0.333873076057    0.832851124788    0.500190608381
C    0.416630072116    0.916787266343    0.583431066133
C    0.501766658580    0.664898562165    0.500795689779
C    0.585645847898    0.748296518378    0.584520194127
C    0.500480599840    0.832665375513    0.333813896312
C    0.583860491005    0.915934292162    0.417193890550
C    0.333702841224    0.666597251525    0.666584341422
C    0.416958071491    0.750005756274    0.749957321797
C    0.333482904833    0.833370595952    0.833364306184
C    0.416863285431    0.916643785364    0.916638928398
C    0.499751336318    0.666636380330    0.833745666388
C    0.583583535682    0.750092888736    0.916712685204
C    0.499653956846    0.833896817234    0.666586102885
C    0.583552631358    0.916779124922    0.750076014827
C    0.666821441878    0.000286408744    0.000288530972
C    0.749967056951    0.083358504712    0.083360282172
C    0.666521941826    0.166319425005    0.166300012383
C    0.749593098287    0.249407588394    0.249404176149
C    0.833267329766    0.000169673652    0.166656862893
C    0.916574455846    0.083477335300    0.250157645497
C    0.833277000446    0.166657661593    0.000189128844
C    0.916576229502    0.250168802766    0.083493592769
C    0.666695732838   -0.000289715599    0.333443784463
C    0.749936590116    0.083249396843    0.416746621313
C    0.666498299531    0.166557881397    0.499831663599
C    0.749830142010    0.250519934496    0.583163525688
C    0.833325160781    0.000065855042    0.500140959491
C    0.916539347038    0.083581872907    0.583400730035
C    0.833001668170    0.166837640310    0.333409954608
C    0.915603083169    0.251085560767    0.417005303941
C    0.666807539678    0.000065796023    0.666658521389
C    0.750067156853    0.083581790416    0.749872913787
C    0.666858757980    0.167197313801    0.832864702379
C    0.750110513971    0.249945655577    0.916795125110
C    0.833409619436    0.000228514030    0.833431826811
C    0.916735171571    0.083476704051    0.916742714994
C    0.833272396718    0.166996368576    0.666605752240
C    0.916681046396    0.250210135638    0.750014498891
C    0.666716168089    0.333477818777   -0.000322875754
C    0.749941472113    0.416770889227    0.083242678375
C    0.666506216450    0.499850471460    0.166576599958
C    0.749816287015    0.583171454825    0.250592753445
C    0.832996490032    0.333432764462    0.166852820926
C    0.915582047026    0.417026650722    0.251136427241
C    0.833330233207    0.500150221393    0.000036358703
C    0.916519879376    0.583405586300    0.083591527600
C    0.666070380566    0.331902727624    0.331922116753
C    0.745793733753    0.416670762904    0.416739614098
C    0.831554026674    0.334994081040    0.500781942863
C    0.914918944262    0.418813280640    0.584554556735
C    0.831502275661    0.500788142224    0.335113175500
C    0.914650332667    0.584549093455    0.419151573177
C    0.667448652119    0.334994078351    0.664887361707
C    0.751221106442    0.418813150486    0.748252499119
C    0.667436364054    0.500725999021    0.832383792687
C    0.750239277941    0.583566429091    0.916219873755
C    0.833293316037    0.332906283246    0.833900986873
C    0.916759321169    0.416870870331    0.916774349363
C    0.840438718189    0.495105734443    0.673772138043
C    0.916101034900    0.582627169217    0.749434545324
C    0.666819609353    0.666661252370    0.000018075453
C    0.750063826102    0.749858853041    0.083576713100
C    0.666857295022    0.832851077375    0.167206506564
C    0.750097818644    0.916787332274    0.249963478940
C    0.833251137245    0.666597217248    0.167036345278
C    0.916623978317    0.750005780569    0.250291453292
C    0.833398205834    0.833406398123    0.000201933891
C    0.916724189901    0.916714404454    0.083477513077
C    0.667462346644    0.664898640225    0.335099982794
C    0.751187004509    0.748296531633    0.418978927417
C    0.667346283938    0.832545383331    0.500679739940
C    0.750222560140    0.916312000244    0.583556026585
C    0.839863893078    0.673642206404    0.495831833024
C    0.916037018802    0.749516421761    0.582671329795
C    0.833252809226    0.833896971798    0.332987117718
C    0.916742654674    0.916779170263    0.416886012361
C    0.662498541237    0.673641903186    0.673197449588
C    0.749337979665    0.749516360781    0.749370512355
C    0.667086142306    0.834490833238    0.834439763926
C    0.750034761527    0.917274220250    0.917262201220
C    0.833233307885    0.666582594249    0.833066029341
C    0.916532186999    0.749865763723    0.916516940488
C    0.833278842860    0.833222275007    0.666612371077
C    0.916552454216    0.916587739861    0.749885845827
N    0.658600728777    0.491773555489    0.491934073410
