&CONTROL
calculation = 'nscf'
restart_mode = 'from_scratch'
pseudo_dir = './'
outdir = './'
wf_collect = .TRUE.
prefix = 'test'
/
&SYSTEM
ibrav = 0
nat = 215
nbnd = 2586
ntyp = 2
ecutwfc = 60
nspin = 2
tot_charge = -1
tot_magnetization = 2.0
input_dft = 'pbe0'
exx_fraction = 0.18
ecutfock = 120
/
&ELECTRONS
diago_full_acc = .TRUE.
/
K_POINTS gamma
CELL_PARAMETERS angstrom
10.65000  0.000000  0.000000
0.000000  10.65000  0.000000
0.000000  0.000000  10.65000
ATOMIC_SPECIES
C  12.01099968  C_ONCV_PBE-1.2.upf
N  14.00699997  N_ONCV_PBE-1.2.upf
ATOMIC_POSITIONS crystal
C   -0.000113319736   -0.000074577045   -0.000075685834
C    0.083257047583    0.083305581512    0.083304932469
C   -0.000107944471    0.166684147748    0.166683417295
C    0.083155183642    0.250025402712    0.250024950733
C    0.166628048406   -0.000046908653    0.166674846192
C    0.249965731838    0.083235519040    0.250004070526
C    0.166627759994    0.166675200995   -0.000047402618
C    0.249965261769    0.250003944933    0.083235297642
C   -0.000072924270   -0.000015502978    0.333325324473
C    0.083150953413    0.083401873800    0.416607318262
C   -0.000241371400    0.166757182768    0.500085174205
C    0.083988678192    0.249300530852    0.583345284769
C    0.166858380739    0.000250083191    0.500037426808
C    0.250004368823    0.083575226270    0.583389001320
C    0.166561582467    0.166647042606    0.333304387592
C    0.250033922971    0.249911965947    0.416552342922
C   -0.000174607659   -0.000188757462    0.666653081277
C    0.083256316271    0.083198285816    0.750012049448
C   -0.000012362447    0.166511336198    0.833324885533
C    0.083293425423    0.249988942216    0.916610394547
C    0.166480679469   -0.000018531798    0.833348860930
C    0.249980793840    0.083372843230    0.916655228896
C    0.166919121005    0.166405506939    0.666576369557
C    0.250133772434    0.250010222016    0.749964695878
C   -0.000073339982    0.333325635987   -0.000016314356
C    0.083150968010    0.416607645727    0.083400728852
C   -0.000239788901    0.500085757461    0.166755670734
C    0.083992200588    0.583346386763    0.249296900032
C    0.166561554810    0.333304644933    0.166646371979
C    0.250033920857    0.416552223670    0.249911951865
C    0.166857432403    0.500037700304    0.000248832608
C    0.250004403613    0.583389556499    0.083574272692
C   -0.000239553930    0.333469451038    0.333468501460
C    0.083305831187    0.416741440031    0.416740427281
C    0.000125939046    0.499996163201    0.499992700638
C    0.083320647302    0.583216093023    0.583214989491
C    0.166812668254    0.333140712288    0.499898142255
C    0.250062825229    0.416633262840    0.583244603084
C    0.166813520010    0.499899033562    0.333139607135
C    0.250063445135    0.583244663640    0.416633026275
C    0.001434932018    0.331934390251    0.666214549210
C    0.083666505073    0.416484704191    0.749940228915
C    0.000868481741    0.500152488509    0.833872394398
C    0.083699960425    0.583279117016    0.917017308326
C    0.166849882695    0.333275027156    0.833307980967
C    0.250127505736    0.416647796478    0.916567260265
C    0.166778189561    0.499973278703    0.666613448341
C    0.250001377258    0.583374701453    0.749960631127
C   -0.000174206517    0.666654492505   -0.000188416191
C    0.083257630296    0.750013299059    0.083197567581
C   -0.000011341142    0.833326094562    0.166510197485
C    0.083294568795    0.916611460883    0.249988619451
C    0.166921427604    0.666576811980    0.166403985624
C    0.250135175212    0.749965088010    0.250009927946
C    0.166480973831    0.833349893056   -0.000019106771
C    0.249981203919    0.916655537278    0.083372673956
C    0.001439846436    0.666214283780    0.331928969889
C    0.083668344270    0.749940937265    0.416482607456
C    0.000870638882    0.833872745154    0.500151541260
C    0.083701230074    0.917018399165    0.583277582685
C    0.166778932486    0.666614132808    0.499972399066
C    0.250002087834    0.749960626684    0.583374505877
C    0.166851713955    0.833308676002    0.333274567046
C    0.250128953047    0.916567777639    0.416647921005
C   -0.000061298369    0.666340632005    0.666338802650
C    0.083171639846    0.749764212980    0.749763112523
C   -0.000360505203    0.833054989373    0.833054393249
C    0.083078308495    0.916570587302    0.916569826771
C    0.166662131617    0.666708635778    0.833408655461
C    0.249792661946    0.750119668286    0.916885371783
C    0.166662723535    0.833409389314    0.666707503930
C    0.249792862815    0.916885786222    0.750119119877
C    0.333312956152    0.000003743795    0.000003771690
C    0.416699316511    0.083291942255    0.083292331582
C    0.333257884123    0.166577985127    0.166578242537
C    0.416643896491    0.249869100924    0.249869710736
C    0.500032463978   -0.000135259355    0.166833563101
C    0.583323233980    0.083169298859    0.250105483044
C    0.500032043826    0.166832842209   -0.000134912730
C    0.583322559920    0.250104331134    0.083170331463
C    0.333426167195   -0.000145373619    0.333394144646
C    0.416778444004    0.083197955506    0.416659344659
C    0.333390646218    0.166656184489    0.499913186406
C    0.416671626778    0.250019641664    0.583264918312
C    0.499959873780   -0.000134895377    0.500138244066
C    0.583405788470    0.083261659404    0.583315019762
C    0.499900724171    0.166457617978    0.333209427486
C    0.583188228852    0.249744511996    0.416523835116
C    0.332829073224    0.000609666091    0.666594884378
C    0.416661481119    0.083656076148    0.750001464880
C    0.333408523065    0.166840572155    0.833270652474
C    0.416843984275    0.250238441613    0.916426127824
C    0.499944161575    0.000287435964    0.833344989494
C    0.583270413608    0.083664006607    0.916575657018
C    0.500164921808    0.166928155917    0.666495673090
C    0.583596359754    0.250971155005    0.749167992509
C    0.333424855401    0.333393907136   -0.000145248076
C    0.416777373705    0.416658643030    0.083198968002
C    0.333390193535    0.499913123042    0.166656292523
C    0.416671911352    0.583264688126    0.250019961666
C    0.499900194345    0.333208930361    0.166458246281
C    0.583188228907    0.416523692142    0.249744249305
C    0.499958118665    0.500137552842   -0.000132528994
C    0.583405000153    0.583314737329    0.083262931537
C    0.333213657624    0.333121624124    0.333121645891
C    0.416375179005    0.416514729515    0.416514866853
C    0.333268808888    0.499992249840    0.499992460293
C    0.416823115368    0.583416689567    0.583417860484
C    0.499574610738    0.333020764663    0.499663809987
C    0.584296177241    0.418068696553    0.580939455935
C    0.499575202641    0.499663640622    0.333020840385
C    0.584297654137    0.580939268469    0.418068275330
C    0.333489020243    0.333438316324    0.666574409370
C    0.417331073109    0.417026679723    0.749284241751
C    0.333437859467    0.500220054020    0.833250047640
C    0.415659259996    0.583666606138    0.917606964915
C    0.500297034554    0.333805674938    0.832854363796
C    0.583721443707    0.417275269149    0.915882799162
C    0.500947037926    0.501240705107    0.665904555548
C    0.583017891352    0.585893540276    0.749704806847
C    0.332828137996    0.666594977548    0.000610321537
C    0.416661451865    0.750001642192    0.083656543813
C    0.333409371062    0.833270872896    0.166840859085
C    0.416845230587    0.916425818903    0.250239200075
C    0.500165153375    0.666495685648    0.166928871942
C    0.583597729219    0.749167669878    0.250971319986
C    0.499944011065    0.833345251949    0.000288458250
C    0.583270691170    0.916576160118    0.083664428988
C    0.333490214773    0.666574250908    0.333438704450
C    0.417332888475    0.749283219781    0.417027701241
C    0.333439486015    0.833249488101    0.500220452799
C    0.415661995735    0.917604246863    0.583667315046
C    0.500948480150    0.665901765791    0.501241918056
C    0.583024256510    0.749694641331    0.585895392756
C    0.500298658309    0.832852977328    0.333806688697
C    0.583723986346    0.915879190373    0.417277103722
C    0.333208841343    0.666813761202    0.666813977253
C    0.416036472188    0.750347498961    0.750349096133
C    0.332956883269    0.833497017830    0.833496790723
C    0.416635686716    0.916751850717    0.916751999549
C    0.498089378730    0.666384692197    0.834891844403
C    0.582974064719    0.750101820107    0.916942698060
C    0.498092776757    0.834886581845    0.666386310226
C    0.582975307201    0.916940493926    0.750102330708
C    0.666694133534    0.000438711932    0.000438550997
C    0.749943416382    0.083552994134    0.083552081327
C    0.666596806588    0.166729134014    0.166729676521
C    0.749933580328    0.249954221417    0.249954106726
C    0.833214220612    0.000116401614    0.166577377827
C    0.916597790018    0.083368381181    0.250040178053
C    0.833213885260    0.166578254308    0.000114744818
C    0.916597550619    0.250040249675    0.083367261656
C    0.666662636778   -0.000323972201    0.333522454141
C    0.749968087056    0.083140093820    0.416763325970
C    0.666693708848    0.166607566206    0.499975430622
C    0.750080891926    0.250317900447    0.583211724050
C    0.833206485554   -0.000296382380    0.500084169748
C    0.916501164755    0.083195005811    0.583288850103
C    0.833156166669    0.166719751271    0.333412510922
C    0.916029106613    0.250642206087    0.416746915179
C    0.666613413610   -0.000163589571    0.666684517621
C    0.749940535043    0.083320492858    0.749822247621
C    0.666813619043    0.167055020687    0.832951005076
C    0.750117894864    0.249860160986    0.916733729626
C    0.833122750603   -0.000107330075    0.833323027392
C    0.916611660056    0.083233846715    0.916634496287
C    0.833322881741    0.166674283649    0.666626247038
C    0.916890687097    0.249793123723    0.749900765937
C    0.666661436455    0.333521413355   -0.000322414830
C    0.749967652989    0.416762802768    0.083140801987
C    0.666693687966    0.499975113343    0.166607583435
C    0.750082117972    0.583211789447    0.250316911209
C    0.833156546918    0.333412193604    0.166719265143
C    0.916029782198    0.416747397869    0.250640415731
C    0.833206078001    0.500084228923   -0.000294855981
C    0.916501841339    0.583289481037    0.083195041959
C    0.666372183226    0.332888857965    0.332888274746
C    0.747579788287    0.417741346147    0.417739420235
C    0.832585167490    0.334466756806    0.500753145993
C    0.917402462314    0.416610138102    0.584144043726
C    0.832587565838    0.500754340652    0.334464139598
C    0.917407809391    0.584149535655    0.416602920499
C    0.667640730825    0.334797983980    0.665355444077
C    0.751100167640    0.418134806543    0.748351498334
C    0.666927824002    0.501096868632    0.832019144712
C    0.749893492066    0.583411844641    0.915848702902
C    0.833222446032    0.332744141588    0.833642848641
C    0.916708455753    0.416721393527    0.916563569149
C    0.842466592149    0.492084590308    0.672444246893
C    0.916405216138    0.582875934444    0.748865520058
C    0.666612748775    0.666684660613   -0.000161448255
C    0.749940786972    0.749823107264    0.083321122302
C    0.666814475250    0.832951573306    0.167055199759
C    0.750119459764    0.916734724963    0.249859391575
C    0.833324061202    0.666626968327    0.166673522050
C    0.916892770448    0.749901640971    0.249791090666
C    0.833122909160    0.833324329593   -0.000106603153
C    0.916612201966    0.916635928457    0.083233327506
C    0.667642804892    0.665354975121    0.334797050773
C    0.751107125532    0.748347321483    0.418133733932
C    0.666932559488    0.832012632899    0.501098278176
C    0.749894622209    0.915844877840    0.583412000900
C    0.842473294622    0.672438320264    0.492077320090
C    0.916405702958    0.748862487976    0.582869512853
C    0.833223780558    0.833642920067    0.332742036158
C    0.916709368088    0.916563428242    0.416720474156
C    0.656543263659    0.674496452913    0.674509851973
C    0.747903382783    0.748903296262    0.748907260178
C    0.666708674312    0.834293376551    0.834295155607
C    0.749635583794    0.917306285158    0.917306264441
C    0.832480019274    0.666241275090    0.832096862332
C    0.916102747124    0.749619946561    0.916044357836
C    0.832479946144    0.832091644525    0.666239346136
C    0.916102167553    0.916042545434    0.749618434158
N    0.661789358849    0.495135554807    0.495135369587
