&CONTROL
calculation = 'scf'
restart_mode = 'from_scratch'
verbosity = 'high'
wf_collect = .true.
pseudo_dir='/home/jinyuchem/program/QE/pseudo-potential'
tprnfor = .true.
/
&SYSTEM
ibrav = 0
ecutwfc = 60
tot_charge = -1
nspin = 2
tot_magnetization = 2.0
nbnd = 456
nat = 215
ntyp = 2
input_dft = 'PBE0'
exx_fraction = 0.18
ecutfock = 120
/
&ELECTRONS
conv_thr = 1D-8
diago_full_acc=.true.
mixing_beta = 0.3
/
K_POINTS gamma
CELL_PARAMETERS angstrom
10.65000  0.000000  0.000000
0.000000  10.65000  0.000000
0.000000  0.000000  10.65000
ATOMIC_SPECIES
C  12.01099968  C_ONCV_PBE-1.0.upf
N  14.00699997  N_ONCV_PBE-1.0.upf
ATOMIC_POSITIONS crystal
C    0.000017006459    0.000050918209    0.000050585965
C    0.083277629603    0.083388926192    0.083389145292
C   -0.000138345776    0.166799344566    0.166800114535
C    0.082957826373    0.250181448089    0.250182823678
C    0.166637762663   -0.000027747835    0.166732215406
C    0.249884388516    0.083233106149    0.250024202707
C    0.166638508353    0.166733489360   -0.000028217941
C    0.249883616633    0.250024734834    0.083231535488
C   -0.000064940628    0.000156434228    0.333435300691
C    0.083104536776    0.083560690026    0.416722793848
C   -0.000436327013    0.167145972013    0.500158231886
C    0.083353489432    0.250012152373    0.583439398487
C    0.166922067538    0.000248381046    0.500132378869
C    0.250018706905    0.083360267589    0.583306971588
C    0.166380813888    0.166735941790    0.333366181204
C    0.249629686152    0.249950975539    0.416598471041
C    0.000105352411    0.000234492366    0.666756875115
C    0.083397464878    0.083474461668    0.750058421553
C    0.000031803770    0.166787153264    0.833377256168
C    0.083307000456    0.250169102670    0.916660921057
C    0.166737404776    0.000042030285    0.833340047254
C    0.250059749167    0.083383724553    0.916623824528
C    0.166809942313    0.166703512070    0.666634412261
C    0.250124225628    0.250162819320    0.749925723121
C   -0.000064926640    0.333436573581    0.000157064024
C    0.083104411047    0.416722791777    0.083560092414
C   -0.000435492768    0.500157842609    0.167145310790
C    0.083353189730    0.583439155190    0.250012533377
C    0.166381516370    0.333365905114    0.166733586729
C    0.249627536811    0.416600484741    0.249949150462
C    0.166922446168    0.500131902559    0.000248079049
C    0.250018880934    0.583306782317    0.083359888153
C   -0.000592797712    0.333735722564    0.333736208191
C    0.082573364468    0.417168986660    0.417167276836
C   -0.001048243412    0.500710964879    0.500710062276
C    0.082830552042    0.583544616087    0.583545686776
C    0.166370709495    0.333485751271    0.500057945865
C    0.249911947233    0.416795838089    0.583292757647
C    0.166371311802    0.500058984338    0.333485154547
C    0.249911886363    0.583292119434    0.416795929137
C    0.000264711598    0.333080340952    0.666610756654
C    0.083316764732    0.416892816425    0.750089075539
C    0.000935632420    0.500425587321    0.834398992794
C    0.083848658405    0.583352595571    0.917229399074
C    0.166781967335    0.333456678582    0.833251952171
C    0.250231181596    0.416738744574    0.916420913840
C    0.166623984794    0.500152848524    0.666668512448
C    0.250216337065    0.583397711668    0.749857905052
C    0.000106123133    0.666758394234    0.000233281003
C    0.083397313661    0.750057301166    0.083474863649
C    0.000031396006    0.833376651854    0.166785545802
C    0.083306622187    0.916660631668    0.250167315749
C    0.166809956786    0.666634575653    0.166702383752
C    0.250123976666    0.749924808687    0.250162911109
C    0.166739069201    0.833340500680    0.000040230101
C    0.250060272511    0.916624316392    0.083382835348
C    0.000265155120    0.666610356602    0.333080465175
C    0.083317911446    0.750087884881    0.416891592274
C    0.000933456579    0.834400745455    0.500425064301
C    0.083847326785    0.917230390913    0.583354065627
C    0.166624723259    0.666668799604    0.500153156455
C    0.250217251847    0.749857311529    0.583397426106
C    0.166781593409    0.833251987442    0.333454948331
C    0.250231997403    0.916420084423    0.416737389394
C   -0.000399720712    0.666631986260    0.666633588363
C    0.083173873122    0.749899023059    0.749899209322
C   -0.000004598729    0.833364033363    0.833364749576
C    0.083360457602    0.916699580971    0.916698883151
C    0.166847348834    0.666733520308    0.833385176635
C    0.250139321090    0.750042764144    0.916683365292
C    0.166848137230    0.833385012034    0.666735092846
C    0.250139232367    0.916685595271    0.750043438353
C    0.333390384696   -0.000044217699   -0.000044804314
C    0.416671528635    0.083215935706    0.083215651379
C    0.333177900011    0.166545807071    0.166544010630
C    0.416397767750    0.249767200105    0.249766011485
C    0.500005659325   -0.000291801054    0.166700615924
C    0.583202932335    0.082992135626    0.249894201008
C    0.500004464064    0.166699967324   -0.000291142913
C    0.583202522239    0.249894797578    0.082991727421
C    0.333351768421   -0.000288201358    0.333363678436
C    0.416554285843    0.082991342549    0.416595691591
C    0.333006121517    0.166399883881    0.499901406840
C    0.416156434776    0.249502921468    0.582996850286
C    0.500065823028   -0.000225088422    0.500030411385
C    0.583382919400    0.083240937631    0.583286910312
C    0.499683813443    0.166157020580    0.333041283669
C    0.582801862568    0.249210796966    0.416134307024
C    0.333333662505    0.000106171164    0.666610894247
C    0.416799276520    0.083426215408    0.749928585454
C    0.333432768347    0.166791692386    0.833182063964
C    0.416819048110    0.250165499274    0.916297244891
C    0.500118313379    0.000089455959    0.833241085363
C    0.583341624647    0.083520847923    0.916443991513
C    0.500041176890    0.166812316753    0.666404452111
C    0.583581427444    0.250987241341    0.749046691076
C    0.333349393988    0.333365547058   -0.000287586034
C    0.416553668695    0.416596792578    0.082991406055
C    0.333006024287    0.499902173139    0.166400116904
C    0.416153595913    0.582997987994    0.249501676544
C    0.499683720338    0.333041146088    0.166156617497
C    0.582801976305    0.416133908759    0.249210510663
C    0.500064503872    0.500028553841   -0.000225586607
C    0.583383300297    0.583286776101    0.083241241552
C    0.332809199138    0.333066416869    0.333072255683
C    0.415939935191    0.416185161340    0.416185923337
C    0.333301066011    0.499903962719    0.499904956504
C    0.417319049254    0.583202903492    0.583204201342
C    0.498756036844    0.332043204650    0.499501023033
C    0.583653228760    0.416837206753    0.579179889074
C    0.498754898226    0.499499933684    0.332043416362
C    0.583651390362    0.579179533005    0.416836858969
C    0.333501579241    0.333439649363    0.666399715008
C    0.417799066778    0.417012707018    0.748987900753
C    0.333850243990    0.500178917636    0.832863370588
C    0.416721481958    0.583450456609    0.916697179774
C    0.500384286226    0.333729916614    0.832783577337
C    0.583726573509    0.417108565112    0.916114920099
C    0.501932269211    0.500829893001    0.664955202475
C    0.585973402238    0.584519538125    0.748159528221
C    0.333333198541    0.666609902282    0.000107392388
C    0.416798133428    0.749927736836    0.083425215502
C    0.333433469811    0.833183284008    0.166790787415
C    0.416822080471    0.916300411486    0.250167428554
C    0.500042488837    0.666404778317    0.166811684543
C    0.583581538634    0.749045721349    0.250986626785
C    0.500118622432    0.833240319581    0.000089933027
C    0.583341480097    0.916444498959    0.083521960701
C    0.333502081943    0.666398610281    0.333439004362
C    0.417798296952    0.748988170301    0.417011869515
C    0.333850689187    0.832863286883    0.500177220116
C    0.416720779731    0.916696890545    0.583451328327
C    0.501932621275    0.664953890179    0.500828291125
C    0.585972810619    0.748159613119    0.584517943217
C    0.500384383676    0.832784057936    0.333730689890
C    0.583727329217    0.916114080059    0.417107919333
C    0.333705004879    0.666604356656    0.666604657158
C    0.417043572720    0.749942263124    0.749942087865
C    0.333504513512    0.833308273396    0.833309234699
C    0.416842130917    0.916628491731    0.916629112678
C    0.499965164518    0.666507916235    0.833583602761
C    0.583568209903    0.750074917834    0.916678376314
C    0.499964459870    0.833583478078    0.666507208087
C    0.583568120648    0.916678215501    0.750074867889
C    0.666789713688    0.000250662344    0.000250885769
C    0.749949124853    0.083342981933    0.083343526298
C    0.666533620558    0.166335297487    0.166334820297
C    0.749630795103    0.249382017252    0.249382613228
C    0.833254948194    0.000194912195    0.166623490325
C    0.916595894966    0.083462949026    0.250125236354
C    0.833255113644    0.166623413203    0.000195177731
C    0.916596543889    0.250124697635    0.083462201787
C    0.666658106580   -0.000193305962    0.333396329928
C    0.749933761387    0.083263840094    0.416744135435
C    0.666516703133    0.166578531096    0.499877340566
C    0.749844000196    0.250435661490    0.583222934883
C    0.833310089439    0.000052463395    0.500131955210
C    0.916559597346    0.083544303807    0.583389404258
C    0.833026819767    0.166808270611    0.333369229293
C    0.915669936804    0.250994520852    0.416954536975
C    0.666789976780    0.000010473948    0.666666640062
C    0.750035002488    0.083521015298    0.749900680823
C    0.666797764735    0.167109032369    0.832925493641
C    0.750062992672    0.249858489967    0.916881653711
C    0.833388853719    0.000220832566    0.833450548667
C    0.916719348846    0.083456083537    0.916749994813
C    0.833259801221    0.166946709392    0.666640825050
C    0.916610998740    0.250175119293    0.750060313898
C    0.666658039367    0.333396013130   -0.000193445658
C    0.749933013289    0.416742681819    0.083263638356
C    0.666517355875    0.499876281948    0.166579851819
C    0.749843463597    0.583221237440    0.250434487843
C    0.833026669471    0.333368979600    0.166809047402
C    0.915669195392    0.416952379208    0.250993206844
C    0.833310575837    0.500131441407    0.000052128284
C    0.916559395127    0.583389006203    0.083543206070
C    0.666149408889    0.331890673642    0.331889960934
C    0.745812255977    0.416612088966    0.416611626253
C    0.831553692760    0.334935926293    0.500702944007
C    0.914770915996    0.418786665229    0.584397674683
C    0.831553970895    0.500703462231    0.334936378159
C    0.914771466254    0.584394401927    0.418787573749
C    0.667431053115    0.334938714110    0.665047562132
C    0.750971975142    0.418393126204    0.748879242716
C    0.667229103015    0.500525522407    0.832668858478
C    0.750182113845    0.583514470821    0.916374964304
C    0.833142043750    0.332854754806    0.833956401659
C    0.916716939079    0.416822487399    0.916817529624
C    0.839393001796    0.495693244322    0.673822868493
C    0.916108688234    0.582915450226    0.749816960453
C    0.666790455623    0.666666760645    0.000011189949
C    0.750037820480    0.749899020437    0.083520497949
C    0.666797682976    0.832927276301    0.167109731782
C    0.750063336417    0.916881223567    0.249858448495
C    0.833260276710    0.666640033309    0.166944403431
C    0.916610711542    0.750059523716    0.250174826089
C    0.833390590301    0.833451431196    0.000222153182
C    0.916718166784    0.916748007848    0.083456746805
C    0.667431738161    0.665047877636    0.334938015044
C    0.750969695252    0.748877559025    0.418392910978
C    0.667227000429    0.832667467287    0.500527173351
C    0.750181380788    0.916375147652    0.583514855466
C    0.839395700892    0.673824919431    0.495688338038
C    0.916108209690    0.749816373157    0.582918246107
C    0.833142530800    0.833955861244    0.332854811799
C    0.916717793669    0.916817345833    0.416823166563
C    0.664706784057    0.671988634500    0.671990704944
C    0.749472236923    0.749616770909    0.749618121520
C    0.667191011823    0.834323932788    0.834324320326
C    0.749998842953    0.917231263359    0.917233114231
C    0.833298331945    0.666782989656    0.833278108143
C    0.916588615661    0.749939724598    0.916683121722
C    0.833298045627    0.833277827748    0.666783641666
C    0.916587857880    0.916683680391    0.749939403012
N    0.658814290255    0.491647133368    0.491644434481
