&CONTROL
calculation = 'scf'
verbosity = 'high'
tprnfor=.TRUE.
tstress=.TRUE.
wf_collect = .true.
prefix='pwscf'
outdir = './'
pseudo_dir='/home/jinyuchem/program/QE/pseudo-potential'
/
&SYSTEM
ibrav = 0
ecutwfc = 85
tot_charge = -1
nspin = 2
tot_magnetization = 2.0
nbnd = 800
nat = 215
ntyp = 2
/
&ELECTRONS
conv_thr = 1D-10
diago_full_acc=.true.
/
K_POINTS gamma
CELL_PARAMETERS angstrom
10.70400  0.000000  0.000000
0.000000  10.70400  0.000000
0.000000  0.000000  10.70400
ATOMIC_SPECIES
C  12.01099968  C_ONCV_PBE-1.0.upf
N  14.00699997  N_ONCV_PBE-1.0.upf
ATOMIC_POSITIONS crystal
C   -0.000000602815    0.000057679706    0.000028502656
C    0.083274206389    0.083395344033    0.083386086805
C   -0.000175040291    0.166795205904    0.166792759360
C    0.082898770689    0.250182352766    0.250188219551
C    0.166631444127   -0.000039546039    0.166720853850
C    0.249885148165    0.083201275670    0.250014096875
C    0.166614025104    0.166722263121   -0.000052074314
C    0.249871086642    0.249993413614    0.083204922109
C   -0.000075704473    0.000136810281    0.333460243304
C    0.083070410863    0.083599013971    0.416721540143
C   -0.000495537700    0.167204286796    0.500181973045
C    0.083369752485    0.250022986120    0.583469881440
C    0.166941874982    0.000278651347    0.500132926421
C    0.250029935543    0.083365711200    0.583303972099
C    0.166331991044    0.166703629621    0.333364767155
C    0.249604978879    0.249876278779    0.416563711385
C    0.000060320645    0.000176588115    0.666720466378
C    0.083347990313    0.083463462247    0.750039419120
C   -0.000010372864    0.166831948828    0.833322849293
C    0.083299985504    0.250163078337    0.916633607119
C    0.166695206342    0.000057495638    0.833333000376
C    0.250052487875    0.083395527632    0.916607739025
C    0.166787103859    0.166671632427    0.666590527243
C    0.250119160549    0.250140022591    0.749908067998
C   -0.000094306316    0.333456231952    0.000114954063
C    0.083079884732    0.416694219563    0.083557338935
C   -0.000432807992    0.500154915895    0.167129192120
C    0.083550420156    0.583455347399    0.249845944749
C    0.166328785291    0.333345974602    0.166702474012
C    0.249608516070    0.416530580764    0.249887124033
C    0.166924981840    0.500125641224    0.000258995838
C    0.250021327848    0.583293251410    0.083355473218
C   -0.000632373029    0.333770503215    0.333764855564
C    0.082712370579    0.417117292947    0.417118268587
C   -0.000711145620    0.500595396637    0.500508432729
C    0.083010577145    0.583535609987    0.583523271976
C    0.166392207027    0.333426884946    0.500020410257
C    0.249906356933    0.416739040566    0.583273940979
C    0.166431096337    0.500004246387    0.333409388171
C    0.249932341506    0.583258464638    0.416745304697
C    0.000335542211    0.333202768641    0.666494230549
C    0.083402246308    0.416892243386    0.750092164357
C    0.001002813523    0.500524016232    0.834336031071
C    0.083913126354    0.583340812379    0.917246987746
C    0.166781478053    0.333455975624    0.833239643193
C    0.250223481473    0.416694271967    0.916414121283
C    0.166667531381    0.500137673673    0.666651153179
C    0.250205421693    0.583385863336    0.749884087480
C    0.000108749682    0.666741366939    0.000215045750
C    0.083407252325    0.750057193134    0.083449089849
C    0.000050270326    0.833371373460    0.166774792784
C    0.083338825156    0.916662208093    0.250158817377
C    0.166880972396    0.666588340571    0.166611159451
C    0.250170383528    0.749912743410    0.250135894795
C    0.166708347334    0.833347855137    0.000042238558
C    0.250065006396    0.916614360960    0.083398582577
C    0.000645622080    0.666474812978    0.332846661398
C    0.083525543203    0.750091332838    0.416800179979
C    0.001086851793    0.834317522847    0.500460302577
C    0.083933534748    0.917241848591    0.583329849342
C    0.166704300040    0.666655040735    0.500132299722
C    0.250235587158    0.749872186419    0.583402363734
C    0.166855571135    0.833263734492    0.333442347602
C    0.250275083834    0.916424530272    0.416717904265
C   -0.000136428603    0.666700637391    0.666732591016
C    0.083302580485    0.749911082649    0.749911144993
C    0.000001309768    0.833318742118    0.833334595506
C    0.083338011972    0.916689389450    0.916671369828
C    0.166881512152    0.666741521132    0.833442609724
C    0.250115494156    0.750057408401    0.916741039617
C    0.166897147165    0.833443892882    0.666743147764
C    0.250128995512    0.916737652610    0.750061301006
C    0.333387232345   -0.000039239010   -0.000035276869
C    0.416680541116    0.083201614500    0.083218266363
C    0.333173413599    0.166490500121    0.166506958208
C    0.416377674264    0.249673209062    0.249711072442
C    0.500042737981   -0.000341465919    0.166739266878
C    0.583247150695    0.082898644211    0.249937101312
C    0.500031049332    0.166704436877   -0.000335054514
C    0.583229819323    0.249877359229    0.082937690115
C    0.333406607239   -0.000342041827    0.333376064055
C    0.416604755034    0.082898105835    0.416580168861
C    0.333023077347    0.166316842746    0.499868836897
C    0.416130266818    0.249456651820    0.582945949476
C    0.500162705178   -0.000341353504    0.500060974536
C    0.583455071955    0.083226209403    0.583283358141
C    0.499694938396    0.166070846397    0.333027749257
C    0.582793304173    0.249200029624    0.416126327923
C    0.333340821510    0.000158748005    0.666609912476
C    0.416829390611    0.083485098893    0.749911542895
C    0.333459296979    0.166795559658    0.833158664398
C    0.416854139752    0.250183182520    0.916232270564
C    0.500127189827    0.000137285616    0.833257427562
C    0.583388147106    0.083599679389    0.916403055704
C    0.500103217209    0.166840298725    0.666345359825
C    0.583649153939    0.251109697703    0.748940941748
C    0.333368343287    0.333346256996   -0.000337210678
C    0.416552908812    0.416531064654    0.082942229349
C    0.332983241046    0.499840199079    0.166317001133
C    0.416085571490    0.582928948263    0.249418951018
C    0.499667482452    0.332976414689    0.166087258685
C    0.582763982007    0.416103397458    0.249161048185
C    0.500075535071    0.500004583418   -0.000235563739
C    0.583411430473    0.583258828346    0.083265252195
C    0.332753920464    0.332975775668    0.333001388278
C    0.415827863385    0.416103115742    0.416097514919
C    0.333235640275    0.499838353790    0.499861005964
C    0.417153986321    0.583175509712    0.583218959528
C    0.498678783745    0.332050897807    0.499454061886
C    0.583464438328    0.416935404838    0.579309299268
C    0.498613715343    0.499443387256    0.331946854502
C    0.583359716440    0.579306593499    0.416693088745
C    0.333476604531    0.333390643141    0.666356337610
C    0.417674562141    0.416940506636    0.748983241544
C    0.333795561445    0.500154922729    0.832901241156
C    0.416512140136    0.583455392937    0.916883991780
C    0.500430935364    0.333771167337    0.832700997583
C    0.583784543543    0.417118028319    0.916045348344
C    0.501598266646    0.500803471205    0.665106259631
C    0.584915189608    0.584435874188    0.748998527115
C    0.333277258720    0.666588272493    0.000214905068
C    0.416802352476    0.749912886430    0.083503661552
C    0.333481365617    0.833163987560    0.166814525337
C    0.416883887448    0.916222680106    0.250216630798
C    0.500067583117    0.666338750699    0.166830230818
C    0.583640080254    0.748947384053    0.251039932908
C    0.500108832842    0.833264180566    0.000188532246
C    0.583384548826    0.916425375312    0.083607805582
C    0.333496982391    0.666338561672    0.333401033994
C    0.417706764871    0.748947242918    0.416973015956
C    0.333853137611    0.832864378004    0.500185026968
C    0.416654885595    0.916718241940    0.583495479062
C    0.501624743120    0.664980434845    0.500788078912
C    0.585260060069    0.748373566929    0.584492598687
C    0.500463521682    0.832654372684    0.333796365556
C    0.583857447598    0.915883206929    0.417190356570
C    0.333621493990    0.666613511698    0.666639836506
C    0.416827157070    0.749987456215    0.750084560675
C    0.333441312564    0.833371193405    0.833383943948
C    0.416825359212    0.916662553207    0.916672072814
C    0.499513034348    0.666474891102    0.833979122192
C    0.583466920878    0.750091629877    0.916858569555
C    0.499707984010    0.833676660376    0.666575240863
C    0.583528741756    0.916725732211    0.750125153317
C    0.666799540156    0.000279312430    0.000274522038
C    0.749970447128    0.083366523552    0.083362254888
C    0.666535267123    0.166317360289    0.166355752419
C    0.749612377840    0.249456675021    0.249463432860
C    0.833276261031    0.000159073055    0.166673471511
C    0.916578020139    0.083484903029    0.250162443865
C    0.833256964213    0.166672427814    0.000119715696
C    0.916574392482    0.250140348621    0.083452428910
C    0.666727841406   -0.000341023518    0.333495260551
C    0.749950302737    0.083226041046    0.416787842599
C    0.666543464954    0.166606205932    0.499876146768
C    0.749858029877    0.250632725385    0.583191458346
C    0.833327856403   -0.000058507102    0.500156245368
C    0.916511670040    0.083557637524    0.583395633065
C    0.833012103161    0.166840195241    0.333436313272
C    0.915607788054    0.251109598851    0.416983045908
C    0.666823094793   -0.000058206511    0.666660584422
C    0.750062345137    0.083558206206    0.749844200374
C    0.666848607332    0.167204787031    0.832837224785
C    0.750136462770    0.250023844533    0.916702521011
C    0.833386864072    0.000177059598    0.833393114615
C    0.916705781509    0.083463823105    0.916680920740
C    0.833263825672    0.167034563366    0.666596520729
C    0.916636989638    0.250323151901    0.749969978119
C    0.666686737169    0.333427774084   -0.000274922036
C    0.749940278359    0.416739792963    0.083239605828
C    0.666527139993    0.499839008968    0.166568761699
C    0.749885812696    0.583175512247    0.250487087597
C    0.833022680980    0.333390837377    0.166809857057
C    0.915649722279    0.416939935729    0.251007947693
C    0.833317260544    0.500137839745    0.000000661784
C    0.916549991941    0.583385971764    0.083538924633
C    0.666120773634    0.332050864402    0.332012164067
C    0.745976005275    0.416935467201    0.416797730584
C    0.831669475704    0.335169736185    0.500815807021
C    0.915128517429    0.418925190151    0.584424547954
C    0.831773121080    0.500803160497    0.334931608945
C    0.915665621998    0.584435218339    0.418248512252
C    0.667482254049    0.335169800328    0.665002843097
C    0.751091039222    0.418925340813    0.748461422537
C    0.667174814044    0.500596036402    0.832621580008
C    0.750189906969    0.583535873032    0.916343352804
C    0.833160899738    0.333203224745    0.833668330294
C    0.916758640842    0.416892377239    0.916735280052
C    0.839167435087    0.497086976597    0.672501008516
C    0.916433237286    0.582899807364    0.749766232130
C    0.666798824440    0.666655561410    0.000037043113
C    0.750068941883    0.749872927063    0.083568150894
C    0.666851489186    0.832864975014    0.167186078362
C    0.750161799348    0.916718358189    0.249987695944
C    0.833305850476    0.666614073756    0.166954604193
C    0.916750899024    0.749987633438    0.250160516962
C    0.833409798366    0.833444384875    0.000229870961
C    0.916727852575    0.916737816630    0.083461922231
C    0.667455100236    0.664980139796    0.334957936181
C    0.751159569172    0.748373245825    0.418593907720
C    0.667355359470    0.832298396246    0.500688183983
C    0.750223502737    0.916159098499    0.583556532547
C    0.840317832733    0.672760734186    0.495634713429
C    0.916561372977    0.749602338766    0.582811474862
C    0.833241931021    0.833676510067    0.333041367291
C    0.916792206946    0.916725602899    0.416862088849
C    0.662301239395    0.672761606604    0.673649743778
C    0.749478060988    0.749602589169    0.749894177132
C    0.667127092741    0.834317783273    0.834419778784
C    0.749996453058    0.917242547472    0.917266030941
C    0.833399148726    0.666700934898    0.833196309363
C    0.916578045810    0.749910821010    0.916635604638
C    0.833308328472    0.832883812237    0.666641143407
C    0.916537327106    0.916494007826    0.749870847502
N    0.658640048517    0.492294282389    0.491973256299
