&CONTROL
calculation = 'scf'
verbosity = 'high'
tprnfor=.TRUE.
tstress=.TRUE.
wf_collect = .true.
prefix='pwscf'
outdir = './'
pseudo_dir='/home/jinyuchem/program/QE/pseudo-potential'
/
&SYSTEM
ibrav = 0
ecutwfc = 85
tot_charge = -1
nspin = 2
tot_magnetization = 2.0
nbnd = 800
nat = 215
ntyp = 2
/
&ELECTRONS
conv_thr = 1D-10
diago_full_acc=.true.
/
K_POINTS gamma
CELL_PARAMETERS angstrom
10.70400  0.000000  0.000000
0.000000  10.70400  0.000000
0.000000  0.000000  10.70400
ATOMIC_SPECIES
C  12.01099968  C_ONCV_PBE-1.0.upf
N  14.00699997  N_ONCV_PBE-1.0.upf
ATOMIC_POSITIONS crystal
C   -0.000009311257    0.000101614170    0.000000211098
C    0.083268641619    0.083404895806    0.083372292273
C   -0.000181562093    0.166784421225    0.166775235308
C    0.082902362560    0.250152638961    0.250171141181
C    0.166651109656   -0.000029726478    0.166724778443
C    0.249908172910    0.083182367919    0.250033689989
C    0.166591009775    0.166729721352   -0.000074452368
C    0.249859943270    0.249961308402    0.083194134319
C   -0.000063431418    0.000116503895    0.333483010425
C    0.083041432423    0.083628626556    0.416753521670
C   -0.000576173501    0.167293213462    0.500208236180
C    0.083204490936    0.250208339489    0.583452341231
C    0.166957144122    0.000304547273    0.500146040432
C    0.250033426318    0.083377866956    0.583313567088
C    0.166336094726    0.166675656350    0.333372868238
C    0.249627486490    0.249816888088    0.416574635068
C   -0.000026037142    0.000102040644    0.666684198471
C    0.083251972181    0.083482809706    0.750008819872
C   -0.000096917986    0.166930867157    0.833236701522
C    0.083241150434    0.250180038722    0.916574907657
C    0.166666194364    0.000101696761    0.833325052737
C    0.250038105987    0.083405345812    0.916602758563
C    0.166676643304    0.166725303152    0.666579635865
C    0.250049253837    0.250130389550    0.749900598121
C   -0.000127358358    0.333468309828    0.000039072669
C    0.083076865266    0.416657992109    0.083481072211
C   -0.000354861209    0.500113389896    0.167029261325
C    0.083837686594    0.583401279739    0.249586954837
C    0.166326391718    0.333307732607    0.166669475039
C    0.249641304384    0.416459953342    0.249852083969
C    0.166899910835    0.500120549504    0.000233849522
C    0.250005761869    0.583276053003    0.083339560688
C   -0.000603346583    0.333766870463    0.333745470180
C    0.082817658327    0.417076768822    0.417078727466
C   -0.000461680485    0.500625719771    0.500319999694
C    0.083156369496    0.583535775065    0.583492026039
C    0.166405742502    0.333392024049    0.500004164249
C    0.249895504476    0.416694928176    0.583279467147
C    0.166542600699    0.499948417258    0.333328735376
C    0.249985977706    0.583226213694    0.416715112123
C    0.000090486594    0.333624096665    0.666470492344
C    0.083303129788    0.417004912927    0.750060474100
C    0.000979352348    0.500610302710    0.834311882541
C    0.083905546735    0.583368097008    0.917238866249
C    0.166706048135    0.333468082535    0.833207038367
C    0.250147499761    0.416658091522    0.916411171526
C    0.166699593594    0.500128480014    0.666640533110
C    0.250172853902    0.583365899671    0.749924436981
C    0.000144918680    0.666757738224    0.000235436241
C    0.083460342250    0.750071414856    0.083431534474
C    0.000115922415    0.833405955677    0.166730810562
C    0.083376418302    0.916675692138    0.250165115422
C    0.167006719527    0.666571843533    0.166511727616
C    0.250228360561    0.749917246589    0.250115171585
C    0.166712914864    0.833377053284    0.000047559708
C    0.250081728437    0.916625945059    0.083416220067
C    0.001176291939    0.666402707263    0.332377057749
C    0.083734540796    0.750058387938    0.416682639732
C    0.001272972785    0.834247627792    0.500387298334
C    0.083975050224    0.917222816205    0.583329717955
C    0.166827641656    0.666655720440    0.500109205379
C    0.250277025670    0.749884891946    0.583423417222
C    0.166964449705    0.833292546129    0.333419705697
C    0.250326426968    0.916449887076    0.416740880098
C    0.000131922820    0.666695302115    0.666806267924
C    0.083407910746    0.749937479858    0.749938327639
C    0.000014215499    0.833292020450    0.833347498225
C    0.083328104596    0.916724718192    0.916661639709
C    0.166902512142    0.666757898166    0.833478757257
C    0.250098158101    0.750071790840    0.916794397561
C    0.166956038621    0.833484711592    0.666763963196
C    0.250144451689    0.916783505470    0.750085783956
C    0.333390350671   -0.000029518577   -0.000014794611
C    0.416699492176    0.083182568130    0.083241824901
C    0.333185336980    0.166461932684    0.166519525851
C    0.416405021320    0.249606185597    0.249738697819
C    0.500078983244   -0.000354211685    0.166800376609
C    0.583299889541    0.082822078421    0.250029757194
C    0.500038702172    0.166676355292   -0.000330265078
C    0.583240497005    0.249817916877    0.082960166163
C    0.333467188686   -0.000354710231    0.333413036589
C    0.416697009597    0.082821631828    0.416633503412
C    0.333083742656    0.166280128636    0.499893151943
C    0.416163971501    0.249473332619    0.582957327783
C    0.500298592015   -0.000494210814    0.500146957749
C    0.583532544606    0.083181308291    0.583313333409
C    0.499755926864    0.166035568634    0.333089136150
C    0.582826507072    0.249249605381    0.416159611159
C    0.333398792183    0.000145727130    0.666647337712
C    0.416875654485    0.083496627390    0.749913036339
C    0.333441946911    0.166785046597    0.833153157074
C    0.416837130927    0.250153521310    0.916236364518
C    0.500149870591    0.000117243350    0.833270462868
C    0.583419947131    0.083629274463    0.916374716386
C    0.500174633494    0.166878802677    0.666338912338
C    0.583705757616    0.251269309720    0.748892782252
C    0.333335391305    0.333308091786   -0.000339328785
C    0.416518300803    0.416460379688    0.082974615742
C    0.332945811125    0.499792927427    0.166279176912
C    0.416007758762    0.582897831169    0.249341148965
C    0.499661449443    0.332907855657    0.166093001397
C    0.582724617628    0.416078624847    0.249113160621
C    0.499995537713    0.499948778342   -0.000124702789
C    0.583381531664    0.583226580578    0.083318420409
C    0.332759564903    0.332907237472    0.332995254335
C    0.415780261060    0.416078377009    0.416058027494
C    0.333201706965    0.499783623666    0.499861181817
C    0.417041848582    0.583116674545    0.583269001550
C    0.498679890090    0.332148794947    0.499450690738
C    0.583416508382    0.417231785873    0.579262237078
C    0.498451894638    0.499413337380    0.331784890828
C    0.583050114873    0.579252775320    0.416383537848
C    0.333439180533    0.333347928693    0.666376784859
C    0.417579867827    0.416890857969    0.749040358438
C    0.333695882075    0.500113567905    0.832979335356
C    0.416253585269    0.583401670091    0.917171111675
C    0.500411621012    0.333767570573    0.832730203184
C    0.583745354792    0.417077894593    0.916149941861
C    0.501391267102    0.500801940080    0.665255083176
C    0.584170348744    0.584422424332    0.749848589768
C    0.333178232143    0.666571751497    0.000340730314
C    0.416781781547    0.749917470898    0.083561760056
C    0.333518574690    0.833171797330    0.166852028881
C    0.416939226159    0.916202807744    0.250272602333
C    0.500050426619    0.666315238815    0.166843655276
C    0.583672574137    0.748914865279    0.251025418295
C    0.500086290810    0.833292928042    0.000297520530
C    0.583407269148    0.916450570523    0.083659386532
C    0.333510402633    0.666315096849    0.333383775130
C    0.417692282125    0.748914844310    0.417006057484
C    0.333896287708    0.832852081502    0.500218770692
C    0.416751465374    0.916591854848    0.583541762262
C    0.501483735092    0.664814215508    0.500748885280
C    0.585377747034    0.747660962714    0.584621955063
C    0.500524048690    0.832567025142    0.333857379655
C    0.583999070900    0.915582377978    0.417332483421
C    0.333566506463    0.666600698610    0.666691097911
C    0.416705033181    0.749915591648    0.750254655292
C    0.333396877289    0.833405914999    0.833449943379
C    0.416831259080    0.916676229006    0.916710208956
C    0.499043264625    0.666402888160    0.834509769847
C    0.583349492723    0.750058611687    0.917067013349
C    0.499724935785    0.833451685813    0.666754170984
C    0.583565822993    0.916601965282    0.750176751365
C    0.666812405425    0.000304968055    0.000290084349
C    0.749979476986    0.083378247701    0.083365759019
C    0.666558874697    0.166280444204    0.166416302134
C    0.749623073934    0.249473192915    0.249497056319
C    0.833312920608    0.000145328655    0.166731729386
C    0.916578677760    0.083496115655    0.250208854392
C    0.833245236069    0.166726177296    0.000009103499
C    0.916566256823    0.250130770003    0.083382271788
C    0.666813420446   -0.000493801686    0.333631329564
C    0.749979950501    0.083181191852    0.416865727114
C    0.666583035361    0.166665479725    0.499915891346
C    0.749838964953    0.250884227833    0.583172487153
C    0.833342241715   -0.000174777997    0.500193473200
C    0.916454171349    0.083572402275    0.583400086075
C    0.833005099962    0.166878540980    0.333507765050
C    0.915559518520    0.251269258902    0.417039737042
C    0.666860205119   -0.000174368108    0.666675115398
C    0.750066517599    0.083572985520    0.749786984148
C    0.666874519043    0.167293853670    0.832757036049
C    0.750118422295    0.250209614776    0.916536821677
C    0.833350217448    0.000102495065    0.833306978570
C    0.916674682952    0.083483111445    0.916584934231
C    0.833208307098    0.167179042155    0.666541222187
C    0.916521373547    0.250607807834    0.749854409828
C    0.666670374155    0.333393095175   -0.000261711035
C    0.749945771172    0.416695829408    0.083228185352
C    0.666527614622    0.499784200075    0.166534414485
C    0.749935944108    0.583116943932    0.250374486134
C    0.833042723687    0.333348096073    0.166772246700
C    0.915706760832    0.416890284956    0.250913174766
C    0.833306728930    0.500128603187    0.000031660601
C    0.916590450327    0.583366052959    0.083505516844
C    0.666117398948    0.332148934291    0.332013218039
C    0.745928925225    0.417231871303    0.416749917118
C    0.831559586465    0.335558171599    0.500845107424
C    0.914636797911    0.419872114671    0.584382768803
C    0.831921856813    0.500801678440    0.334724518295
C    0.916516336361    0.584421190346    0.417504082908
C    0.667511745374    0.335558197198    0.664892635932
C    0.751049766597    0.419872990035    0.747968422943
C    0.666986889863    0.500626620719    0.832869560070
C    0.750159023838    0.583536137497    0.916487836890
C    0.833137222161    0.333625039796    0.833422522321
C    0.916727204867    0.417005338606    0.916635372820
C    0.838147833014    0.499363324233    0.671479704862
C    0.916378082410    0.582996880707    0.749709905277
C    0.666775716926    0.666655969951    0.000159637078
C    0.750089832389    0.749885383570    0.083609216033
C    0.666884759751    0.832852412926    0.167229473900
C    0.750207301921    0.916591404067    0.250084813357
C    0.833357123408    0.666600936231    0.166899174803
C    0.916920850097    0.749915418098    0.250038576141
C    0.833430107314    0.833484979390    0.000288520259
C    0.916751554183    0.916783126828    0.083477408988
C    0.667415880919    0.664813671906    0.334816862604
C    0.751288565218    0.747660110042    0.418712618222
C    0.667617460897    0.831738426024    0.500950467747
C    0.750276050753    0.915842956100    0.583608996616
C    0.842171868709    0.672391193390    0.494280384689
C    0.916826143717    0.749136696528    0.582687705946
C    0.833420737971    0.833450636687    0.333059182209
C    0.916843870328    0.916601639983    0.416899363664
C    0.660946451213    0.672391825133    0.675502648772
C    0.749353975324    0.749137162727    0.750158124018
C    0.667054311306    0.834248024700    0.834605514302
C    0.749996078205    0.917223335745    0.917307444334
C    0.833473300191    0.666695479854    0.833463258763
C    0.916605060074    0.749937201660    0.916740278001
C    0.833154566515    0.832369527489    0.666487064582
C    0.916463181641    0.916244698882    0.749796648770
N    0.658318200712    0.492774779850    0.491651180408
