&CONTROL
calculation = 'scf'
restart_mode = 'from_scratch'
verbosity = 'high'
wf_collect = .true.
pseudo_dir='/home/jinyuchem/program/QE/pseudo-potential'
tprnfor = .true.
/
&SYSTEM
ibrav = 0
ecutwfc = 60
tot_charge = -1
nspin = 2
tot_magnetization = 2.0
nbnd = 456
nat = 215
ntyp = 2
input_dft = 'PBE0'
exx_fraction = 0.18
ecutfock = 120
/
&ELECTRONS
conv_thr = 1D-8
diago_full_acc=.true.
mixing_beta = 0.3
/
K_POINTS gamma
CELL_PARAMETERS angstrom
10.65000  0.000000  0.000000
0.000000  10.65000  0.000000
0.000000  0.000000  10.65000
ATOMIC_SPECIES
C  12.01099968  C_ONCV_PBE-1.0.upf
N  14.00699997  N_ONCV_PBE-1.0.upf
ATOMIC_POSITIONS crystal
C    0.000021086703    0.000060547949    0.000059812794
C    0.083276958764    0.083389921067    0.083389889207
C   -0.000141986496    0.166793497862    0.166793951232
C    0.082951817161    0.250167123117    0.250169264476
C    0.166638543892   -0.000034790299    0.166738629954
C    0.249887777907    0.083218188848    0.250017650004
C    0.166638496720    0.166738388817   -0.000034771693
C    0.249885731391    0.250017983074    0.083218304141
C   -0.000074982632    0.000119166793    0.333458823074
C    0.083085388716    0.083547539971    0.416725241741
C   -0.000440984079    0.167156919945    0.500157427608
C    0.083397827814    0.249995280904    0.583417171159
C    0.166924104892    0.000253526864    0.500135124058
C    0.250021248469    0.083347117131    0.583295039305
C    0.166371032278    0.166711019816    0.333354493376
C    0.249642139137    0.249903107454    0.416573945710
C    0.000103032208    0.000224360433    0.666745069315
C    0.083385546691    0.083482883035    0.750049885715
C    0.000024879451    0.166824211394    0.833351451108
C    0.083297701294    0.250183221801    0.916641715746
C    0.166738309551    0.000062081512    0.833347886403
C    0.250067316917    0.083391799178    0.916623295851
C    0.166819102510    0.166679551299    0.666620558851
C    0.250114845365    0.250141044683    0.749922404705
C   -0.000074974218    0.333458804415    0.000119295765
C    0.083085445264    0.416725175297    0.083547549483
C   -0.000441060293    0.500157396318    0.167156902072
C    0.083397716871    0.583417353335    0.249995415064
C    0.166371606709    0.333354349712    0.166710136460
C    0.249639962367    0.416576215450    0.249899107337
C    0.166924255776    0.500135096270    0.000253434414
C    0.250021324259    0.583295375356    0.083347041062
C   -0.000568080003    0.333735798389    0.333735822540
C    0.082675849672    0.417135500167    0.417135423080
C   -0.000810925999    0.500642992857    0.500643003905
C    0.082959609919    0.583537055629    0.583537098222
C    0.166420810422    0.333432086737    0.500028265406
C    0.249918658043    0.416759655804    0.583281212195
C    0.166420780520    0.500028345246    0.333431997810
C    0.249918562012    0.583281149639    0.416759765892
C    0.000362123799    0.333110998598    0.666569314994
C    0.083357848295    0.416899578368    0.750063199047
C    0.001015885427    0.500445936609    0.834356804377
C    0.083878335084    0.583357729173    0.917225520273
C    0.166795182784    0.333452339656    0.833248283489
C    0.250220202580    0.416725096022    0.916431022373
C    0.166691097421    0.500142000537    0.666665601849
C    0.250222100318    0.583391291019    0.749880203114
C    0.000102871830    0.666745059768    0.000224463881
C    0.083385652074    0.750049853134    0.083482901598
C    0.000024785104    0.833351447647    0.166824102790
C    0.083297724976    0.916641735177    0.250183192814
C    0.166819159269    0.666620696574    0.166679616815
C    0.250114957257    0.749922402979    0.250141079869
C    0.166738332000    0.833347930983    0.000062120900
C    0.250067294422    0.916623313269    0.083391814651
C    0.000362130629    0.666569287713    0.333111017903
C    0.083357846111    0.750063172550    0.416899598801
C    0.001015888486    0.834356892217    0.500445748212
C    0.083878235084    0.917225403739    0.583357656106
C    0.166691098068    0.666665573016    0.500142018815
C    0.250221986059    0.749880071080    0.583391107807
C    0.166795081808    0.833248260720    0.333452380717
C    0.250220377225    0.916431217090    0.416724685686
C   -0.000118698174    0.666690809048    0.666690947328
C    0.083299400164    0.749927673195    0.749927680675
C    0.000040979413    0.833365337895    0.833365256270
C    0.083367246899    0.916713520822    0.916713518233
C    0.166903197259    0.666751253529    0.833428790166
C    0.250157867472    0.750050448659    0.916722692310
C    0.166902570707    0.833428734833    0.666751005958
C    0.250156879566    0.916727184872    0.750051374207
C    0.333399041762   -0.000035852798   -0.000035832112
C    0.416693182044    0.083211519476    0.083211671789
C    0.333185508701    0.166532848171    0.166532855906
C    0.416412514037    0.249742838861    0.249742386340
C    0.500030325200   -0.000302684668    0.166705017822
C    0.583235030772    0.082963657067    0.249899944909
C    0.500030416055    0.166704432969   -0.000302343658
C    0.583234953254    0.249900056372    0.082963801007
C    0.333364487352   -0.000301006151    0.333355384833
C    0.416576209184    0.082965415792    0.416580812240
C    0.333007164720    0.166351905309    0.499885859509
C    0.416112347601    0.249446701744    0.582977755882
C    0.500101466928   -0.000244539506    0.500027622983
C    0.583412718400    0.083244327711    0.583277879890
C    0.499705218015    0.166136887703    0.333028992890
C    0.582790804024    0.249206666650    0.416136904217
C    0.333335121653    0.000141283933    0.666619532379
C    0.416821574607    0.083445335763    0.749921013280
C    0.333447592144    0.166794297117    0.833180030233
C    0.416840019423    0.250164336766    0.916284767312
C    0.500128178789    0.000120473807    0.833255545097
C    0.583379358148    0.083547744403    0.916433364414
C    0.500069128026    0.166827399469    0.666384029062
C    0.583638237831    0.251054435627    0.749001484350
C    0.333364775491    0.333356591592   -0.000300041681
C    0.416575935341    0.416580229932    0.082964814878
C    0.333005814499    0.499884974423    0.166351582656
C    0.416112122700    0.582977224850    0.249447244894
C    0.499705346900    0.333028368690    0.166136744509
C    0.582790799944    0.416136941786    0.249206590586
C    0.500101399076    0.500027505121   -0.000244231393
C    0.583412708112    0.583277925261    0.083244423286
C    0.332791809034    0.333023820094    0.333031436967
C    0.415869060034    0.416139458171    0.416139473850
C    0.333251535251    0.499867376550    0.499867378729
C    0.417189077435    0.583185714540    0.583186869133
C    0.498634110789    0.331972084046    0.499476981672
C    0.583408529704    0.416772865564    0.579106265820
C    0.498633360422    0.499476679292    0.331972015511
C    0.583408658530    0.579106436101    0.416772770128
C    0.333476210177    0.333394180104    0.666389158280
C    0.417728465395    0.416974991265    0.749004851728
C    0.333821417847    0.500158566290    0.832885712109
C    0.416672962507    0.583416402837    0.916746386099
C    0.500406899901    0.333735232427    0.832755015184
C    0.583780551791    0.417127627318    0.916030565151
C    0.501725041136    0.500750280311    0.664919165852
C    0.585681819043    0.584414300110    0.748219822963
C    0.333334823024    0.666619886157    0.000141684631
C    0.416821519323    0.749920947739    0.083445489716
C    0.333447569350    0.833179754183    0.166794203480
C    0.416842076040    0.916287229169    0.250166536568
C    0.500070819869    0.666384505683    0.166826656407
C    0.583638259081    0.749001433823    0.251054312214
C    0.500128310910    0.833255308234    0.000120598647
C    0.583379157389    0.916434417175    0.083548092464
C    0.333476450515    0.666389046903    0.333394199976
C    0.417728574792    0.749004810346    0.416974916501
C    0.333822435755    0.832884393587    0.500156856540
C    0.416673669066    0.916746467528    0.583416336091
C    0.501725256149    0.664919024622    0.500750295747
C    0.585681787896    0.748219774417    0.584414408266
C    0.500407269867    0.832755159352    0.333735340315
C    0.583780521241    0.916030540184    0.417127476515
C    0.333652908826    0.666610284100    0.666611095800
C    0.416951917910    0.749968003094    0.749968035466
C    0.333480414039    0.833349139335    0.833349879107
C    0.416860047879    0.916642876120    0.916642909238
C    0.499792796313    0.666570904259    0.833698108344
C    0.583558408957    0.750066317767    0.916707727424
C    0.499792850527    0.833698086797    0.666570927193
C    0.583558584836    0.916707626606    0.750066354797
C    0.666805519808    0.000252382345    0.000252492663
C    0.749968704343    0.083344075729    0.083344204987
C    0.666554659089    0.166343115368    0.166343247250
C    0.749636590351    0.249415342736    0.249415372783
C    0.833275355820    0.000141189925    0.166678357236
C    0.916595052568    0.083443819979    0.250146862766
C    0.833275531578    0.166678604234    0.000141431031
C    0.916595137125    0.250146824191    0.083443823336
C    0.666702280620   -0.000250672659    0.333430206580
C    0.749954021813    0.083243219240    0.416759219071
C    0.666540305719    0.166595156684    0.499867501871
C    0.749863621825    0.250516264593    0.583190080540
C    0.833325538780    0.000018962867    0.500141361615
C    0.916554756518    0.083546922801    0.583385538563
C    0.833034149251    0.166821969024    0.333389622187
C    0.915663228443    0.251052759162    0.416974326735
C    0.666816380143    0.000019571847    0.666664950391
C    0.750061086771    0.083552585426    0.749879454404
C    0.666833944651    0.167166087640    0.832883124882
C    0.750091589890    0.249995888117    0.916738275244
C    0.833406757236    0.000225479712    0.833429288727
C    0.916728223096    0.083480978688    0.916731890830
C    0.833263864628    0.166999852957    0.666610888403
C    0.916637328861    0.250276691393    0.749969778621
C    0.666702188352    0.333430205054   -0.000250505404
C    0.749954269862    0.416758876568    0.083243285839
C    0.666540316953    0.499867465650    0.166595186546
C    0.749862928667    0.583188910164    0.250515602013
C    0.833034059304    0.333389685918    0.166821788857
C    0.915663166572    0.416974448731    0.251052612472
C    0.833325751855    0.500141457011    0.000018971305
C    0.916554723051    0.583385873567    0.083546743361
C    0.666141017468    0.331957587244    0.331957631240
C    0.745743670047    0.416781309565    0.416781340257
C    0.831566268226    0.335079977682    0.500754135005
C    0.914872162144    0.419021399086    0.584421733346
C    0.831566274235    0.500754115318    0.335079902247
C    0.914872160543    0.584421720631    0.419021521694
C    0.667438409435    0.335077492987    0.664908606587
C    0.751102613267    0.419013594967    0.748203329035
C    0.667303077590    0.500615882851    0.832538265263
C    0.750207972533    0.583531715879    0.916309518583
C    0.833222921010    0.333110079892    0.833693486806
C    0.916736659706    0.416900819030    0.916707620456
C    0.839532086841    0.496632673525    0.672847049488
C    0.916210897458    0.582876444508    0.749537878637
C    0.666816353393    0.666664975251    0.000019680524
C    0.750063109787    0.749879894968    0.083549970524
C    0.666833186060    0.832885047959    0.167166428226
C    0.750091305350    0.916738174446    0.249996044096
C    0.833264341129    0.666610415391    0.166999399353
C    0.916637319711    0.749969756866    0.250276705419
C    0.833406928230    0.833429248153    0.000225303871
C    0.916727035934    0.916731409633    0.083481667963
C    0.667438397365    0.664908775343    0.335077531405
C    0.751102611690    0.748203192898    0.419013510371
C    0.667302869337    0.832538245385    0.500615959867
C    0.750207767380    0.916309498103    0.583531918265
C    0.839532093975    0.672847230768    0.496632580129
C    0.916210893832    0.749537851532    0.582876359173
C    0.833222917498    0.833693370894    0.333109989197
C    0.916736659620    0.916707389523    0.416900736068
C    0.663268452407    0.672836362231    0.672836395397
C    0.749529081905    0.749507317080    0.749507317590
C    0.667126100093    0.834349098023    0.834349117731
C    0.750036300422    0.917221549426    0.917221603596
C    0.833333932036    0.666683554090    0.833194051671
C    0.916598895531    0.749926751757    0.916634633956
C    0.833333928587    0.833194020338    0.666683474767
C    0.916598983826    0.916634514260    0.749926762626
N    0.658297855813    0.491705083498    0.491705002764
