&CONTROL
calculation = 'scf'
restart_mode = 'from_scratch'
prefix = 'pwscf'
pseudo_dir = '/home/jinyuchem/program/QE/pseudo-potential'
outdir = './'
wf_collect = .TRUE.
tstress = .TRUE.
tprnfor = .TRUE.
verbosity = 'high'
/
&SYSTEM
ibrav = 0
nat = 511
ntyp = 2
ecutwfc = 60
tot_charge = -1
nspin = 2
tot_magnetization = 2
nbnd = 1056
/
&ELECTRONS
electron_maxstep = 600
conv_thr = 1.0d-9
mixing_mode = 'plain'
mixing_beta = 0.7
diagonalization = 'david'
diago_full_acc = .TRUE.
startingpot = 'atomic'
startingwfc = 'atomic+random'
/
ATOMIC_SPECIES
C  12.0107 C_ONCV_PBE-1.0.upf
N  14.0000 N_ONCV_PBE-1.0.upf
CELL_PARAMETERS angstrom
14.272 0.0 0.0
0.0 14.272 0.0
0.0 0.0 14.272
K_POINTS gamma
ATOMIC_POSITIONS crystal
C    0.000001876002    0.000003109854    0.000003880196
C   -0.000010872145    0.000003389868    0.250003602741
C   -0.000073055305   -0.000064244671    0.500006212484
C    0.000006890072   -0.000001161888    0.750002858969
C   -0.000032687743    0.249982743204    0.000006629900
C    0.000038599206    0.249999137847    0.250018809417
C   -0.000035020019    0.250067323409    0.500005411359
C   -0.000116280429    0.250006482023    0.749991024622
C   -0.000079210103    0.499990672553   -0.000005513866
C    0.000028616245    0.499998571466    0.250067100722
C    0.000058951054    0.500006078519    0.500007782382
C   -0.000016560629    0.500004186173    0.749952420330
C    0.000027245626    0.750015997125    0.000001918694
C   -0.000022692224    0.749993228164    0.250031036351
C    0.000051576298    0.749936751949    0.500010457523
C    0.000073743083    0.749986609658    0.749977102818
C    0.249972904852   -0.000029607009   -0.000004392012
C    0.249972298304    0.000053719770    0.249999108779
C    0.250040330052   -0.000037455253    0.500000132433
C    0.249995461077   -0.000129932621    0.749994661674
C    0.249918852360    0.249926340274    0.000089575781
C    0.250164647525    0.250169757534    0.250195701243
C    0.249676461982    0.249645122376    0.500315177139
C    0.249947960551    0.249921623563    0.750110043134
C    0.249961508295    0.499981094918    0.000016000737
C    0.249830944594    0.500111733932    0.249682386498
C    0.250774776032    0.499919723400    0.500036149841
C    0.249390234479    0.499702078440    0.750774807558
C    0.249990151825    0.750008725115   -0.000068469436
C    0.250034124656    0.750009109124    0.249935587599
C    0.250017733354    0.750047644142    0.499800679260
C    0.250248916801    0.749775356366    0.749816202530
C    0.499987741673   -0.000071620632   -0.000005213495
C    0.499991109529    0.000050874558    0.250040260323
C    0.500005077222    0.000046491902    0.500007824579
C    0.500007393310   -0.000044260076    0.749979868179
C    0.499978611982    0.249961562974    0.000041094742
C    0.500073521183    0.249824057599    0.249705562020
C    0.499921145656    0.250668398766    0.500070083223
C    0.499735115187    0.249288438669    0.750843854732
C    0.500006074006    0.500007630269    0.000001835393
C    0.500057618251    0.500090810466    0.249984180022
C    0.499941211551    0.499905131276    0.749958194997
C    0.500020531010    0.750041048365   -0.000054756813
C    0.499938054704    0.750575016293    0.249346737540
C    0.500078566827    0.749643747277    0.499889659292
C    0.500017894672    0.749990560004    0.750074647025
C    0.750022059042    0.000030278369    0.000012804258
C    0.749997686799    0.000000468486    0.250027590490
C    0.749958085642    0.000048931269    0.500015752467
C    0.750007720011    0.000052168170    0.749997116330
C    0.750009808846    0.249997550779   -0.000032074238
C    0.749970652190    0.250044946561    0.249972957162
C    0.750011217692    0.250002014947    0.499846379052
C    0.749795538187    0.250216717350    0.749853352980
C    0.750035069416    0.500023077449   -0.000029843837
C    0.750473781970    0.499949684896    0.249426020211
C    0.749572959894    0.500077746409    0.499922995697
C    0.749980935169    0.500009650116    0.750086114458
C    0.750052792359    0.750051779144   -0.000006842003
C    0.749921492502    0.749938786218    0.250119713953
C    0.750009038302    0.750029756060    0.500003856251
C    0.750048039243    0.750048688984    0.750057671772
C   -0.000006360338    0.124980006853    0.124993170436
C   -0.000001466274    0.125012054623    0.375005405578
C   -0.000104613219    0.125016346851    0.625000184970
C   -0.000033656306    0.124989997060    0.875006186281
C    0.000025511684    0.374982417906    0.125021874652
C    0.000035067105    0.375043572067    0.375046186256
C   -0.000030228619    0.375040465120    0.624972853288
C   -0.000117371659    0.374997952985    0.874996503027
C   -0.000031893347    0.625010395135    0.125037168104
C    0.000045513283    0.624969924599    0.375046916396
C    0.000074635654    0.624967056290    0.624963101774
C    0.000018194829    0.625013856912    0.874962283511
C   -0.000005211261    0.875013501408    0.125000334303
C   -0.000029417302    0.874969391330    0.375019592378
C    0.000039088989    0.874947800434    0.625003109466
C    0.000052055173    0.875019615289    0.875014779436
C    0.249978960893    0.125027548830    0.125073324564
C    0.250088696384    0.125097918870    0.375088673546
C    0.249918759789    0.124868734607    0.625074454076
C    0.249952914578    0.124907657811    0.875041503112
C    0.250020217565    0.375020512108    0.125030104909
C    0.250629746091    0.375357340184    0.375439933861
C    0.249939773423    0.374935388672    0.625302942740
C    0.249809569821    0.374894405584    0.875235916517
C    0.249943885962    0.625034337176    0.124889016947
C    0.250204642599    0.624943896539    0.374899910377
C    0.250710379964    0.624465874972    0.624626157326
C    0.250141677211    0.624954981855    0.874916536789
C    0.249974885138    0.875025796351    0.124957209179
C    0.249985037229    0.875038807990    0.374939003455
C    0.250234075870    0.874757792404    0.624934691512
C    0.250025965390    0.874916898952    0.874931765481
C    0.500004053297    0.124899627325    0.124921726137
C    0.500010480939    0.125187262651    0.375089548350
C    0.499945677762    0.125111950216    0.625005460245
C    0.499925315669    0.124710173944    0.875275200613
C    0.500023567559    0.375039935917    0.124976432066
C    0.500477100824    0.376085117415    0.375289530665
C    0.498220364054    0.375271883483    0.625223311835
C    0.499953858259    0.374993927835    0.875063100048
C    0.500026035840    0.625066993324    0.124898463793
C    0.499189090594    0.624830085345    0.374492487708
C    0.501534957620    0.624095264447    0.624505268619
C    0.500026158840    0.624969462106    0.875027889782
C    0.499969416195    0.875203119777    0.124814433957
C    0.500019185638    0.874949281321    0.375016930365
C    0.500051061477    0.874913245034    0.624932759115
C    0.500029820308    0.874981221009    0.874971106555
C    0.749999663613    0.125005300821    0.125007065766
C    0.749980432763    0.125035175266    0.374993746360
C    0.749859697752    0.125161080344    0.624958442605
C    0.749971797170    0.125065932368    0.874956455381
C    0.750092501155    0.374998936749    0.124877034751
C    0.750009779188    0.375099507356    0.374786884952
C    0.749185375664    0.375601295990    0.624790448198
C    0.749930095702    0.375038482182    0.874948508398
C    0.750024098606    0.625037112652    0.124944678371
C    0.749376687836    0.624906119222    0.375424925232
C    0.750113833016    0.625075305538    0.625112225618
C    0.750053957351    0.625046767658    0.875057192956
C    0.750007341714    0.875006702421    0.125046879757
C    0.749936509189    0.874948335612    0.375044292397
C    0.750024979869    0.875051944884    0.625036065142
C    0.750052003404    0.875048043309    0.875015568845
C    0.124966326247    0.000003435242    0.124986396369
C    0.124984123744    0.000010006688    0.374999557721
C    0.125004281444   -0.000108831293    0.624998975624
C    0.124987170613   -0.000039332293    0.875002064788
C    0.125016069473    0.249996472799    0.125079335697
C    0.125107334571    0.250106778350    0.375091538840
C    0.124894301446    0.249922816479    0.625065439736
C    0.124914167943    0.249957320066    0.875035111778
C    0.124884273851    0.500018265649    0.124914728055
C    0.125224651045    0.500024749674    0.375084204509
C    0.125185473032    0.499930320127    0.624967513709
C    0.124739798271    0.499917393458    0.875237044809
C    0.124986670813    0.750004292510    0.124988002808
C    0.125029785691    0.749988975835    0.374977465202
C    0.125194784831    0.749837138704    0.624929981262
C    0.125079370661    0.749955002455    0.874925662398
C    0.374968137184    0.000043364131    0.124997681572
C    0.375020952570    0.000041273215    0.375025539249
C    0.375028068184   -0.000050394125    0.624983767083
C    0.374990583229   -0.000128726667    0.875004662187
C    0.375002688724    0.250028350632    0.125033468264
C    0.375343954504    0.250566191818    0.375439129132
C    0.374971209884    0.249846451518    0.625333696098
C    0.374908649809    0.249784327225    0.875254065728
C    0.375028825779    0.500048811486    0.124962655154
C    0.376167788756    0.500574963529    0.375280656066
C    0.375488355447    0.498181693082    0.625104852337
C    0.375026433519    0.499927738081    0.875040967912
C    0.374988818741    0.750128689494    0.124830490055
C    0.375104183314    0.750094227770    0.374726242671
C    0.375626064908    0.749213025439    0.624752075082
C    0.375046668141    0.749917685078    0.874920279826
C    0.625012769448   -0.000009415659    0.125030725719
C    0.624978648851    0.000056498555    0.375036589460
C    0.624986260549    0.000049158837    0.624983895579
C    0.625023727813    0.000002525590    0.874985578868
C    0.625011015191    0.249955822255    0.124920464368
C    0.624902092433    0.250165670699    0.374936545351
C    0.624485487547    0.250610999856    0.624685781363
C    0.624976346766    0.250114900554    0.874960014336
C    0.625036480204    0.500040121725    0.124920204762
C    0.624657558489    0.499255310422    0.374604316928
C    0.624050373248    0.501524212345    0.624520569515
C    0.624982031741    0.500011398708    0.875041648713
C    0.625032628827    0.750045252982    0.124926403967
C    0.624887105143    0.749440492287    0.375404308181
C    0.625066911306    0.750148101474    0.625106824352
C    0.625048186738    0.750052773821    0.875054667852
C    0.875011772713    0.000004728041    0.125003834326
C    0.874971300718   -0.000011999096    0.375020127406
C    0.874966849729    0.000028749128    0.625009670992
C    0.875028832322    0.000045861469    0.875022313865
C    0.875008768114    0.249991902130    0.124988847815
C    0.875009699425    0.250008047244    0.374968012650
C    0.874759902703    0.250236560704    0.624951169729
C    0.874929966424    0.250028454061    0.874951183161
C    0.875165139909    0.499974483742    0.124857937814
C    0.874895167304    0.500020812132    0.375055813629
C    0.874894802404    0.500048761740    0.624936117009
C    0.874987295751    0.500030887876    0.874971865393
C    0.874994553168    0.750005774643    0.125051989649
C    0.874926358485    0.749929657441    0.375053544901
C    0.875052965690    0.750013421209    0.625032062646
C    0.875056577556    0.750043492613    0.875009349038
C    0.124955214788    0.124962095860    0.000019486400
C    0.125031992786    0.125049522619    0.250042026964
C    0.124831952793    0.124840705886    0.500067398928
C    0.124951710853    0.124951660827    0.750007916656
C    0.124900192067    0.374963945255    0.000067599974
C    0.125117562743    0.375038662549    0.250130021918
C    0.125191144550    0.375062189391    0.500089505680
C    0.124851610690    0.374948363518    0.750133915609
C    0.124984238943    0.625005922393   -0.000033796485
C    0.124998485934    0.624998148430    0.249969522115
C    0.125253755224    0.624891469094    0.499960137543
C    0.125121668374    0.624927235559    0.749892099942
C    0.124992342162    0.875001490375   -0.000025271807
C    0.124981165380    0.875000315744    0.249990111403
C    0.124982370068    0.875006831263    0.499954013922
C    0.125089652785    0.874901393845    0.749953657045
C    0.374955408231    0.124904032318    0.000074650917
C    0.375018169590    0.125111377937    0.250119400574
C    0.375056324667    0.125139335521    0.500100106632
C    0.374953461205    0.124807876513    0.750163268062
C    0.374964241038    0.374966246157    0.000043575317
C    0.375254920101    0.375269171981    0.250116060153
C    0.376133971787    0.376036964000    0.501505619080
C    0.374795952340    0.374726961867    0.750562749694
C    0.375001040481    0.625015031106   -0.000030414562
C    0.375069019128    0.625157179238    0.249681628874
C    0.376590146259    0.623618699593    0.498878532692
C    0.375526311459    0.624699863833    0.749544646489
C    0.374993613476    0.875005929176   -0.000069950300
C    0.374985673429    0.875128307734    0.249872621383
C    0.375131386321    0.874855048151    0.499931675795
C    0.375066667558    0.874836052048    0.749877607671
C    0.625009681990    0.124988479619   -0.000007021171
C    0.624983145462    0.125006210521    0.249978943866
C    0.624899026914    0.125202949985    0.499989143620
C    0.624951703723    0.125069041334    0.749936115955
C    0.625012875872    0.375003101006    0.000000895878
C    0.625086847374    0.375067978042    0.249729048732
C    0.623559763239    0.376496607598    0.498983383540
C    0.624719462214    0.375478592534    0.749582959475
C    0.625037472128    0.625039459742   -0.000024013112
C    0.624844055461    0.624884415680    0.249983158688
C    0.624124114229    0.624182518389    0.501542583741
C    0.625069708628    0.625073337395    0.750308703881
C    0.625036502600    0.875037468124   -0.000024762025
C    0.625019739228    0.874941466799    0.250135553192
C    0.624984120512    0.874967984668    0.500003853901
C    0.625036586161    0.875044789257    0.750025084229
C    0.875003716658    0.124998724312   -0.000009309329
C    0.874989643341    0.125005883765    0.250003038877
C    0.875004423943    0.124998459788    0.499967117671
C    0.874920451579    0.125081461533    0.749968893370
C    0.875000636374    0.375001566258   -0.000041934119
C    0.875081713239    0.374999954258    0.249920314690
C    0.874822312443    0.375138769990    0.499958583529
C    0.874841979073    0.375067881678    0.749882722398
C    0.875033000073    0.625033150208   -0.000019731288
C    0.874901162772    0.625014950246    0.250163572867
C    0.874936266571    0.624975327137    0.500016140033
C    0.875048358781    0.625030582106    0.750014669932
C    0.875041952901    0.875040384044    0.000033772605
C    0.874979971244    0.874986959657    0.250037827747
C    0.874980157588    0.874974839750    0.500035645308
C    0.875045555361    0.875030690432    0.750024097339
C    0.187465137862    0.062526173480    0.187510695561
C    0.187479732813    0.062487556713    0.437515367740
C    0.187459155931    0.062380781436    0.687515092473
C    0.187461248287    0.062447826652    0.937517049198
C    0.187567805446    0.312523546403    0.187601220998
C    0.187707386207    0.312550464819    0.437655037425
C    0.187371240534    0.312442491204    0.687617158049
C    0.187371207818    0.312428118099    0.937633416775
C    0.187325565720    0.562474134260    0.187283964055
C    0.187835787843    0.562431738880    0.437538783099
C    0.187679659328    0.562338909178    0.687527888329
C    0.187461832254    0.562469869371    0.937505378635
C    0.187482894716    0.812519432689    0.187460886093
C    0.187431190570    0.812602029647    0.437492907422
C    0.187667043400    0.812341980313    0.687430395232
C    0.187503867171    0.812482226138    0.937443230521
C    0.437471549793    0.062535876226    0.187522894982
C    0.437491809892    0.062590280756    0.437535695056
C    0.437494351004    0.062466888965    0.687530467617
C    0.437504841058    0.062302220578    0.937633656092
C    0.437508943257    0.312521632596    0.187467948964
C    0.437918417898    0.313509908404    0.438087682147
C    0.437726780014    0.311336352550    0.689055687853
C    0.437447033082    0.312407038306    0.937593220346
C    0.437569132729    0.562559762343    0.187344649365
C    0.438068010120    0.561596302374    0.686925372277
C    0.437477211568    0.562486676445    0.937532926876
C    0.437560096362    0.812896713157    0.187095808377
C    0.437545731641    0.812411164182    0.437397485673
C    0.437622598554    0.812271593633    0.687361963224
C    0.437518399989    0.812493687188    0.937435692118
C    0.687503394505    0.062493905686    0.187509838867
C    0.687460393251    0.062594162435    0.437534293609
C    0.687497004734    0.062557709821    0.687514222452
C    0.687517344304    0.062519839604    0.937487812847
C    0.687532306918    0.312515404751    0.187335128393
C    0.687792832088    0.312357016433    0.437546518649
C    0.687100214245    0.312815083040    0.687289080788
C    0.687503766259    0.312497099737    0.937495737801
C    0.687606959757    0.562569997864    0.187337907631
C    0.686515754769    0.561847044456    0.437977618855
C    0.687746471294    0.562764693547    0.687947829225
C    0.687539549827    0.562526253593    0.937518063568
C    0.687503615480    0.812501600316    0.187542236842
C    0.687428337340    0.812392056078    0.437536504663
C    0.687592327497    0.812627067778    0.687599071138
C    0.687573624810    0.812574102285    0.937522478582
C    0.937493107597    0.062494235651    0.187495478762
C    0.937497219303    0.062470933179    0.437519771578
C    0.937450951138    0.062527893991    0.687507334382
C    0.937509236372    0.062510944657    0.937515042326
C    0.937553402296    0.312474494356    0.187482576938
C    0.937450925572    0.312546613587    0.437495922339
C    0.937391932029    0.312563564475    0.687452738213
C    0.937444946509    0.312495464377    0.937476091491
C    0.937494712907    0.562488589135    0.187553160891
C    0.937495079341    0.562492913933    0.437511015274
C    0.937502509397    0.562517651537    0.687467332408
C    0.937498555749    0.562531657769    0.937470745592
C    0.937495340611    0.812510875186    0.187520977972
C    0.937482368377    0.812451645966    0.437541722091
C    0.937562263686    0.812518198568    0.687537832385
C    0.937551542161    0.812547746408    0.937529355225
C    0.062473928224    0.062482929036    0.062496394463
C    0.062498900521    0.062519593536    0.312501126032
C    0.062371475496    0.062379120915    0.562488555070
C    0.062480331836    0.062478260204    0.812513660481
C    0.062478080526    0.312467606156    0.062553330237
C    0.062552477817    0.312504639763    0.312536572203
C    0.062522011474    0.312516204008    0.562506757562
C    0.062363111031    0.312476386870    0.812535384150
C    0.062406796823    0.562491952938    0.062451331065
C    0.062586691804    0.562473333854    0.312544414068
C    0.062638312459    0.562466260137    0.562495162784
C    0.062484129041    0.562492210904    0.812504207823
C    0.062499650473    0.812517552472    0.062493635417
C    0.062481312992    0.812491283714    0.312506494593
C    0.062576204222    0.812437063773    0.562499761194
C    0.062567080479    0.812482978071    0.812486413250
C    0.312453190368    0.062489211794    0.062543961298
C    0.312479918489    0.062554690648    0.312522542548
C    0.312498735555    0.062493374139    0.562515507838
C    0.312468281409    0.062342127534    0.812549755771
C    0.312440638309    0.312451795328    0.062534750735
C    0.312775549865    0.312766133828    0.312751386063
C    0.311982502300    0.311914174483    0.562559482101
C    0.312375990738    0.312345800343    0.812870704075
C    0.312468403948    0.562505781803    0.062459141811
C    0.312220731376    0.562376560246    0.311810278727
C    0.313637440784    0.561650177278    0.562165841160
C    0.312574675465    0.562304301853    0.812460907473
C    0.312472024479    0.812552236104    0.062392912626
C    0.312510983167    0.812621492903    0.312390447734
C    0.312803998474    0.812146375915    0.562328777105
C    0.312564189157    0.812381239750    0.812400961050
C    0.562489360338    0.062421319077    0.062459151465
C    0.562468124808    0.062585328164    0.312537162207
C    0.562477482849    0.062591839957    0.562519065537
C    0.562501874653    0.062450708473    0.812540857930
C    0.562491914975    0.312478102426    0.062486024036
C    0.562331150499    0.312194522611    0.311849373051
C    0.561669838279    0.313488642420    0.562258947348
C    0.562329810416    0.312521732723    0.812503327819
C    0.562543080863    0.562556321374    0.062440801960
C    0.562423417454    0.562497015615    0.312350532988
C    0.562462830200    0.562444141346    0.812645789846
C    0.562535347466    0.812600081299    0.062419822456
C    0.562429458538    0.812381470074    0.312558053795
C    0.562513557783    0.812455536119    0.562433677205
C    0.562575584962    0.812539936547    0.812549065030
C    0.812517101777    0.062510494778    0.062506545190
C    0.812489717441    0.062500995508    0.312512282306
C    0.812457847231    0.062567426801    0.562512320677
C    0.812499829710    0.062556787524    0.812504775700
C    0.812537372070    0.312485250941    0.062432611129
C    0.812566158313    0.312524118868    0.312434100344
C    0.812121116114    0.312797934183    0.562360161559
C    0.812397175554    0.312555895705    0.812424078893
C    0.812584689915    0.562538276852    0.062443623278
C    0.812315585657    0.562434998465    0.312602090449
C    0.812409539522    0.562511494971    0.562449490667
C    0.812540147914    0.562572616303    0.812549525654
C    0.812537996792    0.812539689315    0.062536177017
C    0.812467585367    0.812475278734    0.312535824493
C    0.812533698641    0.812533740475    0.562575946909
C    0.812576948489    0.812569346013    0.812552621333
C    0.062509439026    0.187486485265    0.187518891308
C    0.062484824408    0.187504802288    0.437518648265
C    0.062392886158    0.187469635908    0.687511177548
C    0.062448100347    0.187468438910    0.937518581016
C    0.062522757828    0.437486394880    0.187539503363
C    0.062619220324    0.437505405223    0.437536918338
C    0.062513936155    0.437496012828    0.687500695956
C    0.062310559661    0.437509556790    0.937617938966
C    0.062474323020    0.687505904284    0.187506021859
C    0.062606555056    0.687449293907    0.437525463558
C    0.062593256525    0.687473173838    0.687484788665
C    0.062524405250    0.687509556550    0.937462517954
C    0.062477508054    0.937504098608    0.187489748038
C    0.062449230913    0.937502385997    0.437516121184
C    0.062530434268    0.937436123151    0.687502753369
C    0.062508434946    0.937506157844    0.937508674294
C    0.312507889678    0.187572594608    0.187597460538
C    0.312547297163    0.187661895515    0.437658379091
C    0.312455326202    0.187318077920    0.687633725648
C    0.312423763369    0.187367558554    0.937642623088
C    0.312513659016    0.437533524486    0.187457952837
C    0.313628865745    0.437941045773    0.438092205270
C    0.311488527624    0.437672521881    0.688976754624
C    0.312419136293    0.437440835843    0.937574970742
C    0.312504955579    0.687573704566    0.187290608213
C    0.312388750915    0.687862467515    0.437499106395
C    0.312868955298    0.687093788174    0.687244539631
C    0.312501610576    0.687494473226    0.937457882070
C    0.312453909519    0.937581400165    0.187449156691
C    0.312521079604    0.937469092282    0.437475829112
C    0.312552059621    0.937379097156    0.687453667259
C    0.312485657627    0.937439654096    0.937462389482
C    0.562454947166    0.187335926293    0.187304647334
C    0.562419163647    0.187770030868    0.437569614497
C    0.562361337270    0.187592077218    0.687582612734
C    0.562476006018    0.187449949295    0.937541267811
C    0.562519435852    0.437587319770    0.187366500223
C    0.561611149702    0.437995638154    0.686956691076
C    0.562496061849    0.437467389438    0.937550713705
C    0.562549218433    0.687654744902    0.187310018930
C    0.561821555360    0.686604827140    0.437933353661
C    0.562769218173    0.687772300110    0.687940009627
C    0.562529661730    0.687536143061    0.937506975797
C    0.562488343330    0.937526030373    0.187523351700
C    0.562498378192    0.937518913150    0.437493012617
C    0.562524342722    0.937493187731    0.687483389560
C    0.562532618184    0.937495025624    0.937476836534
C    0.812498571740    0.187504095292    0.187489247309
C    0.812579332460    0.187442706005    0.437514506719
C    0.812361804206    0.187648344311    0.687454457483
C    0.812490712951    0.187506967456    0.937470484353
C    0.812832265916    0.437565700623    0.187159705964
C    0.812342454810    0.437547710273    0.437439180010
C    0.812257315324    0.437614984442    0.687376042113
C    0.812498137853    0.437520881040    0.937457953395
C    0.812479573921    0.687506942047    0.187556616190
C    0.812354811882    0.687431732242    0.437551147152
C    0.812617942494    0.687589971381    0.687596925975
C    0.812576589858    0.687570082305    0.937522459603
C    0.812510675384    0.937507841414    0.187519460207
C    0.812465989957    0.937489679096    0.437539045239
C    0.812536942215    0.937549910404    0.687545443688
C    0.812552984897    0.937549622686    0.937535265024
C    0.187450078308    0.187463058577    0.062567509375
C    0.187580244283    0.187588505110    0.312570384419
C    0.187213703115    0.187203056895    0.562508872750
C    0.187433375981    0.187426915014    0.812553818218
C    0.187426910103    0.437474863504    0.062508932969
C    0.187743318832    0.437544238404    0.312615444911
C    0.187743132155    0.437470395666    0.562565818632
C    0.187033973990    0.437519611675    0.813012739384
C    0.187459730668    0.687519501429    0.062431662920
C    0.187549713703    0.687487978105    0.312468683342
C    0.187824078069    0.687303650885    0.562440538560
C    0.187629621727    0.687415500014    0.812399729064
C    0.187468237671    0.937502388367    0.062473081651
C    0.187463233200    0.937536676038    0.312475101739
C    0.187576448266    0.937385394651    0.562464590981
C    0.187507733127    0.937418956075    0.812481810609
C    0.437463157290    0.187435534291    0.062519955135
C    0.437523727856    0.187707885330    0.312619048541
C    0.437482819213    0.187653647540    0.562593759050
C    0.437535005845    0.186977648537    0.813057878988
C    0.437477675646    0.437490252759    0.062481094260
C    0.437762969240    0.437784177784    0.312552764083
C    0.437415999012    0.437374798774    0.812701534260
C    0.437508196450    0.687570227301    0.062407074276
C    0.437885063926    0.688543672949    0.311305665623
C    0.438426125319    0.686359370367    0.561710943371
C    0.437551137134    0.687376626550    0.812434777046
C    0.437506644839    0.937577785239    0.062413030182
C    0.437488994298    0.937538430535    0.312479829376
C    0.437523536596    0.937457664959    0.562466641383
C    0.437530280105    0.937405310451    0.812447502653
C    0.687513471479    0.187472792679    0.062462485654
C    0.687461491085    0.187544797977    0.312494444727
C    0.687310143465    0.187766205059    0.562484097612
C    0.687436279284    0.187596263274    0.812441201385
C    0.687551674324    0.437518743637    0.062440895846
C    0.688402723443    0.437875051300    0.311410302640
C    0.686298959773    0.438403350598    0.561751553821
C    0.687387387440    0.437528146231    0.812458685482
C    0.687578356641    0.687584270100    0.062440946329
C    0.687306480778    0.687344400542    0.312603162576
C    0.687759127884    0.687791760176    0.562760592692
C    0.687604815651    0.687604763277    0.812675851126
C    0.687528683457    0.937521639993    0.062516802146
C    0.687495551390    0.937517358758    0.312535679602
C    0.687498989132    0.937534776058    0.562515752107
C    0.687557958329    0.937547264062    0.812529595575
C    0.937492718472    0.187481231917    0.062490492587
C    0.937517598442    0.187492496135    0.312491864169
C    0.937388991110    0.187595475119    0.562470815496
C    0.937433977789    0.187512630225    0.812490364060
C    0.937558951346    0.437514835076    0.062441471741
C    0.937502599019    0.437502678371    0.312517402496
C    0.937451130067    0.437531899850    0.562470353210
C    0.937420315319    0.437535433313    0.812436963108
C    0.937511033904    0.687525639825    0.062518586803
C    0.937492512704    0.687485380039    0.312551565986
C    0.937533164956    0.687479632664    0.562512300041
C    0.937559567495    0.687546843966    0.812513409779
C    0.937519518765    0.937522758967    0.062514040282
C    0.937482806642    0.937491678219    0.312517573889
C    0.937475705379    0.937466262459    0.562524759630
C    0.937542529153    0.937534910556    0.812536907722
C    0.567611047053    0.433871613825    0.431142334302
C    0.431756965776    0.431503897695    0.570405675685
C    0.433950543263    0.567823052237    0.430981694627
N    0.566270106115    0.566317510485    0.566763117885
