&control
    calculation = 'scf',
    prefix='pwscf',
    pseudo_dir='/home/jinyuchem/program/QE/pseudo-potential',
    outdir = './',
    verbosity='high',
    tprnfor=.TRUE.,
    wf_collect=.TRUE.
    max_seconds = 84000
!    restart_mode = 'restart'
/
&system
    ibrav=0,
    nat = 215
    ntyp=2,
    ecutwfc = 60,
    nbnd = 1064,
    input_dft = 'PBE0'
    exx_fraction = 0.36
    ecutfock = 120
/
&electrons
    diago_full_acc=.true.,
    conv_thr=1.0D-7
    electron_maxstep=300
    mixing_mode = 'plain'
    mixing_beta = 0.3
    diagonalization = 'david'
/
ATOMIC_SPECIES
Mg  24.305  Mg_ONCV_PBE-1.0.upf
O   15.999  O_ONCV_PBE-1.0.upf
K_POINTS gamma
CELL_PARAMETERS {angstrom}
        12.570000000       0.0000000000        0.0000000000
        0.0000000000       12.570000000        0.0000000000
        0.0000000000       0.0000000000        12.570000000
ATOMIC_POSITIONS {crystal}
Mg    0.000000000000    0.000000000000    0.000000000000
Mg    0.000000000000    0.000000000000    0.333127889371
Mg    0.000000000000    0.000000000000    0.666872110629
Mg    0.000000000000    0.333127889371    0.000000000000
Mg    0.000000000000    0.333123892536    0.333123892536
Mg    0.000000000000    0.333123892536    0.666876207997
Mg    0.000000000000    0.666872110629    0.000000000000
Mg    0.000000000000    0.666876207997    0.333123892536
Mg    0.000000000000    0.666876207997    0.666876208082
Mg    0.333127889371    0.000000000000    0.000000000000
Mg    0.333123892536    0.000000000000    0.333123892536
Mg    0.333123892536    0.000000000000    0.666876207997
Mg    0.333123892536    0.333123892536    0.000000000000
Mg    0.333144450169    0.333144450383    0.333144450169
Mg    0.333144450298    0.333144450298    0.666855549281
Mg    0.333123892536    0.666876207997    0.000000000000
Mg    0.333144450298    0.666855549814    0.333144450298
Mg    0.333144449962    0.666855549702    0.666855549702
Mg    0.666872110629    0.000000000000    0.000000000000
Mg    0.666876207997    0.000000000000    0.333123892536
Mg    0.666876208082    0.000000000000    0.666876208082
Mg    0.666876207997    0.333123892536    0.000000000000
Mg    0.666855549831    0.333144450298    0.333144450298
Mg    0.666855549617    0.333144449962    0.666855549617
Mg    0.666876208082    0.666876208082    0.000000000000
Mg    0.666855549702    0.666855549702    0.333144449658
Mg    0.666855550033    0.666855550033    0.666855550033
Mg    0.000000000000    0.166509343950    0.166509343950
Mg    0.000000000000    0.166419644505    0.500000000000
Mg    0.000000000000    0.166509343950    0.833490656050
Mg    0.000000000000    0.500000000000    0.166419644505
Mg    0.000000000000    0.500000000000    0.500000000000
Mg    0.000000000000    0.500000000000    0.833580355495
Mg    0.000000000000    0.833490656050    0.166509343950
Mg    0.000000000000    0.833580355495    0.500000000000
Mg    0.000000000000    0.833490656050    0.833490656050
Mg    0.333038302258    0.166475886690    0.166475886690
Mg    0.332563687132    0.165687611303    0.500000000000
Mg    0.333038302258    0.166475886605    0.833524213395
Mg    0.332563687132    0.500000000000    0.165687611303
Mg    0.326072555175    0.499999999597    0.499999999462
Mg    0.332563687114    0.500000000000    0.834312388696
Mg    0.333038302258    0.833524213395    0.166475886605
Mg    0.332563687132    0.834312388696    0.500000000000
Mg    0.333038302258    0.833524213395    0.833524213395
Mg    0.666961697742    0.166475886605    0.166475886605
Mg    0.667436312335    0.165687611304    0.500000000000
Mg    0.666961697742    0.166475886605    0.833524213395
Mg    0.667436312868    0.500000000000    0.165687611304
Mg    0.673927544220    0.499999999996    0.499999999462
Mg    0.667436312868    0.500000000000    0.834312389234
Mg    0.666961697742    0.833524213395    0.166475886605
Mg    0.667436312868    0.834312388701    0.500000000000
Mg    0.666961697742    0.833524213395    0.833524213395
Mg    0.166509343950    0.000000000000    0.166509343950
Mg    0.166419644505    0.000000000000    0.500000000000
Mg    0.166509343950    0.000000000000    0.833490656050
Mg    0.166475886690    0.333038302258    0.166475886690
Mg    0.165687611303    0.332563687132    0.500000000000
Mg    0.166475886605    0.333038302258    0.833524213395
Mg    0.166475886605    0.666961697742    0.166475886605
Mg    0.165687611304    0.667436312868    0.500000000000
Mg    0.166475886605    0.666961697742    0.833524213395
Mg    0.500000000000    0.000000000000    0.166419644505
Mg    0.500000000000    0.000000000000    0.500000000000
Mg    0.500000000000    0.000000000000    0.833580355495
Mg    0.500000000000    0.332563687132    0.165687611303
Mg    0.499999999601    0.326072555175    0.499999999462
Mg    0.500000000000    0.332563687114    0.834312388696
Mg    0.500000000000    0.667436312868    0.165687611304
Mg    0.499999999445    0.673927544216    0.499999999445
Mg    0.500000000000    0.667436312868    0.834312388701
Mg    0.833490656050    0.000000000000    0.166509343950
Mg    0.833580355495    0.000000000000    0.500000000000
Mg    0.833490656050    0.000000000000    0.833490656050
Mg    0.833524213395    0.333038302258    0.166475886605
Mg    0.834312388696    0.332563687114    0.500000000000
Mg    0.833524213395    0.333038302258    0.833524213395
Mg    0.833524213395    0.666961697742    0.166475886605
Mg    0.834312389234    0.667436312868    0.500000000000
Mg    0.833524213395    0.666961697742    0.833524213395
Mg    0.166509343950    0.166509343950    0.000000000000
Mg    0.166475886690    0.166475886690    0.333038302258
Mg    0.166475886605    0.166475886605    0.666961697742
Mg    0.166419644505    0.500000000000    0.000000000000
Mg    0.165687611303    0.500000000000    0.332563687132
Mg    0.165687611304    0.500000000000    0.667436312335
Mg    0.166509343950    0.833490656050    0.000000000000
Mg    0.166475886605    0.833524213395    0.333038302258
Mg    0.166475886605    0.833524213395    0.666961697742
Mg    0.500000000000    0.166419644505    0.000000000000
Mg    0.500000000000    0.165687611303    0.332563687132
Mg    0.500000000000    0.165687611304    0.667436312335
Mg    0.500000000000    0.500000000000    0.000000000000
Mg    0.499999999382    0.499999999378    0.326072555157
Mg    0.500000000197    0.499999999978    0.673927544749
Mg    0.500000000000    0.833580355495    0.000000000000
Mg    0.500000000000    0.834312388696    0.332563687132
Mg    0.500000000000    0.834312389234    0.667436312868
Mg    0.833490656050    0.166509343950    0.000000000000
Mg    0.833524213395    0.166475886605    0.333038302258
Mg    0.833524213395    0.166475886605    0.666961697742
Mg    0.833580355495    0.500000000000    0.000000000000
Mg    0.834312388696    0.500000000000    0.332563687132
Mg    0.834312388701    0.500000000000    0.667436312868
Mg    0.833490656050    0.833490656050    0.000000000000
Mg    0.833524213395    0.833524213395    0.333038302258
Mg    0.833524213395    0.833524213395    0.666961697209
O    0.000000000000    0.166706655892    0.000000000000
O    0.000000000000    0.166747200387    0.333429382263
O    0.000000000000    0.166747200387    0.666570617737
O    0.000000000000    0.500000000000    0.000000000000
O   -0.000000000000    0.500000000000    0.333289540490
O   -0.000000000000    0.500000000000    0.666710459492
O    0.000000000000    0.833293344108    0.000000000000
O    0.000000000000    0.833252900034    0.333429382263
O    0.000000000000    0.833252900038    0.666570617203
O    0.333429382263    0.166747200387    0.000000000000
O    0.333604508776    0.166995195725    0.333604508776
O    0.333604508776    0.166995195506    0.666395491224
O    0.333289540490    0.500000000000   -0.000000000000
O    0.334820783475    0.500000000421    0.334820783475
O    0.334820782937    0.500000000421    0.665179316762
O    0.333429382263    0.833252900034    0.000000000000
O    0.333604508557    0.833004803876    0.333604508557
O    0.333604508557    0.833004803871    0.666395491443
O    0.666570617737    0.166747200387    0.000000000000
O    0.666395491224    0.166995195506    0.333604508776
O    0.666395491224    0.166995196124    0.666395491224
O    0.666710459492    0.500000000000   -0.000000000000
O    0.665179316762    0.500000000421    0.334820782937
O    0.665179317300    0.500000000421    0.665179317300
O    0.666570617203    0.833252900034    0.000000000000
O    0.666395491443    0.833004803871    0.333604508557
O    0.666395491443    0.833004803871    0.666395491443
O    0.000000000000    0.000000000000    0.166706655892
O    0.000000000000    0.000000000000    0.500000000000
O    0.000000000000    0.000000000000    0.833293344108
O    0.000000000000    0.333429382263    0.166747200387
O   -0.000000000000    0.333289540490    0.500000000000
O    0.000000000000    0.333429382263    0.833252900034
O    0.000000000000    0.666570617737    0.166747200387
O   -0.000000000000    0.666710458959    0.500000000000
O    0.000000000000    0.666570617203    0.833252900034
O    0.333429382263    0.000000000000    0.166747200387
O    0.333289540490   -0.000000000000    0.500000000000
O    0.333429382263    0.000000000000    0.833252900034
O    0.333604508776    0.333604508776    0.166995195725
O    0.334820783475    0.334820783475    0.500000000421
O    0.333604508557    0.333604508557    0.833004803876
O    0.333604508776    0.666395491224    0.166995195506
O    0.334820782937    0.665179316762    0.500000000421
O    0.333604508557    0.666395491443    0.833004803871
O    0.666570617203    0.000000000000    0.166747200387
O    0.666710458959   -0.000000000000    0.500000000000
O    0.666570617203    0.000000000000    0.833252900034
O    0.666395491224    0.333604508776    0.166995195506
O    0.665179316767    0.334820782937    0.500000000421
O    0.666395491443    0.333604508557    0.833004803871
O    0.666395491224    0.666395491224    0.166995196039
O    0.665179317300    0.665179317295    0.500000000421
O    0.666395491443    0.666395491443    0.833004803854
O    0.166741132976    0.166741132976    0.166741132976
O    0.166944284174    0.166944284174    0.500000000000
O    0.166741132976    0.166741132976    0.833258867024
O    0.166944284174    0.500000000000    0.166944284174
O    0.165759450111    0.500000000000    0.500000000000
O    0.166944284488    0.500000000000    0.833055715826
O    0.166741132976    0.833258867024    0.166741132976
O    0.166944284488    0.833055715826    0.500000000000
O    0.166741132976    0.833258867024    0.833258867024
O    0.500000000000    0.166944284174    0.166944284174
O    0.500000000000    0.165759450111    0.500000000000
O    0.500000000000    0.166944283955    0.833055715826
O    0.500000000000    0.500000000000    0.165759450111
O    0.500000000000    0.500000000000    0.834240549553
O    0.500000000000    0.833055715826    0.166944283955
O    0.500000000000    0.834240549553    0.500000000000
O    0.500000000000    0.833055715512    0.833055715512
O    0.833258867024    0.166741132976    0.166741132976
O    0.833055715826    0.166944284488    0.500000000000
O    0.833258867024    0.166741132976    0.833258867024
O    0.833055715826    0.500000000000    0.166944283955
O    0.834240549553    0.500000000000    0.500000000000
O    0.833055715512    0.500000000000    0.833055715512
O    0.833258867024    0.833258867024    0.166741132976
O    0.833055715512    0.833055715512    0.500000000000
O    0.833258867024    0.833258867024    0.833258867024
O    0.166706655892    0.000000000000    0.000000000000
O    0.166747200387    0.000000000000    0.333429382483
O    0.166747200387    0.000000000000    0.666570617737
O    0.166747200387    0.333429382263    0.000000000000
O    0.166995195725    0.333604508776    0.333604508776
O    0.166995195506    0.333604508776    0.666395491224
O    0.166747200387    0.666570617203    0.000000000000
O    0.166995195506    0.666395491224    0.333604508776
O    0.166995196039    0.666395491224    0.666395491224
O    0.500000000000    0.000000000000    0.000000000000
O    0.500000000000   -0.000000000000    0.333289540490
O    0.500000000000   -0.000000000000    0.666710458959
O    0.500000000000    0.333289540490   -0.000000000000
O    0.500000000421    0.334820783475    0.334820783475
O    0.500000000640    0.334820782937    0.665179316767
O    0.500000000000    0.666710459492   -0.000000000000
O    0.500000000421    0.665179316762    0.334820782937
O    0.500000000421    0.665179317300    0.665179317300
O    0.833293344108    0.000000000000    0.000000000000
O    0.833252900034    0.000000000000    0.333429382263
O    0.833252900034    0.000000000000    0.666570617203
O    0.833252900034    0.333429382263    0.000000000000
O    0.833004803876    0.333604508557    0.333604508557
O    0.833004803871    0.333604508557    0.666395491443
O    0.833252900034    0.666570617203    0.000000000000
O    0.833004803871    0.666395491443    0.333604508557
O    0.833004803871    0.666395491443    0.666395491443
