&CONTROL
calculation = 'scf'
restart_mode = 'from_scratch'
verbosity = 'high'
wf_collect = .true.
pseudo_dir='./'
tprnfor = .true.
forc_conv_thr=0.00039
nstep = 100
/
&SYSTEM
ibrav = 0
ecutwfc = 60
tot_charge = -1
nspin = 2
tot_magnetization = 2.0
nbnd = 864
nat = 215
ntyp = 2
input_dft = 'PBE0'
exx_fraction = 0.18
ecutfock = 120
/
&ELECTRONS
conv_thr = 1D-8
diago_full_acc=.true.
mixing_beta = 0.3
/
&IONS
ion_dynamics='bfgs'
ion_positions='default'
/
K_POINTS gamma
CELL_PARAMETERS angstrom
10.65000  0.000000  0.000000
0.000000  10.65000  0.000000
0.000000  0.000000  10.65000
ATOMIC_SPECIES
C  12.01099968  C_ONCV_PBE-1.0.upf
N  14.00699997  N_ONCV_PBE-1.0.upf
ATOMIC_POSITIONS crystal
C   -0.000005232887    0.000091020927   -0.000013543203
C    0.083274860583    0.083393289246    0.083343327936
C   -0.000138523717    0.166755299142    0.166752877797
C    0.082997713091    0.250099856391    0.250137554860
C    0.166669067896   -0.000017297985    0.166716478097
C    0.249949873088    0.083207181973    0.250037404453
C    0.166585616065    0.166745607284   -0.000090085808
C    0.249886366359    0.249969632600    0.083214910972
C   -0.000054977808    0.000065889362    0.333474384342
C    0.083057856073    0.083585649001    0.416758015178
C   -0.000528207545    0.167271058333    0.500199464609
C    0.083181161324    0.250197038022    0.583503064028
C    0.166915022417    0.000243419451    0.500125513189
C    0.250058041001    0.083341862215    0.583326892890
C    0.166424561147    0.166654992829    0.333362583013
C    0.249738791977    0.249803723165    0.416616731804
C   -0.000046971849    0.000057527520    0.666680179182
C    0.083231396968    0.083451996777    0.750001463993
C   -0.000135198795    0.166940799033    0.833186967990
C    0.083220140789    0.250154687717    0.916561696851
C    0.166662463038    0.000093896213    0.833314723255
C    0.250021972874    0.083394200599    0.916616100344
C    0.166661876430    0.166702385236    0.666565386906
C    0.250013071125    0.250076571088    0.749926715698
C   -0.000147581917    0.333449763915   -0.000024126187
C    0.083105383378    0.416625808411    0.083428212018
C   -0.000295504125    0.500047226365    0.166949444968
C    0.083895648940    0.583323408413    0.249530695279
C    0.166402216112    0.333291792356    0.166670427285
C    0.249741391798    0.416470547367    0.249874677155
C    0.166891086361    0.500111931928    0.000221046713
C    0.250014747515    0.583251983592    0.083340051838
C   -0.000464848407    0.333653204200    0.333680188460
C    0.082971791690    0.416938809376    0.417035936584
C   -0.000346598171    0.500391414494    0.500293131581
C    0.083192914468    0.583444559289    0.583482555064
C    0.166477530812    0.333296928005    0.500012280896
C    0.249890737576    0.416652284871    0.583300445395
C    0.166627789244    0.499878344736    0.333309156596
C    0.249991758762    0.583208767548    0.416713724194
C   -0.000086508173    0.333764649666    0.666321352343
C    0.083218546993    0.416967073643    0.750061846914
C    0.000876972089    0.500699660055    0.834211508896
C    0.083882862790    0.583263792516    0.917226388220
C    0.166653022655    0.333444284395    0.833174576738
C    0.250101029237    0.416625678046    0.916452946346
C    0.166656216937    0.500062328243    0.666671702146
C    0.250115088520    0.583326262907    0.749958034731
C    0.000190295668    0.666715418871    0.000215820869
C    0.083471975493    0.750045663232    0.083415456043
C    0.000126787256    0.833380393906    0.166715226128
C    0.083377718796    0.916675388063    0.250142654361
C    0.167019519510    0.666567244182    0.166505935713
C    0.250192554533    0.749932190098    0.250088801503
C    0.166726296160    0.833373900961    0.000047115129
C    0.250080136167    0.916649997628    0.083402671216
C    0.001253012312    0.666270502464    0.332257580396
C    0.083733414480    0.749982177061    0.416655823306
C    0.001171597384    0.834069354282    0.500401572230
C    0.083902530765    0.917128406881    0.583348344107
C    0.166816389547    0.666608642370    0.500125418544
C    0.250225423986    0.749897056581    0.583420001565
C    0.166933201077    0.833275238348    0.333395866146
C    0.250279977010    0.916485059661    0.416730353134
C    0.000178842857    0.666603256278    0.667011307644
C    0.083481910494    0.749925877447    0.749989277500
C    0.000058737455    0.833249715066    0.833383476883
C    0.083331264525    0.916731247026    0.916675034553
C    0.166895140416    0.666724641885    0.833514501621
C    0.250093372011    0.750047919129    0.916808782022
C    0.166952011715    0.833456739454    0.666809451909
C    0.250145070259    0.916778926343    0.750088554803
C    0.333379014643   -0.000018506575   -0.000009127893
C    0.416713016151    0.083199987461    0.083268924926
C    0.333222449902    0.166512847371    0.166566798121
C    0.416497817099    0.249677807087    0.249828081536
C    0.500078670303   -0.000281655548    0.166801157305
C    0.583330060916    0.082901358070    0.250077981766
C    0.500038280381    0.166647836230   -0.000253859274
C    0.583275685195    0.249803943193    0.083054700171
C    0.333468465598   -0.000280135742    0.333406476057
C    0.416767605617    0.082894042952    0.416681566344
C    0.333178093019    0.166325668988    0.499941365139
C    0.416281234424    0.249569971850    0.583046492899
C    0.500325323501   -0.000453725088    0.500160127049
C    0.583552661086    0.083214381489    0.583334376738
C    0.499856742755    0.166170088998    0.333181823697
C    0.582947743722    0.249421874174    0.416297891771
C    0.333423001467    0.000114351027    0.666673987107
C    0.416896211175    0.083478026308    0.749938335422
C    0.333411481039    0.166754127126    0.833181178762
C    0.416813076174    0.250096104719    0.916333112943
C    0.500151283309    0.000065015908    0.833276701371
C    0.583417540148    0.083584412689    0.916403059227
C    0.500218580735    0.166913415291    0.666426488294
C    0.583739578401    0.251301886133    0.748946945294
C    0.333326918238    0.333292619681   -0.000271189671
C    0.416552035802    0.416475810399    0.083063356008
C    0.332974772576    0.499822583139    0.166317767788
C    0.415998474538    0.582954693075    0.249338170680
C    0.499741539115    0.332940820596    0.166205598327
C    0.582777894073    0.416154301922    0.249215395912
C    0.499987026388    0.499882408937   -0.000042018387
C    0.583370329816    0.583203708344    0.083324019184
C    0.332862183403    0.332939690486    0.333064540350
C    0.415873025280    0.416155407197    0.416131446957
C    0.333190207427    0.499775458776    0.499902099667
C    0.416910000522    0.583100225838    0.583310346976
C    0.498846469398    0.332344300723    0.499560165780
C    0.583578359876    0.417548039860    0.579332093661
C    0.498393240944    0.499487355994    0.331738508666
C    0.582835881159    0.579304829218    0.416204516518
C    0.333396551586    0.333291109824    0.666450984580
C    0.417466507039    0.416777466315    0.749163811890
C    0.333609763681    0.500050753779    0.833037992361
C    0.416203894850    0.583324246817    0.917249405141
C    0.500353546521    0.333652196868    0.832862242850
C    0.583688741775    0.416935912907    0.916319400641
C    0.501242896590    0.500703489487    0.665398255992
C    0.583552371397    0.583959891255    0.750513502195
C    0.333162893158    0.666567958495    0.000342440046
C    0.416766299467    0.749930094365    0.083529559468
C    0.333487362633    0.833204211905    0.166834744393
C    0.416914912948    0.916297498223    0.250235730735
C    0.500017109894    0.666356349242    0.166798218454
C    0.583594711521    0.749008684181    0.250877092745
C    0.500071633525    0.833280079253    0.000262967986
C    0.583386378245    0.916484626635    0.083606232582
C    0.333444968686    0.666362483047    0.333340474309
C    0.417551622804    0.749015692185    0.416931830838
C    0.333803827164    0.832897956298    0.500179607182
C    0.416758932453    0.916576005730    0.583516251256
C    0.501262818345    0.664848168833    0.500611752392
C    0.584934053309    0.747812179812    0.584385116700
C    0.500436008177    0.832655183630    0.333760690944
C    0.583938980140    0.915639645613    0.417276338305
C    0.333480506306    0.666594584554    0.666728025207
C    0.416632085383    0.749863061067    0.750295378090
C    0.333375435500    0.833379885376    0.833451967357
C    0.416822874529    0.916675951449    0.916722743529
C    0.498943024636    0.666270519434    0.834607032716
C    0.583316370942    0.749979795610    0.917096150723
C    0.499722758652    0.833333810894    0.666733632005
C    0.583558836373    0.916545916318    0.750170961459
C    0.666799389977    0.000239612208    0.000241004132
C    0.750002639610    0.083340104986    0.083373844261
C    0.666608687798    0.166321690527    0.166506606184
C    0.749699292679    0.249545157303    0.249588398255
C    0.833332428697    0.000115318555    0.166754838798
C    0.916613189015    0.083477858681    0.250212122267
C    0.833223757566    0.166703052822   -0.000019319392
C    0.916597787334    0.250081473795    0.083338237124
C    0.666829030899   -0.000431769015    0.333629455867
C    0.750007194616    0.083218887795    0.416888734331
C    0.666676557612    0.166759346493    0.500001197908
C    0.749911697999    0.250968979763    0.583236473709
C    0.833347277775   -0.000215604308    0.500189383751
C    0.916473836344    0.083545029604    0.583390475334
C    0.833074577741    0.166910839341    0.333531739951
C    0.915603707751    0.251300227232    0.417069838263
C    0.666870188938   -0.000213798986    0.666693081319
C    0.750072290755    0.083552590761    0.749800888243
C    0.666882946450    0.167281717222    0.832797020131
C    0.750181390959    0.250201634067    0.916518434443
C    0.833345272325    0.000060385239    0.833280876589
C    0.916683754891    0.083450878424    0.916575585583
C    0.833231809139    0.167200032753    0.666573854456
C    0.916518473037    0.250633817994    0.749845432817
C    0.666687051318    0.333297175742   -0.000198343794
C    0.749970891175    0.416648129896    0.083219478127
C    0.666573475433    0.499773477113    0.166540558521
C    0.749982230127    0.583105033218    0.250248780703
C    0.833091793145    0.333285379958    0.166743895158
C    0.915813393017    0.416777906904    0.250797429512
C    0.833329983203    0.500053971163   -0.000013729893
C    0.916630759756    0.583317428741    0.083440506424
C    0.666216012993    0.332333562624    0.332173362453
C    0.745967271775    0.417559130755    0.416952267466
C    0.831656130319    0.335793470305    0.500974379320
C    0.914607909415    0.420060429558    0.584680972972
C    0.832041281036    0.500710381395    0.334608258987
C    0.917185007640    0.583973057744    0.416915911208
C    0.667661515133    0.335794091035    0.665001026423
C    0.751361810946    0.420066649189    0.747932471578
C    0.666961272429    0.500374045405    0.832981006182
C    0.750155654819    0.583432355859    0.916545457700
C    0.832979615937    0.333769450606    0.833233537615
C    0.916738767275    0.416968446231    0.916563673891
C    0.836634032221    0.501532452402    0.669935432595
C    0.916524797566    0.582768000289    0.749843226565
C    0.666803666580    0.666602483423    0.000150175291
C    0.750093245736    0.749894031479    0.083556528563
C    0.666856498528    0.832894845858    0.167144669416
C    0.750187351412    0.916578077921    0.250069326194
C    0.833378050141    0.666592458396    0.166828558939
C    0.916956936811    0.749865725223    0.249954028773
C    0.833471591947    0.833453094652    0.000272874440
C    0.916770447457    0.916783211697    0.083464448305
C    0.667286180885    0.664840360431    0.334614792737
C    0.751050348369    0.747802839049    0.418269974077
C    0.667583905900    0.831665764623    0.500903669553
C    0.750258461936    0.915839777440    0.583591542659
C    0.842827484509    0.672257743933    0.493523895056
C    0.917176077314    0.749171467603    0.582998436954
C    0.833375559844    0.833335567692    0.333033683011
C    0.916835676156    0.916550636361    0.416892242197
C    0.660163812244    0.672262873641    0.676195402245
C    0.749662644610    0.749124483580    0.750537088862
C    0.667083572083    0.834054666061    0.834527139142
C    0.750031900758    0.917121557788    0.917248356490
C    0.833667097259    0.666581803431    0.833512190983
C    0.916667127617    0.749917699026    0.916819590755
C    0.833153079091    0.832194005209    0.666520106928
C    0.916503836906    0.916214877021    0.749835435351
N    0.658053225743    0.493310607954    0.491453264070
