&CONTROL
calculation = 'scf'
verbosity = 'high'
tprnfor=.TRUE.
tstress=.TRUE.
wf_collect = .true.
prefix='pwscf'
outdir = './'
pseudo_dir='./'
forc_conv_thr=0.00039
nstep = 100
/
&SYSTEM
ibrav=0
ecutwfc=85
tot_charge=-1
nspin=2
tot_magnetization=2.0
nbnd=456
nat=215
ntyp=2
/
&ELECTRONS
conv_thr=1D-8
diago_full_acc=.true.
/
&IONS
ion_dynamics='bfgs'
ion_positions='default'
/
K_POINTS gamma
CELL_PARAMETERS angstrom
10.70400  0.000000  0.000000
0.000000  10.70400  0.000000
0.000000  0.000000  10.70400
ATOMIC_SPECIES
C  12.01099968  C_ONCV_PBE-1.0.upf
N  14.00699997  N_ONCV_PBE-1.0.upf
ATOMIC_POSITIONS crystal
C   -0.000007698508    0.000108687749   -0.000022109570
C    0.083278600506    0.083378258913    0.083383752664
C   -0.000173045528    0.166759461950    0.166784182774
C    0.082919864299    0.250114617533    0.250185167223
C    0.166658862472   -0.000041356917    0.166732590680
C    0.249916234968    0.083178642694    0.250060946736
C    0.166604659034    0.166687071782   -0.000060060473
C    0.249881977013    0.249902673348    0.083217450260
C   -0.000077887119    0.000106398073    0.333508492305
C    0.082996400239    0.083663001126    0.416804927181
C   -0.000651642797    0.167333757759    0.500259531329
C    0.083080635468    0.250331115128    0.583479421177
C    0.166931304420    0.000328563020    0.500164505836
C    0.250029144626    0.083400134182    0.583338980585
C    0.166336265774    0.166662748495    0.333414330318
C    0.249659589700    0.249794399884    0.416608256583
C   -0.000083919775    0.000014335470    0.666678836491
C    0.083186063114    0.083468716210    0.750004419923
C   -0.000154162558    0.166983827203    0.833180203822
C    0.083229759549    0.250138107651    0.916563336596
C    0.166644366249    0.000107439456    0.833328153795
C    0.250048002702    0.083378137835    0.916613881169
C    0.166595230660    0.166756418691    0.666597257960
C    0.250009868067    0.250105257004    0.749924509063
C   -0.000133094011    0.333447319322   -0.000017661964
C    0.083101818963    0.416583419011    0.083432580594
C   -0.000266268443    0.500048521700    0.166947425742
C    0.084030882513    0.583374519650    0.249404054440
C    0.166352687974    0.333243077161    0.166663566039
C    0.249686671872    0.416406819300    0.249830577646
C    0.166877205248    0.500062982766    0.000207723708
C    0.249990382814    0.583230690558    0.083321212331
C   -0.000557338774    0.333737841683    0.333732304976
C    0.082953308687    0.417023038898    0.417015536035
C   -0.000249793334    0.500619482817    0.500110678861
C    0.083282128596    0.583537510270    0.583433750423
C    0.166431579812    0.333360237550    0.500003877239
C    0.249897829012    0.416652495078    0.583303211044
C    0.166644927104    0.499902073668    0.333255392914
C    0.250028830327    0.583205525772    0.416682866646
C   -0.000114175438    0.333955669669    0.666411925188
C    0.083238915144    0.417074721642    0.750055456181
C    0.000911249344    0.500716363932    0.834246254261
C    0.083892847699    0.583357238034    0.917226350591
C    0.166649034408    0.333448738725    0.833199510842
C    0.250100935863    0.416584862169    0.916431649532
C    0.166703578246    0.500112774358    0.666631448322
C    0.250135872768    0.583322847681    0.749967774370
C    0.000169933557    0.666744334089    0.000247002471
C    0.083487520746    0.750057174343    0.083401679808
C    0.000150894852    0.833427461144    0.166684291979
C    0.083395201396    0.916698009081    0.250153821432
C    0.167081551443    0.666538009053    0.166429218657
C    0.250254158223    0.749926726920    0.250077404439
C    0.166700048124    0.833361897986    0.000031968290
C    0.250077266948    0.916616543785    0.083412909496
C    0.001480075126    0.666314946600    0.332072103831
C    0.083871849413    0.750048446286    0.416561377131
C    0.001319197262    0.834128013445    0.500355774558
C    0.083973403463    0.917182293846    0.583309400438
C    0.166895557944    0.666667186645    0.500062971492
C    0.250284445605    0.749902295059    0.583428179912
C    0.167016005979    0.833325663225    0.333384865469
C    0.250337940298    0.916502450176    0.416745975027
C    0.000303655971    0.666750456517    0.666878499345
C    0.083507712410    0.749953449744    0.749957360912
C    0.000028261936    0.833240590882    0.833364861624
C    0.083318166147    0.916713368307    0.916653312290
C    0.166911781462    0.666745078144    0.833501318769
C    0.250069172896    0.750056373567    0.916816667212
C    0.166990150802    0.833519537427    0.666768173241
C    0.250147920671    0.916820333088    0.750095337071
C    0.333395735871   -0.000042052354   -0.000006572438
C    0.416720673951    0.083178828322    0.083251804015
C    0.333210105564    0.166440773803    0.166547665942
C    0.416440599532    0.249585354923    0.249778167754
C    0.500093644284   -0.000324289072    0.166825844990
C    0.583335592425    0.082808481377    0.250090912465
C    0.500073975678    0.166660840543   -0.000329984770
C    0.583268200853    0.249791135894    0.082993557375
C    0.333491964872   -0.000324867994    0.333434779000
C    0.416757374523    0.082808619226    0.416675264780
C    0.333131780434    0.166283584723    0.499928465804
C    0.416216399568    0.249510901718    0.582973931815
C    0.500376906454   -0.000583096193    0.500183102877
C    0.583597993076    0.083147089671    0.583316314393
C    0.499810293665    0.166059782805    0.333146409337
C    0.582863786371    0.249346863440    0.416195962924
C    0.333444804171    0.000144848413    0.666667009641
C    0.416924815165    0.083515328903    0.749900314235
C    0.333449554142    0.166760009769    0.833161773745
C    0.416849039477    0.250115538358    0.916254224643
C    0.500174269148    0.000102736204    0.833253700882
C    0.583465269193    0.083661318983    0.916328784108
C    0.500248546776    0.166902158375    0.666320666590
C    0.583749879426    0.251359160406    0.748861606957
C    0.333327822888    0.333243921763   -0.000314091489
C    0.416493930596    0.416406283607    0.083020766222
C    0.332929943675    0.499749869717    0.166264415264
C    0.415961946073    0.582907186752    0.249296593122
C    0.499673749962    0.332884712118    0.166117004505
C    0.582714152528    0.416114615381    0.249099068897
C    0.499919188017    0.499901393163   -0.000021520458
C    0.583344272368    0.583206399460    0.083362082691
C    0.332783129175    0.332886963171    0.333011975246
C    0.415769497897    0.416116279248    0.416047785992
C    0.333178140046    0.499767282038    0.499883987184
C    0.416932751786    0.583113538498    0.583327931641
C    0.498704411653    0.332280776801    0.499462753063
C    0.583395247875    0.417491432860    0.579298624726
C    0.498373377253    0.499449828749    0.331703289244
C    0.582872305714    0.579318153315    0.416196350607
C    0.333422591637    0.333302935271    0.666425140852
C    0.417500617882    0.416832491835    0.749113919583
C    0.333616313513    0.500049876789    0.833062820383
C    0.416071952191    0.583373812924    0.917361586812
C    0.500398975586    0.333739018055    0.832777641273
C    0.583682115550    0.417021950598    0.916289624233
C    0.501215431649    0.500825443825    0.665428617410
C    0.583496432038    0.584377657382    0.750591492085
C    0.333096393263    0.666537911432    0.000410569206
C    0.416741209596    0.749928048193    0.083584807999
C    0.333517751659    0.833184310247    0.166852537317
C    0.416944373071    0.916224433766    0.250281332157
C    0.500019085841    0.666322483947    0.166836352419
C    0.583659297695    0.748926332253    0.250971403652
C    0.500048654488    0.833325085557    0.000345781643
C    0.583404703657    0.916504824767    0.083667878553
C    0.333503426003    0.666319889770    0.333357505666
C    0.417641439465    0.748922858798    0.416995620760
C    0.333896084694    0.832870079464    0.500227408897
C    0.416809486349    0.916504091403    0.583580091509
C    0.501363132117    0.664780004938    0.500723644590
C    0.585292367991    0.747348339197    0.584661922651
C    0.500515437847    0.832539385259    0.333850196792
C    0.584037811831    0.915417395038    0.417370471702
C    0.333492316387    0.666604357759    0.666747633643
C    0.416590145644    0.749877144958    0.750375354177
C    0.333354160201    0.833423395815    0.833479953314
C    0.416818315269    0.916695632825    0.916726299695
C    0.498744360146    0.666311372784    0.834812437922
C    0.583230017309    0.750046553727    0.917204045393
C    0.499761474439    0.833241207961    0.666808757685
C    0.583569293958    0.916507344244    0.750199912855
C    0.666824744986    0.000328709299    0.000261943153
C    0.749999368413    0.083399811234    0.083359760568
C    0.666588819751    0.166280919109    0.166463690091
C    0.749638914334    0.249506985540    0.249547377312
C    0.833329889625    0.000147579689    0.166775707452
C    0.916564755701    0.083516620108    0.250258247584
C    0.833259875692    0.166754920470   -0.000072676735
C    0.916590158144    0.250102755979    0.083341833698
C    0.666845877752   -0.000581103359    0.333709424564
C    0.749979154019    0.083147719989    0.416932886715
C    0.666616058299    0.166733150547    0.499951563589
C    0.749840325139    0.251075013331    0.583173923076
C    0.833331895267   -0.000296682444    0.500224907589
C    0.916402427133    0.083548087040    0.583430215688
C    0.832984039999    0.166900480505    0.333582820343
C    0.915526785980    0.251357490465    0.417083682330
C    0.666892575313   -0.000298739824    0.666665194455
C    0.750092853162    0.083547238743    0.749738261614
C    0.666920741059    0.167333228649    0.832682917344
C    0.750141532503    0.250329242232    0.916415822711
C    0.833343013627    0.000013735221    0.833249348869
C    0.916668388801    0.083468594501    0.916518770798
C    0.833181786436    0.167267439949    0.666518834466
C    0.916454713549    0.250801314490    0.749790998308
C    0.666666049281    0.333356804582   -0.000232551097
C    0.749967114635    0.416648645133    0.083231818448
C    0.666548122034    0.499766844912    0.166507003713
C    0.749996496577    0.583116334067    0.250254502174
C    0.833091030707    0.333298920033    0.166754296939
C    0.915782352184    0.416830113144    0.250829136867
C    0.833297966074    0.500109453407    0.000040131620
C    0.916636148762    0.583321786810    0.083468545082
C    0.666130762462    0.332278793474    0.332032813711
C    0.745969767528    0.417490394835    0.416718651024
C    0.831549926916    0.335835190325    0.500858311516
C    0.914523726258    0.420357618665    0.584290208812
C    0.832097083374    0.500826356588    0.334537403847
C    0.917256125776    0.584379119373    0.416820927836
C    0.667528412783    0.335835571333    0.664883223127
C    0.750959979973    0.420355337190    0.747859774600
C    0.666781586522    0.500616342384    0.833087287758
C    0.750101817545    0.583534815731    0.916619922464
C    0.833076941392    0.333953857288    0.833222824164
C    0.916720670617    0.417072892351    0.916575015166
C    0.837251423301    0.501120713250    0.670586590517
C    0.916500228621    0.583189282500    0.749834366669
C    0.666727138782    0.666666747666    0.000230242227
C    0.750089948976    0.749906271704    0.083616083000
C    0.666887181852    0.832875848794    0.167226291061
C    0.750242995745    0.916508892508    0.250138626526
C    0.833415415865    0.666608673509    0.166818338450
C    0.917045729746    0.749882202412    0.249914546747
C    0.833431775895    0.833521255844    0.000324835606
C    0.916760365888    0.916823034096    0.083480523843
C    0.667394497583    0.664783297677    0.334684811967
C    0.751333435264    0.747351477643    0.418612770209
C    0.667724925764    0.831364475847    0.501050848763
C    0.750286190364    0.915614703121    0.583615991080
C    0.843073203806    0.671833896063    0.493656031399
C    0.917111081339    0.748941208956    0.582660334275
C    0.833479166003    0.833246471885    0.333084780815
C    0.916867420615    0.916511957171    0.416897897305
C    0.660332522735    0.671833907676    0.676410278987
C    0.749333180970    0.748942136150    0.750447861614
C    0.667027015367    0.834126235051    0.834653289758
C    0.749974381264    0.917182609704    0.917307361660
C    0.833547843118    0.666748896781    0.833641761977
C    0.916623124739    0.749952434805    0.916845983786
C    0.833088817144    0.831986085936    0.666419468386
C    0.916431106995    0.916049934104    0.749764990796
N    0.658179645575    0.493184421225    0.491503157860
