&CONTROL
calculation = 'scf'
verbosity = 'high'
tprnfor=.TRUE.
tstress=.TRUE.
wf_collect = .true.
prefix='pwscf'
outdir = './'
pseudo_dir='/home/jinyuchem/program/QE/pseudo-potential'
/
&SYSTEM
ibrav = 0
ecutwfc = 85
tot_charge = -1
nspin = 2
tot_magnetization = 2.0
nbnd = 800
nat = 215
ntyp = 2
/
&ELECTRONS
conv_thr = 1D-10
diago_full_acc=.true.
/
K_POINTS gamma
CELL_PARAMETERS angstrom
10.70400  0.000000  0.000000
0.000000  10.70400  0.000000
0.000000  0.000000  10.70400
ATOMIC_SPECIES
C  12.01099968  C_ONCV_PBE-1.0.upf
N  14.00699997  N_ONCV_PBE-1.0.upf
ATOMIC_POSITIONS crystal
C    0.000014515492    0.000070491104    0.000056001117
C    0.083276425214    0.083407132422    0.083402470368
C   -0.000178238341    0.166807393258    0.166806077399
C    0.082885051665    0.250198164768    0.250200806126
C    0.166634983760   -0.000033733154    0.166735534380
C    0.249873277059    0.083198136894    0.250017044878
C    0.166626398062    0.166736244393   -0.000040125778
C    0.249866387111    0.250006706717    0.083199813976
C   -0.000069184178    0.000155043794    0.333468875671
C    0.083069022445    0.083598656063    0.416734932123
C   -0.000495586996    0.167221356738    0.500196144029
C    0.083397301755    0.250011463171    0.583445878602
C    0.166955585128    0.000290988983    0.500152617265
C    0.250028490272    0.083363386068    0.583303574683
C    0.166319626175    0.166709425639    0.333369771564
C    0.249577357771    0.249886760247    0.416554068691
C    0.000067270023    0.000196944096    0.666728166678
C    0.083370018158    0.083478263041    0.750053554717
C    0.000021907387    0.166823371035    0.833355252409
C    0.083304053944    0.250190792633    0.916637419109
C    0.166722599204    0.000070502280    0.833347967690
C    0.250068958420    0.083407196708    0.916609841818
C    0.166810857194    0.166674665641    0.666602603256
C    0.250132503618    0.250159239928    0.749907185937
C   -0.000078316025    0.333466775012    0.000143978930
C    0.083074084280    0.416721283226    0.083577572416
C   -0.000463970332    0.500182591300    0.167183646850
C    0.083487760419    0.583438583210    0.249922689402
C    0.166318240031    0.333360466474    0.166708539384
C    0.249579331756    0.416537682949    0.249891786413
C    0.166947408619    0.500148970451    0.000280884899
C    0.250024538208    0.583298213313    0.083357908765
C   -0.000669236238    0.333811836966    0.333808779832
C    0.082594152051    0.417192005197    0.417192287917
C   -0.000827622979    0.500701025418    0.500657354107
C    0.082953826813    0.583558804042    0.583552558388
C    0.166359223876    0.333456484236    0.500038089772
C    0.249905758478    0.416751995277    0.583275989862
C    0.166378774772    0.500030122854    0.333447443620
C    0.249918683275    0.583268377771    0.416754881088
C    0.000448250173    0.333085837700    0.666587451380
C    0.083406456899    0.416904426588    0.750084587923
C    0.001105976143    0.500443289983    0.834439252660
C    0.083930472946    0.583363920015    0.917263713912
C    0.166810632672    0.333466742790    0.833255140650
C    0.250244234544    0.416721297428    0.916407527680
C    0.166702060599    0.500144799295    0.666657729564
C    0.250236652324    0.583395681116    0.749871067745
C    0.000091692283    0.666738668723    0.000215997300
C    0.083399785884    0.750062494991    0.083470933553
C    0.000052312636    0.833379431250    0.166794787689
C    0.083323378547    0.916651819281    0.250188658343
C    0.166858011463    0.666601484290    0.166644151116
C    0.250158090541    0.749909562472    0.250157063593
C    0.166729273512    0.833355395717    0.000062765205
C    0.250075190821    0.916613155942    0.083408745768
C    0.000603369606    0.666577981586    0.332907685722
C    0.083468085523    0.750084287461    0.416858389377
C    0.001147924039    0.834430075353    0.500411439411
C    0.083940403685    0.917261425107    0.583358439232
C    0.166720352655    0.666659895873    0.500142049659
C    0.250251534006    0.749865268306    0.583403902066
C    0.166847547182    0.833267355472    0.333459832138
C    0.250269795574    0.916413060439    0.416733126184
C   -0.000167683599    0.666610791206    0.666626644682
C    0.083239522504    0.749883662351    0.749883787322
C   -0.000002310886    0.833323146590    0.833331072035
C    0.083356664653    0.916699096782    0.916690083554
C    0.166882752099    0.666738692221    0.833425154563
C    0.250137623020    0.750062548802    0.916733193384
C    0.166890398167    0.833426005133    0.666739561392
C    0.250144236440    0.916731638815    0.750064549587
C    0.333402073994   -0.000033703454   -0.000031603241
C    0.416683616894    0.083198165496    0.083206626916
C    0.333166614012    0.166491902020    0.166500126654
C    0.416359283950    0.249673794923    0.249692723798
C    0.500042016191   -0.000350357298    0.166727239856
C    0.583229046878    0.082890846360    0.249917168253
C    0.500036261752    0.166709525488   -0.000346940187
C    0.583220562230    0.249886907167    0.082910568775
C    0.333393955921   -0.000350428519    0.333375509900
C    0.416583861156    0.082890782561    0.416562478206
C    0.332996038471    0.166309635049    0.499864701167
C    0.416094041195    0.249424009482    0.582934029513
C    0.500157451336   -0.000340795243    0.500058488844
C    0.583443113823    0.083232362180    0.583280827900
C    0.499668120845    0.166052423422    0.333001408260
C    0.582753470873    0.249141143122    0.416086828753
C    0.333342332097    0.000163644301    0.666612273782
C    0.416837161998    0.083482103493    0.749908962874
C    0.333472693446    0.166807482272    0.833155264397
C    0.416867404687    0.250198290818    0.916218450922
C    0.500135512436    0.000155149431    0.833264200995
C    0.583401506738    0.083598748621    0.916402320051
C    0.500101045194    0.166847902614    0.666336218080
C    0.583680429040    0.251131492885    0.748925487177
C    0.333375127724    0.333360517785   -0.000348235002
C    0.416558331950    0.416537743855    0.082912632950
C    0.332976333394    0.499850379794    0.166309495504
C    0.416071725089    0.582925525790    0.249405123712
C    0.499654624070    0.332975510425    0.166060624843
C    0.582738915188    0.416075257463    0.249121649246
C    0.500114157865    0.500030174437   -0.000288012215
C    0.583421540545    0.583268430481    0.083251945792
C    0.332727305446    0.332975422112    0.332987996572
C    0.415788406429    0.416075222106    0.416072316801
C    0.333232753142    0.499833821270    0.499844904888
C    0.417204894592    0.583157788568    0.583179553153
C    0.498611587136    0.331964259384    0.499415520131
C    0.583408873845    0.416811027574    0.579160919380
C    0.498579016979    0.499410180351    0.331912273902
C    0.583356532439    0.579159565784    0.416689850205
C    0.333499325113    0.333411573453    0.666341628440
C    0.417747313058    0.416992641712    0.748946568993
C    0.333850249967    0.500182616355    0.832869543138
C    0.416589294228    0.583438724211    0.916821163151
C    0.500475401005    0.333811937279    0.832664099069
C    0.583858891018    0.417192165973    0.915927617127
C    0.501682719465    0.500791564128    0.664940459609
C    0.585406330683    0.584517287993    0.748450078519
C    0.333310823570    0.666601471642    0.000191498263
C    0.416823750956    0.749909593943    0.083491404377
C    0.333483640844    0.833157927540    0.166817047909
C    0.416881989969    0.916213659162    0.250215300576
C    0.500083301354    0.666332833410    0.166842878595
C    0.583675687921    0.748928638409    0.251096648912
C    0.500126429313    0.833267409932    0.000180900053
C    0.583399695597    0.916413158372    0.083603045890
C    0.333509499699    0.666332727142    0.333416694373
C    0.417763372294    0.748928635639    0.417009100603
C    0.333878878970    0.832851363966    0.500197648959
C    0.416660420430    0.916738413469    0.583458740165
C    0.501695927708    0.664877475501    0.500783988655
C    0.585578822682    0.748137629462    0.584545634361
C    0.500491462052    0.832640787921    0.333824767148
C    0.583895135979    0.915846313616    0.417228538768
C    0.333668757534    0.666598113297    0.666611030544
C    0.416894811913    0.749983215118    0.750031655171
C    0.333461397947    0.833379425714    0.833385715482
C    0.416855278843    0.916651896274    0.916656748538
C    0.499574318394    0.666578007288    0.833936692252
C    0.583525024942    0.750084319474    0.916801267240
C    0.499671701580    0.833785534378    0.666628119909
C    0.583555929266    0.916734835012    0.750101198961
C    0.666819182764    0.000291048572    0.000288919316
C    0.749970161959    0.083363440460    0.083361651384
C    0.666531175044    0.166309679805    0.166329084821
C    0.749600592199    0.249423989524    0.249427396191
C    0.833278727476    0.000163587402    0.166675579516
C    0.916575511324    0.083482030388    0.250170447721
C    0.833269059352    0.166674790519    0.000144122508
C    0.916573736332    0.250159294576    0.083465762524
C    0.666725154740   -0.000340737121    0.333490670739
C    0.749947430212    0.083232345595    0.416776397763
C    0.666519483489    0.166584780979    0.499852720535
C    0.749832347746    0.250611007830    0.583165766054
C    0.833329431015    0.000005696782    0.500154087919
C    0.916518053116    0.083579505249    0.583400569045
C    0.833002526118    0.166847865478    0.333434407218
C    0.915592192007    0.251131485301    0.417013912217
C    0.666820706038    0.000005754991    0.666662669891
C    0.750066997039    0.083579589192    0.749851431377
C    0.666862698246    0.167221448769    0.832837785797
C    0.750112491052    0.250011645377    0.916730549252
C    0.833394768938    0.000197009288    0.833400614751
C    0.916720049417    0.083478305899    0.916703269804
C    0.833256374312    0.167042036970    0.666589619726
C    0.916641128184    0.250309553688    0.749974476625
C    0.666704719605    0.333456637877   -0.000307584574
C    0.749942546877    0.416752124273    0.083239055119
C    0.666511565992    0.499833903614    0.166566053590
C    0.749846201289    0.583157827101    0.250538186617
C    0.833008048446    0.333411597364    0.166832677370
C    0.915613225478    0.416992559280    0.251080614123
C    0.833324357137    0.500144816841    0.000035184177
C    0.916537522114    0.583395702964    0.083570024911
C    0.666082135162    0.331964279290    0.331944892075
C    0.745827531621    0.416811040004    0.416742189853
C    0.831555416622    0.335135103680    0.500797734003
C    0.914848407674    0.419077989148    0.584511609753
C    0.831607170949    0.500791526278    0.335016011198
C    0.915116833591    0.584517117677    0.418739700609
C    0.667464425433    0.335135108063    0.664888680263
C    0.751178271480    0.419078110374    0.748181480075
C    0.667323995506    0.500701154445    0.832505234533
C    0.750219214415    0.583558856193    0.916286864539
C    0.833254292568    0.333085972384    0.833781370735
C    0.916751292093    0.416904487399    0.916739605227
C    0.839865996895    0.496170131891    0.673199029747
C    0.916170296778    0.582719597089    0.749503385312
C    0.666808636247    0.666659931766    0.000053465859
C    0.750070327674    0.749865485673    0.083584838834
C    0.666864161204    0.832851411263    0.167212248398
C    0.750125189463    0.916738350222    0.249993812544
C    0.833277633785    0.666598146994    0.167002052660
C    0.916698196262    0.749983189951    0.250228234004
C    0.833406181204    0.833426043439    0.000223580483
C    0.916731030971    0.916731585048    0.083477487055
C    0.667450730212    0.664877398145    0.335029202746
C    0.751212394687    0.748137426235    0.418912350119
C    0.667414078178    0.832343644005    0.500747421892
C    0.750235932794    0.916194739208    0.583569269093
C    0.840440886986    0.673329453150    0.495443970940
C    0.916234300030    0.749421490453    0.582675423833
C    0.833294791412    0.833785388020    0.333005133840
C    0.916767958588    0.916734787693    0.416889350187
C    0.662110518731    0.673329383672    0.673773749384
C    0.749341978579    0.749421561267    0.749567415271
C    0.667078184556    0.834430131104    0.834481201520
C    0.750025090697    0.917261499124    0.917273511998
C    0.833293305961    0.666610815651    0.833165336697
C    0.916550405267    0.749883623207    0.916572774866
C    0.833247773774    0.833009088127    0.666581044453
C    0.916530136072    0.916501979617    0.749863546563
N    0.658530096761    0.492023861579    0.491863350160
