&control
    calculation = 'scf',
    prefix='pwscf',
    pseudo_dir='/home/jinyuchem/program/QE/pseudo-potential',
    outdir = './',
    verbosity='high',
    tprnfor=.TRUE.,
    wf_collect=.TRUE.
    max_seconds = 84000
!    restart_mode = 'restart'
/
&system
    ibrav=0,
    nat=215,
    ntyp=2,
    ecutwfc = 60,
    nbnd = 1064,
    input_dft = 'PBE0'
    exx_fraction = 0.36
    ecutfock = 120
    nspin = 2
    tot_magnetization = 0
/
&electrons
    diago_full_acc=.true.,
    conv_thr=1.0D-7
    electron_maxstep=300
    mixing_mode = 'plain'
    mixing_beta = 0.3
    diagonalization = 'david'
/
ATOMIC_SPECIES
Mg  24.305  Mg_ONCV_PBE-1.0.upf
O   15.999  O_ONCV_PBE-1.0.upf
K_POINTS gamma
CELL_PARAMETERS {angstrom}
        12.570000000       0.0000000000        0.0000000000
        0.0000000000       12.570000000        0.0000000000
        0.0000000000       0.0000000000        12.570000000
ATOMIC_POSITIONS {crystal}
Mg       0.000000009   0.000000009   0.000000009
Mg       0.000000009   0.000000010   0.333268122
Mg       0.000000010   0.000000010   0.666731899
Mg       0.000000010   0.333268122   0.000000009
Mg       0.000000010   0.333224768   0.333224768
Mg       0.000000010   0.333224767   0.666775255
Mg       0.000000010   0.666731900   0.000000010
Mg       0.000000010   0.666775256   0.333224767
Mg       0.000000010   0.666775256   0.666775256
Mg       0.333268122   0.000000009   0.000000009
Mg       0.333224767   0.000000011   0.333224767
Mg       0.333224767   0.000000010   0.666775256
Mg       0.333224768   0.333224768   0.000000011
Mg       0.333351137   0.333351137   0.333351137
Mg       0.333351134   0.333351135   0.666648902
Mg       0.333224767   0.666775256   0.000000010
Mg       0.333351134   0.666648902   0.333351135
Mg       0.333351131   0.666648904   0.666648905
Mg       0.666731900   0.000000010   0.000000010
Mg       0.666775256   0.000000010   0.333224767
Mg       0.666775257   0.000000010   0.666775256
Mg       0.666775255   0.333224767   0.000000011
Mg       0.666648902   0.333351134   0.333351135
Mg       0.666648905   0.333351132   0.666648904
Mg       0.666775256   0.666775256   0.000000010
Mg       0.666648905   0.666648905   0.333351132
Mg       0.666648907   0.666648907   0.666648907
Mg       0.000000009   0.166636445   0.166636444
Mg       0.000000011   0.166513123   0.500000011
Mg       0.000000009   0.166636444   0.833363575
Mg       0.000000011   0.500000011   0.166513123
Mg       0.000000011   0.500000012   0.500000012
Mg       0.000000011   0.500000011   0.833486900
Mg       0.000000009   0.833363575   0.166636444
Mg       0.000000011   0.833486900   0.500000011
Mg       0.000000009   0.833363575   0.833363575
Mg       0.333279021   0.166642960   0.166642960
Mg       0.333064039   0.166326186   0.500000014
Mg       0.333279021   0.166642958   0.833357062
Mg       0.333064040   0.500000014   0.166326186
Mg       0.331972160   0.500000025   0.500000025
Mg       0.333064037   0.500000014   0.833673845
Mg       0.333279021   0.833357063   0.166642958
Mg       0.333064037   0.833673845   0.500000014
Mg       0.333279021   0.833357064   0.833357064
Mg       0.666721002   0.166642959   0.166642959
Mg       0.666935991   0.166326181   0.500000014
Mg       0.666721002   0.166642958   0.833357063
Mg       0.666935991   0.500000014   0.166326181
Mg       0.668027880   0.500000024   0.500000025
Mg       0.666935993   0.500000014   0.833673849
Mg       0.666721002   0.833357063   0.166642958
Mg       0.666935993   0.833673849   0.500000014
Mg       0.666721002   0.833357064   0.833357064
Mg       0.166636445   0.000000009   0.166636444
Mg       0.166513123   0.000000011   0.500000011
Mg       0.166636444   0.000000009   0.833363575
Mg       0.166642960   0.333279021   0.166642960
Mg       0.166326185   0.333064040   0.500000014
Mg       0.166642958   0.333279021   0.833357063
Mg       0.166642959   0.666721002   0.166642959
Mg       0.166326181   0.666935991   0.500000014
Mg       0.166642958   0.666721001   0.833357063
Mg       0.500000011   0.000000011   0.166513123
Mg       0.500000012   0.000000012   0.500000012
Mg       0.500000011   0.000000011   0.833486900
Mg       0.500000014   0.333064040   0.166326185
Mg       0.500000025   0.331972161   0.500000025
Mg       0.500000014   0.333064037   0.833673845
Mg       0.500000014   0.666935991   0.166326181
Mg       0.500000024   0.668027879   0.500000025
Mg       0.500000014   0.666935993   0.833673849
Mg       0.833363575   0.000000009   0.166636444
Mg       0.833486901   0.000000011   0.500000011
Mg       0.833363575   0.000000009   0.833363575
Mg       0.833357063   0.333279021   0.166642958
Mg       0.833673845   0.333064037   0.500000014
Mg       0.833357064   0.333279021   0.833357064
Mg       0.833357063   0.666721002   0.166642958
Mg       0.833673849   0.666935993   0.500000014
Mg       0.833357064   0.666721002   0.833357064
Mg       0.166636445   0.166636445   0.000000009
Mg       0.166642960   0.166642960   0.333279021
Mg       0.166642959   0.166642959   0.666721001
Mg       0.166513123   0.500000011   0.000000011
Mg       0.166326185   0.500000014   0.333064040
Mg       0.166326181   0.500000014   0.666935991
Mg       0.166636445   0.833363575   0.000000009
Mg       0.166642958   0.833357063   0.333279021
Mg       0.166642958   0.833357063   0.666721001
Mg       0.500000011   0.166513123   0.000000011
Mg       0.500000014   0.166326186   0.333064040
Mg       0.500000014   0.166326182   0.666935991
Mg       0.500000012   0.500000012   0.000000012
Mg       0.500000024   0.500000025   0.331972160
Mg       0.500000025   0.500000024   0.668027880
Mg       0.500000011   0.833486900   0.000000011
Mg       0.500000014   0.833673845   0.333064037
Mg       0.500000014   0.833673848   0.666935993
Mg       0.833363575   0.166636445   0.000000009
Mg       0.833357063   0.166642959   0.333279021
Mg       0.833357063   0.166642958   0.666721001
Mg       0.833486900   0.500000011   0.000000011
Mg       0.833673845   0.500000014   0.333064037
Mg       0.833673849   0.500000014   0.666935993
Mg       0.833363575   0.833363575   0.000000009
Mg       0.833357064   0.833357064   0.333279021
Mg       0.833357064   0.833357064   0.666721001
O        0.000000008   0.166642391   0.000000007
O        0.000000009   0.166629151   0.333304838
O        0.000000009   0.166629151   0.666695178
O        0.000000010   0.500000007   0.000000010
O        0.000000010   0.500000008   0.333277929
O        0.000000010   0.500000008   0.666722089
O        0.000000007   0.833357623   0.000000008
O        0.000000009   0.833370865   0.333304837
O        0.000000009   0.833370866   0.666695179
O        0.333304838   0.166629151   0.000000009
O        0.333284902   0.166566818   0.333284902
O        0.333284900   0.166566814   0.666715119
O        0.333277929   0.500000008   0.000000011
O        0.332722201   0.500000027   0.332722202
O        0.332722180   0.500000027   0.667277867
O        0.333304837   0.833370865   0.000000009
O        0.333284898   0.833433206   0.333284898
O        0.333284897   0.833433210   0.666715122
O        0.666695178   0.166629151   0.000000009
O        0.666715119   0.166566814   0.333284900
O        0.666715120   0.166566810   0.666715121
O        0.666722089   0.500000008   0.000000010
O        0.667277866   0.500000027   0.332722181
O        0.667277887   0.500000026   0.667277886
O        0.666695179   0.833370866   0.000000009
O        0.666715123   0.833433210   0.333284897
O        0.666715124   0.833433214   0.666715124
O        0.000000008   0.000000008   0.166642389
O        0.000000010   0.000000010   0.500000007
O        0.000000008   0.000000007   0.833357625
O        0.000000009   0.333304838   0.166629152
O        0.000000010   0.333277929   0.500000008
O        0.000000009   0.333304837   0.833370865
O        0.000000009   0.666695178   0.166629151
O        0.000000010   0.666722089   0.500000008
O        0.000000009   0.666695179   0.833370866
O        0.333304838   0.000000009   0.166629151
O        0.333277928   0.000000011   0.500000008
O        0.333304837   0.000000009   0.833370865
O        0.333284902   0.333284902   0.166566819
O        0.332722200   0.332722202   0.500000027
O        0.333284898   0.333284898   0.833433206
O        0.333284900   0.666715119   0.166566814
O        0.332722179   0.667277867   0.500000027
O        0.333284897   0.666715123   0.833433210
O        0.666695178   0.000000009   0.166629151
O        0.666722089   0.000000010   0.500000008
O        0.666695179   0.000000009   0.833370866
O        0.666715119   0.333284900   0.166566814
O        0.667277868   0.332722180   0.500000027
O        0.666715122   0.333284897   0.833433210
O        0.666715120   0.666715120   0.166566810
O        0.667277887   0.667277886   0.500000027
O        0.666715124   0.666715124   0.833433214
O        0.166640294   0.166640294   0.166640294
O        0.166526198   0.166526198   0.500000008
O        0.166640293   0.166640293   0.833359721
O        0.166526198   0.500000009   0.166526198
O        0.166474798   0.500000012   0.500000011
O        0.166526191   0.500000009   0.833473827
O        0.166640294   0.833359722   0.166640293
O        0.166526190   0.833473827   0.500000008
O        0.166640292   0.833359723   0.833359722
O        0.500000008   0.166526198   0.166526198
O        0.500000012   0.166474799   0.500000012
O        0.500000009   0.166526190   0.833473828
O        0.500000011   0.500000011   0.166474799
O        0.500000012   0.500000011   0.833525232
O        0.500000008   0.833473827   0.166526190
O        0.500000011   0.833525232   0.500000011
O        0.500000009   0.833473834   0.833473835
O        0.833359722   0.166640293   0.166640293
O        0.833473828   0.166526190   0.500000009
O        0.833359722   0.166640292   0.833359722
O        0.833473827   0.500000009   0.166526191
O        0.833525232   0.500000011   0.500000012
O        0.833473835   0.500000009   0.833473835
O        0.833359722   0.833359723   0.166640293
O        0.833473835   0.833473835   0.500000009
O        0.833359723   0.833359723   0.833359723
O        0.166642390   0.000000007   0.000000007
O        0.166629151   0.000000009   0.333304838
O        0.166629151   0.000000009   0.666695178
O        0.166629152   0.333304838   0.000000009
O        0.166566818   0.333284902   0.333284902
O        0.166566814   0.333284900   0.666715119
O        0.166629151   0.666695178   0.000000009
O        0.166566814   0.666715119   0.333284900
O        0.166566810   0.666715120   0.666715120
O        0.500000007   0.000000010   0.000000010
O        0.500000008   0.000000011   0.333277929
O        0.500000008   0.000000010   0.666722089
O        0.500000008   0.333277928   0.000000011
O        0.500000027   0.332722202   0.332722202
O        0.500000026   0.332722181   0.667277866
O        0.500000008   0.666722089   0.000000010
O        0.500000027   0.667277866   0.332722181
O        0.500000027   0.667277885   0.667277886
O        0.833357625   0.000000008   0.000000008
O        0.833370865   0.000000009   0.333304837
O        0.833370866   0.000000009   0.666695179
O        0.833370865   0.333304837   0.000000009
O        0.833433206   0.333284898   0.333284898
O        0.833433211   0.333284897   0.666715123
O        0.833370866   0.666695179   0.000000009
O        0.833433211   0.666715123   0.333284896
O        0.833433214   0.666715124   0.666715124
