&CONTROL
calculation = 'scf'
restart_mode = 'from_scratch'
verbosity = 'high'
wf_collect = .true.
pseudo_dir='/home/jinyuchem/program/QE/pseudo-potential'
tprnfor = .true.
/
&SYSTEM
ibrav = 0
ecutwfc = 60
tot_charge = -1
nspin = 2
tot_magnetization = 2.0
nbnd = 456
nat = 215
ntyp = 2
input_dft = 'PBE0'
exx_fraction = 0.18
ecutfock = 120
/
&ELECTRONS
conv_thr = 1D-8
diago_full_acc=.true.
mixing_beta = 0.3
/
K_POINTS gamma
CELL_PARAMETERS angstrom
10.65000  0.000000  0.000000
0.000000  10.65000  0.000000
0.000000  0.000000  10.65000
ATOMIC_SPECIES
C  12.01099968  C_ONCV_PBE-1.0.upf
N  14.00699997  N_ONCV_PBE-1.0.upf
ATOMIC_POSITIONS crystal
C    0.000015646378    0.000047708296    0.000047510355
C    0.083277853216    0.083388594567    0.083388897320
C   -0.000137132203    0.166801293467    0.166802168969
C    0.082959829443    0.250186223079    0.250187343412
C    0.166637502253   -0.000025400347    0.166730077223
C    0.249883258719    0.083238078583    0.250026386941
C    0.166638512230    0.166731856208   -0.000026033357
C    0.249882911714    0.250026985421    0.083235945937
C   -0.000061593293    0.000168856706    0.333427459897
C    0.083110919463    0.083565073378    0.416721977883
C   -0.000434774658    0.167142322702    0.500158499979
C    0.083338709971    0.250017776196    0.583446807596
C    0.166921388420    0.000246665774    0.500131463806
C    0.250017859717    0.083364651075    0.583310949015
C    0.166384074425    0.166744249115    0.333370077146
C    0.249625535157    0.249966931567    0.416606646151
C    0.000106125812    0.000237869677    0.666760810382
C    0.083401437607    0.083471654545    0.750061266832
C    0.000034111876    0.166774800554    0.833385857855
C    0.083310100176    0.250164396293    0.916667322827
C    0.166737103185    0.000035346542    0.833337434204
C    0.250057226583    0.083381033012    0.916624000754
C    0.166806888914    0.166711498994    0.666639030065
C    0.250127352382    0.250170077533    0.749926829260
C   -0.000061577448    0.333429163303    0.000169653444
C    0.083110732974    0.416721997271    0.083564273391
C   -0.000433636927    0.500157991373    0.167141447029
C    0.083338347350    0.583446422475    0.250018239481
C    0.166384819591    0.333369756915    0.166741403486
C    0.249623394959    0.416608574505    0.249965831504
C    0.166921842966    0.500130837989    0.000246293927
C    0.250018066493    0.583310584638    0.083364170517
C   -0.000601036948    0.333735697289    0.333736336741
C    0.082539202733    0.417180148824    0.417177894755
C   -0.001127349216    0.500733622219    0.500732415066
C    0.082787532750    0.583547136240    0.583548549628
C    0.166354009186    0.333503639449    0.500067839351
C    0.249909710297    0.416807898850    0.583296606131
C    0.166354822229    0.500069197369    0.333502873459
C    0.249909661147    0.583295776033    0.416807983552
C    0.000232240864    0.333070121736    0.666624570541
C    0.083303070211    0.416890562444    0.750097701037
C    0.000908881418    0.500418804225    0.834413055600
C    0.083838766178    0.583350884370    0.917230692008
C    0.166777562185    0.333458124891    0.833253175065
C    0.250234841268    0.416743294091    0.916417544329
C    0.166601613919    0.500156464519    0.666669482648
C    0.250214415981    0.583399851884    0.749850472364
C    0.000107206901    0.666762839056    0.000236220043
C    0.083401200857    0.750059783844    0.083472184332
C    0.000033599640    0.833385053257    0.166772693472
C    0.083309587924    0.916666930499    0.250162023394
C    0.166806889292    0.666639202013    0.166709972731
C    0.250126983135    0.749925610589    0.250170188189
C    0.166739314934    0.833338023913    0.000032933168
C    0.250057931874    0.916624650767    0.083379842247
C    0.000232829951    0.666624046232    0.333070280932
C    0.083304599891    0.750096122324    0.416888923432
C    0.000905979277    0.834415363201    0.500418169664
C    0.083837024019    0.917232053304    0.583352868800
C    0.166602598323    0.666669875134    0.500156869001
C    0.250215673777    0.749849725012    0.583399532206
C    0.166777097276    0.833253229682    0.333455804202
C    0.250235870796    0.916416373534    0.416741623963
C   -0.000493394891    0.666612378664    0.666614468708
C    0.083132030775    0.749889473014    0.749889718871
C   -0.000019791443    0.833363598519    0.833364580678
C    0.083358194503    0.916694934354    0.916694004790
C    0.166828732692    0.666727609234    0.833370638792
C    0.250133138962    0.750040202639    0.916670256286
C    0.166829992738    0.833370437768    0.666729788475
C    0.250133349967    0.916671732071    0.750040793068
C    0.333387499007   -0.000047006000   -0.000047795048
C    0.416664310832    0.083217407783    0.083216977909
C    0.333175363781    0.166550126705    0.166547728872
C    0.416392852321    0.249775320520    0.249773886534
C    0.499997437367   -0.000288173183    0.166699148624
C    0.583192232856    0.083001628479    0.249892286375
C    0.499995813401    0.166698478775   -0.000287409332
C    0.583191711901    0.249893044647    0.083001036225
C    0.333347528778   -0.000283933093    0.333366442971
C    0.416546978062    0.082999984801    0.416600651375
C    0.333005773783    0.166415876739    0.499906589283
C    0.416171130501    0.249521661376    0.583003215088
C    0.500053941728   -0.000218604727    0.500031340852
C    0.583372986400    0.083239807604    0.583289920452
C    0.499676678586    0.166163731539    0.333045380596
C    0.582805548750    0.249212173738    0.416133441293
C    0.333333176122    0.000094466907    0.666608014869
C    0.416791843825    0.083419841956    0.749931109512
C    0.333427827081    0.166790824143    0.833182741874
C    0.416812057673    0.250165886777    0.916301404084
C    0.500115024909    0.000079116676    0.833236265452
C    0.583329046813    0.083511882429    0.916447533879
C    0.500031859845    0.166807289181    0.666411259794
C    0.583562490648    0.250964843246    0.749061759985
C    0.333344266820    0.333368532214   -0.000283434152
C    0.416546246480    0.416602313460    0.083000269781
C    0.333006094217    0.499907906044    0.166416294987
C    0.416167420317    0.583004909042    0.249519820428
C    0.499676511484    0.333045405220    0.166163241826
C    0.582805701759    0.416132897750    0.249211817355
C    0.500052205470    0.500028903414   -0.000219371679
C    0.583373497692    0.583289726381    0.083240180974
C    0.332814995839    0.333080615794    0.333085861922
C    0.415963560244    0.416200395729    0.416201406499
C    0.333317576264    0.499916158108    0.499917482429
C    0.417362373194    0.583208633143    0.583209978745
C    0.498796678862    0.332066911518    0.499509036820
C    0.583734795112    0.416858653816    0.579204430159
C    0.498795410828    0.499507685148    0.332067216646
C    0.583732300972    0.579203898640    0.416858221916
C    0.333510035595    0.333454805782    0.666403233917
C    0.417822600572    0.417025278936    0.748982250428
C    0.333859852704    0.500185701418    0.832855923414
C    0.416737655108    0.583461807866    0.916680777665
C    0.500376748334    0.333728144677    0.832793098055
C    0.583708580749    0.417102211044    0.916143038415
C    0.502001345236    0.500856430564    0.664967214683
C    0.586070596637    0.584554617463    0.748139429973
C    0.333332657046    0.666606574323    0.000095961640
C    0.416790338130    0.749929999869    0.083418457430
C    0.333428769965    0.833184460617    0.166789648727
C    0.416815415281    0.916304805591    0.250167725883
C    0.500033045160    0.666411535861    0.166806693921
C    0.583562631818    0.749060483858    0.250964064976
C    0.500115392939    0.833235323363    0.000079711154
C    0.583328920999    0.916447859554    0.083513250114
C    0.333510625752    0.666401798074    0.333453939157
C    0.417821537672    0.748982623619    0.417024187186
C    0.333860106998    0.832856251315    0.500184007975
C    0.416736483286    0.916680364884    0.583462992405
C    0.502001742984    0.664965512031    0.500854289585
C    0.586069818194    0.748139559353    0.584552454868
C    0.500376754945    0.832793690798    0.333729139748
C    0.583709598542    0.916141926684    0.417101400273
C    0.333722370230    0.666602380841    0.666602510944
C    0.417074124324    0.749933683134    0.749933438664
C    0.333512546669    0.833294651416    0.833295686563
C    0.416836158597    0.916623696935    0.916624513825
C    0.500022620586    0.666486920227    0.833545434234
C    0.583571476885    0.750077784523    0.916668592610
C    0.500021662984    0.833545275171    0.666485968385
C    0.583571299252    0.916668411799    0.750077705586
C    0.666784444982    0.000250089010    0.000250350138
C    0.749942598356    0.083342617334    0.083343300068
C    0.666526607714    0.166332691527    0.166332011313
C    0.749628863354    0.249370908758    0.249371693377
C    0.833248145652    0.000212819618    0.166605201355
C    0.916596175765    0.083469325375    0.250118027550
C    0.833248307666    0.166605016193    0.000213093298
C    0.916597012811    0.250117322117    0.083468327937
C    0.666643381900   -0.000174183730    0.333385037711
C    0.749927007911    0.083270713712    0.416739107557
C    0.666508835605    0.166572989233    0.499880620131
C    0.749837459653    0.250408793789    0.583233886331
C    0.833304939658    0.000063630238    0.500128819741
C    0.916561210955    0.083543430809    0.583390692823
C    0.833024376606    0.166803704474    0.333362431662
C    0.915672172925    0.250975108082    0.416947940389
C    0.666781175659    0.000007441315    0.666667203285
C    0.750026307727    0.083510491922    0.749907756296
C    0.666785704763    0.167090013946    0.832939616561
C    0.750053460266    0.249812690584    0.916929446533
C    0.833382885880    0.000219283517    0.833457635313
C    0.916716390762    0.083447785153    0.916756029474
C    0.833258446752    0.166928994870    0.666650803932
C    0.916602222033    0.250141261926    0.750090492323
C    0.666643323039    0.333384615822   -0.000174425742
C    0.749925927765    0.416737283569    0.083270422529
C    0.666509702182    0.499879220714    0.166574740243
C    0.749836975241    0.583232013199    0.250407449787
C    0.833024206194    0.333362077494    0.166804800251
C    0.915671204999    0.416945022700    0.250973404968
C    0.833305517165    0.500128102872    0.000063180610
C    0.916560952485    0.583390050415    0.083542026973
C    0.666152206029    0.331868369108    0.331867404165
C    0.745835117954    0.416555682099    0.416555054919
C    0.831549500938    0.334887909163    0.500685880341
C    0.914737167280    0.418708420610    0.584389655129
C    0.831549869782    0.500686577869    0.334888536796
C    0.914737901491    0.584385295692    0.418709591100
C    0.667428601008    0.334892454484    0.665093880647
C    0.750928429100    0.418186303283    0.749104547276
C    0.667204444823    0.500495402259    0.832712389549
C    0.750173494283    0.583508722469    0.916396779544
C    0.833115084663    0.332769646444    0.834044039943
C    0.916710365536    0.416796376855    0.916854166013
C    0.839346640114    0.495380101255    0.674148141495
C    0.916074618493    0.582928452132    0.749909987725
C    0.666781823033    0.666667355776    0.000008359757
C    0.750029390711    0.749905395593    0.083510673757
C    0.666785848615    0.832941352415    0.167090832967
C    0.750054013440    0.916928906608    0.249812583294
C    0.833258921903    0.666649905949    0.166926071457
C    0.916601842152    0.750089445999    0.250140866313
C    0.833385144325    0.833458825543    0.000221102952
C    0.916715210401    0.916753540586    0.083448439752
C    0.667429518427    0.665094245067    0.334891509591
C    0.750925389773    0.749102347734    0.418186044513
C    0.667201710793    0.832710541254    0.500497577845
C    0.750172585257    0.916397030835    0.583509167867
C    0.839350236531    0.674150815652    0.495373590674
C    0.916073981642    0.749909213698    0.582932208418
C    0.833115735234    0.834043358027    0.332769752667
C    0.916711505018    0.916853997936    0.416797310062
C    0.665186227941    0.671706058590    0.671708808127
C    0.749453288596    0.749653255519    0.749655056164
C    0.667212649067    0.834315544376    0.834316054524
C    0.749986357130    0.917234501336    0.917236951110
C    0.833286465248    0.666816134845    0.833306126967
C    0.916585189037    0.749944048879    0.916699284311
C    0.833286084641    0.833305763552    0.666817030632
C    0.916584149232    0.916700069102    0.749943616474
N    0.658986435069    0.491627816658    0.491624245054
