&CONTROL
calculation = 'scf'
verbosity = 'high'
tprnfor=.TRUE.
tstress=.TRUE.
wf_collect = .true.
prefix='pwscf'
outdir = './'
pseudo_dir='/home/jinyuchem/program/QE/pseudo-potential'
/
&SYSTEM
ibrav = 0
ecutwfc = 85
tot_charge = -1
nspin = 2
tot_magnetization = 2.0
nbnd = 800
nat = 215
ntyp = 2
/
&ELECTRONS
conv_thr = 1D-10
diago_full_acc=.true.
/
K_POINTS gamma
CELL_PARAMETERS angstrom
10.70400  0.000000  0.000000
0.000000  10.70400  0.000000
0.000000  0.000000  10.70400
ATOMIC_SPECIES
C  12.01099968  C_ONCV_PBE-1.0.upf
N  14.00699997  N_ONCV_PBE-1.0.upf
ATOMIC_POSITIONS crystal
C    0.000030287470    0.000066592307    0.000015091895
C    0.083288045691    0.083415398445    0.083398113326
C   -0.000163768753    0.166838756311    0.166834080790
C    0.082879103331    0.250246034022    0.250255088189
C    0.166646749037   -0.000012365792    0.166718212066
C    0.249869306681    0.083232015817    0.250042492094
C    0.166616813684    0.166721772512   -0.000035297317
C    0.249845254852    0.250007559397    0.083237478443
C   -0.000036986223    0.000274452079    0.333428800942
C    0.083100602407    0.083676242568    0.416752050049
C   -0.000528114607    0.167272177351    0.500225618628
C    0.083148289062    0.250198434229    0.583542224851
C    0.166973057823    0.000298613131    0.500142931605
C    0.250047591214    0.083374074275    0.583318496083
C    0.166321541892    0.166780011776    0.333413929644
C    0.249517599844    0.249988010572    0.416643941465
C    0.000096653771    0.000233172242    0.666737753895
C    0.083381173846    0.083480797247    0.750059138552
C    0.000004349494    0.166794096085    0.833380635217
C    0.083305476643    0.250160458135    0.916672667684
C    0.166736260425    0.000019780503    0.833311589977
C    0.250054336208    0.083372141201    0.916597989746
C    0.166734797482    0.166760854912    0.666632986506
C    0.250114558367    0.250192442901    0.749908038713
C   -0.000068983460    0.333421599080    0.000236379099
C    0.083117492648    0.416705053138    0.083603537346
C   -0.000418896944    0.500179352642    0.167141683546
C    0.083462097854    0.583518070876    0.249890888620
C    0.166316267972    0.333382419034    0.166777035934
C    0.249524016059    0.416587486190    0.250005967737
C    0.166944344620    0.500130617891    0.000263988234
C    0.250033558525    0.583300712416    0.083356042528
C   -0.000728616910    0.333832685045    0.333822042912
C    0.082377278820    0.417267426476    0.417268295075
C   -0.001379019780    0.500909121048    0.500758130814
C    0.082629679036    0.583596170638    0.583574893981
C    0.166200352264    0.333593352722    0.500126666424
C    0.249842441728    0.416831876148    0.583315027946
C    0.166267684959    0.500099324173    0.333562562286
C    0.249887322993    0.583288738667    0.416841957908
C   -0.000082607382    0.333367962936    0.666688571483
C    0.083209641955    0.416958675382    0.750161770618
C    0.000847399944    0.500481413556    0.834535289611
C    0.083876257606    0.583333637571    0.917294183538
C    0.166723829159    0.333484151372    0.833242394227
C    0.250239346863    0.416717613069    0.916376871980
C    0.166494332007    0.500183792375    0.666665641229
C    0.250203334384    0.583383131828    0.749818898632
C    0.000181010303    0.666774701057    0.000299980903
C    0.083484678410    0.750091009723    0.083455750374
C    0.000109646170    0.833465098277    0.166694468824
C    0.083372938625    0.916723036271    0.250152524245
C    0.166898558679    0.666630203418    0.166655496580
C    0.250203697218    0.749917327916    0.250185002225
C    0.166759473231    0.833338375251   -0.000007728126
C    0.250076366307    0.916610270937    0.083376679832
C    0.000455773080    0.666655117749    0.332749893890
C    0.083423455181    0.750160333903    0.416798983815
C    0.000993089971    0.834502716744    0.500371364819
C    0.083911139913    0.917285390645    0.583314309708
C    0.166558096264    0.666672756308    0.500174309792
C    0.250255443368    0.749798850206    0.583411408405
C    0.166852423694    0.833285312869    0.333460391403
C    0.250328510574    0.916396045454    0.416758343220
C   -0.000782222530    0.666533263598    0.666588989806
C    0.083009952148    0.749827612736    0.749827906573
C   -0.000031435707    0.833329290305    0.833356792794
C    0.083375275354    0.916677456503    0.916646039393
C    0.166781509182    0.666695828082    0.833338938943
C    0.250127434301    0.750015015792    0.916622135820
C    0.166808430929    0.833341593579    0.666698161904
C    0.250150628941    0.916616422833    0.750021148381
C    0.333390364738   -0.000071320918   -0.000065245696
C    0.416638000114    0.083184899650    0.083213358006
C    0.333139591769    0.166501813528    0.166529466630
C    0.416299544662    0.249698587847    0.249763823259
C    0.499997000879   -0.000342129086    0.166711399584
C    0.583168570484    0.082933225771    0.249917055709
C    0.499976720239    0.166650769000   -0.000331195219
C    0.583138774584    0.249812630226    0.083001572442
C    0.333385713195   -0.000333383803    0.333393948715
C    0.416550640333    0.082918723518    0.416614308173
C    0.332997575704    0.166397627369    0.499908329347
C    0.416178444879    0.249523500489    0.582969161757
C    0.500142941850   -0.000352061945    0.500055763221
C    0.583414983973    0.083198723005    0.583297971532
C    0.499625465633    0.166081840593    0.333044742232
C    0.582786068411    0.249173880074    0.416098797653
C    0.333425396880    0.000000467566    0.666599497687
C    0.416820732967    0.083391627385    0.749901904552
C    0.333434021205    0.166763051337    0.833150376381
C    0.416802810517    0.250146021847    0.916245265506
C    0.500143778899    0.000019008021    0.833210526329
C    0.583336874575    0.083500054238    0.916393932606
C    0.500058509172    0.166791434217    0.666376798707
C    0.583574545944    0.250996940714    0.749019034073
C    0.333319828427    0.333342831609   -0.000326098359
C    0.416461222622    0.416529414784    0.082995026825
C    0.332929025910    0.499859667505    0.166397819202
C    0.416101280988    0.582940661556    0.249458327981
C    0.499578122265    0.332955507227    0.166110129317
C    0.582735411251    0.416058787327    0.249106755517
C    0.499991937538    0.499958162482   -0.000168465706
C    0.583339384315    0.583255388573    0.083267226886
C    0.332720055636    0.333048142879    0.333091768503
C    0.415908305603    0.416159216768    0.416149360813
C    0.333312865319    0.499885517660    0.499924315335
C    0.417454659186    0.583147460720    0.583222657576
C    0.498850125350    0.332116199181    0.499469010361
C    0.583895283929    0.416990086715    0.579313089701
C    0.498737155250    0.499450486454    0.331936090902
C    0.583713883460    0.579308388152    0.416570204774
C    0.333510743119    0.333470645882    0.666358346312
C    0.417839836956    0.416982384880    0.748946326313
C    0.333871320838    0.500169016497    0.832820852440
C    0.416679872482    0.583429778419    0.916741950647
C    0.500398947195    0.333722247129    0.832766060222
C    0.583681988482    0.417016810047    0.916272797333
C    0.502053302076    0.500850028641    0.665068925007
C    0.585829701199    0.584332760493    0.748764600730
C    0.333315409538    0.666563151976    0.000097810402
C    0.416773912228    0.749905124526    0.083424143106
C    0.333472552509    0.833161004040    0.166796250703
C    0.416854179483    0.916229352522    0.250204278777
C    0.499996884226    0.666365768722    0.166774305236
C    0.583558671456    0.749030249079    0.250876244902
C    0.500112099456    0.833222711282    0.000108539343
C    0.583330697817    0.916432433072    0.083514711596
C    0.333546246611    0.666328236988    0.333488576069
C    0.417895513645    0.748884182573    0.417038772328
C    0.333971113851    0.832757782097    0.500220694027
C    0.416927497126    0.916454314118    0.583498491319
C    0.502099084414    0.664850496555    0.500823724169
C    0.586428079871    0.747680326655    0.584431868987
C    0.500455254542    0.832685553926    0.333766171895
C    0.583808639382    0.915990849700    0.417142778102
C    0.333786521238    0.666542556621    0.666587650456
C    0.417163107992    0.749816040586    0.749984114328
C    0.333559489267    0.833254031637    0.833275496773
C    0.416834272546    0.916589379173    0.916605753496
C    0.499976419469    0.666374486500    0.833761537129
C    0.583570454266    0.750045348543    0.916790455497
C    0.500314683254    0.833236676039    0.666548323465
C    0.583677930699    0.916559266710    0.750103855513
C    0.666784558305    0.000243137193    0.000235197474
C    0.749948462138    0.083348298571    0.083341661137
C    0.666476306247    0.166262043863    0.166329182931
C    0.749577452266    0.249369119996    0.249380874692
C    0.833258922285    0.000328474098    0.166546098209
C    0.916585811328    0.083569023657    0.250138463802
C    0.833225516154    0.166543515315    0.000260409853
C    0.916579446319    0.250099898835    0.083512586728
C    0.666668006175   -0.000216266789    0.333412390308
C    0.749912655543    0.083287981560    0.416767053175
C    0.666487534084    0.166580992542    0.499896561362
C    0.749786721689    0.250535354776    0.583270876257
C    0.833330299649    0.000055842233    0.500132396360
C    0.916514705156    0.083605808785    0.583422941325
C    0.832983076437    0.166861982235    0.333427009422
C    0.915561838259    0.251108012042    0.417022576462
C    0.666818481059   -0.000070627956    0.666647628735
C    0.750032975858    0.083503441925    0.749885788326
C    0.666788503526    0.167074319365    0.832929909643
C    0.750070727036    0.249706289130    0.917054771135
C    0.833398515815    0.000180840681    0.833423153297
C    0.916712117545    0.083435529151    0.916724724433
C    0.833239096957    0.166980990986    0.666660795388
C    0.916512985722    0.250214811588    0.750181434666
C    0.666596870698    0.333294363296   -0.000100802217
C    0.749895390939    0.416683227734    0.083312110739
C    0.666459561529    0.499831630466    0.166516750046
C    0.749834443777    0.583243122386    0.250283785341
C    0.833001566782    0.333348003339    0.166809457346
C    0.915634690300    0.416948787351    0.250931955908
C    0.833312500658    0.500100443408    0.000159287005
C    0.916581740201    0.583406296372    0.083573832704
C    0.666098725961    0.331890286397    0.331823422786
C    0.745970420189    0.416627505572    0.416388881687
C    0.831477986451    0.335065418921    0.500776449224
C    0.914194885197    0.419187476756    0.584549808734
C    0.831657794814    0.500754675361    0.334653036641
C    0.915125840814    0.584568946819    0.418014056951
C    0.667495093928    0.334974031338    0.665248107654
C    0.751018040443    0.417991776313    0.749694443994
C    0.667103226527    0.500285546870    0.833074802502
C    0.750168918267    0.583480571476    0.916602148906
C    0.833007512365    0.332693293007    0.834298163631
C    0.916710937582    0.416744384460    0.917003833576
C    0.838097301939    0.496119043786    0.674511947156
C    0.915915579554    0.582841077517    0.750260395509
C    0.666776554746    0.666638630115    0.000095893153
C    0.750044365131    0.749935080796    0.083522066943
C    0.666793749836    0.832977940637    0.167042428415
C    0.750115070455    0.917081862745    0.249644515489
C    0.833312530893    0.666690988521    0.166843149325
C    0.916710858107    0.750212083702    0.249932906352
C    0.833438203899    0.833511722530    0.000273289804
C    0.916750525751    0.916823536893    0.083432647086
C    0.667447900597    0.665208963673    0.334607218015
C    0.751137422087    0.749540804443    0.417417109524
C    0.667416150916    0.832513047912    0.500446047089
C    0.750227182289    0.916281200505    0.583516960598
C    0.840089325784    0.674960544991    0.493603041532
C    0.916137767539    0.749975428968    0.582687680875
C    0.833147994690    0.834312244723    0.332412787875
C    0.916768882017    0.916986321311    0.416692123465
C    0.665300844103    0.670979174913    0.672520066121
C    0.749660584823    0.749532031228    0.750038744661
C    0.667258633175    0.834212286556    0.834389998467
C    0.750019167500    0.917217746515    0.917259357634
C    0.833461163814    0.666849269087    0.833634558790
C    0.916634155343    0.749967709284    0.916834221723
C    0.833303595493    0.833091356736    0.666746502110
C    0.916563677252    0.916588019078    0.749898207883
N    0.659303036604    0.492080135217    0.491524415384
