&control
    calculation = 'scf',
    prefix='pwscf',
    pseudo_dir='/home/jinyuchem/program/QE/pseudo-potential',
    outdir = './',
    verbosity='high',
    tprnfor=.TRUE.,
    wf_collect=.TRUE.
    nstep = 100
    forc_conv_thr = 0.00039
    nstep = 100
    max_seconds = 84000
/
&system
    ibrav=0,
    nat = 249
    ntyp=2,
    ecutwfc = 60,
    nbnd = 1000,
    nspin = 2
    tot_magnetization = 0
/
&electrons
    diago_full_acc=.true.,
    conv_thr=1.0D-8
/
&IONS
    ion_dynamics='bfgs'
    ion_positions='default'
/
ATOMIC_SPECIES
Mg  24.305  Mg_ONCV_PBE-1.0.upf
O   15.999  O_ONCV_PBE-1.0.upf
K_POINTS gamma
CELL_PARAMETERS {angstrom}
15.06137443927346    0.0000000000000000     0.0000000000000000
7.530687219636731    13.043532880320424     0.0000000000000000
7.530687219636731    4.3478442934401410     12.297560733739028
ATOMIC_POSITIONS {crystal}
Mg            0.0998975203        0.0998975203        0.0999658154
Mg            0.0999737957        0.0999737957        0.2999400739
Mg            0.1000146691        0.1000146691        0.4999775780
Mg            0.0999282498        0.0999282498        0.7001716219
Mg            0.0998782673        0.0998782673        0.9001333192
Mg            0.1000311563        0.2999388425        0.0999067625
Mg            0.1000649408        0.3000154304        0.2998990341
Mg            0.0997291712        0.2999589372        0.5000575566
Mg            0.0996815871        0.2997881314        0.7004309295
Mg            0.0999595489        0.2998375132        0.9000629318
Mg            0.0999600232        0.5001036847        0.0999101836
Mg            0.0996432010        0.5002353861        0.2998241673
Mg            0.1000398038        0.5000462722        0.4999433618
Mg            0.0996104815        0.5000487457        0.7003657254
Mg            0.0999487874        0.5000142902        0.9000432362
Mg            0.0998149247        0.7003272931        0.0998522527
Mg            0.0995449734        0.7004634226        0.2998295934
Mg            0.0995243173        0.7004105342        0.5000816309
Mg            0.0998407108        0.7001481115        0.7001287838
Mg            0.0999033794        0.7002242727        0.9000047300
Mg            0.0997909596        0.9001862488        0.0999167115
Mg            0.0998419641        0.9000899624        0.2999025763
Mg            0.0999301187        0.9001267616        0.4999715150
Mg            0.0999404818        0.9001670864        0.7000809592
Mg            0.0998816359        0.9001850991        0.9000500307
Mg            0.2999388425        0.1000311563        0.0999067625
Mg            0.3000154304        0.1000649408        0.2998990341
Mg            0.2999589372        0.0997291712        0.5000575566
Mg            0.2997881314        0.0996815871        0.7004309295
Mg            0.2998375132        0.0999595489        0.9000629318
Mg            0.3000092720        0.3000092720        0.0999149287
Mg            0.3000975626        0.3000975626        0.2999351785
Mg            0.2991529373        0.2991529373        0.5008481366
Mg            0.3000032395        0.3000032395        0.6999054424
Mg            0.2999396791        0.2999396791        0.8999923961
Mg            0.2998861064        0.5002050129        0.0995857141
Mg            0.2991094735        0.5010287502        0.2989986545
Mg            0.2990704289        0.5009834252        0.5008707092
Mg            0.2998555610        0.5001218665        0.7003405106
Mg            0.2999666448        0.5000669394        0.8999777970
Mg            0.2997603361        0.7005325488        0.0996013253
Mg            0.2998943222        0.7000643779        0.2999663817
Mg            0.2998042645        0.7004637754        0.5000847374
Mg            0.2998810139        0.7001628015        0.7000908371
Mg            0.2998234077        0.7001913461        0.8999821127
Mg            0.2997695970        0.9001229345        0.0999960563
Mg            0.2999059245        0.9001265371        0.2999171862
Mg            0.2999523819        0.9001243439        0.4999981565
Mg            0.2999002318        0.9000357951        0.7001185854
Mg            0.2997504183        0.9001158670        0.9000750609
Mg            0.5001036847        0.0999600232        0.0999101836
Mg            0.5002353861        0.0996432010        0.2998241673
Mg            0.5000462722        0.1000398038        0.4999433618
Mg            0.5000487457        0.0996104815        0.7003657254
Mg            0.5000142902        0.0999487874        0.9000432362
Mg            0.5002050129        0.2998861064        0.0995857141
Mg            0.5010287502        0.2991094735        0.2989986545
Mg            0.5009834252        0.2990704289        0.5008707092
Mg            0.5001218665        0.2998555610        0.7003405106
Mg            0.5000669394        0.2999666448        0.8999777970
Mg            0.4999834199        0.4999834199        0.1000593064
Mg            0.5009219982        0.5009219982        0.2990982751
Mg            0.4999751796        0.4999751796        0.4999822094
Mg            0.4999855797        0.4999855797        0.7000234340
Mg            0.5000110579        0.5000110579        0.8999788553
Mg            0.5000150450        0.7003801548        0.0996811347
Mg            0.5000474532        0.7004028341        0.2999285825
Mg            0.4999612635        0.7000070338        0.5000773775
Mg            0.4998837175        0.6999780398        0.7001016981
Mg            0.4998957063        0.7000273119        0.9000355232
Mg            0.4999379447        0.9001027816        0.1000056223
Mg            0.5000357127        0.9000356974        0.2999918865
Mg            0.4999542703        0.8999910350        0.5000557293
Mg            0.4998689495        0.8999742180        0.7000851814
Mg            0.4998664404        0.9000118701        0.9000601499
Mg            0.7003272931        0.0998149247        0.0998522527
Mg            0.7004634226        0.0995449734        0.2998295934
Mg            0.7004105342        0.0995243173        0.5000816309
Mg            0.7001481115        0.0998407108        0.7001287838
Mg            0.7002242727        0.0999033794        0.9000047300
Mg            0.7005325488        0.2997603361        0.0996013253
Mg            0.7000643779        0.2998943222        0.2999663817
Mg            0.7004637754        0.2998042645        0.5000847374
Mg            0.7001628015        0.2998810139        0.7000908371
Mg            0.7001913461        0.2998234077        0.8999821127
Mg            0.7003801548        0.5000150450        0.0996811347
Mg            0.7004028341        0.5000474532        0.2999285825
Mg            0.7000070338        0.4999612635        0.5000773775
Mg            0.6999780398        0.4998837175        0.7001016981
Mg            0.7000273119        0.4998957063        0.9000355232
Mg            0.7001095713        0.7001095713        0.0999753032
Mg            0.7000567777        0.7000567777        0.3000365019
Mg            0.6999726138        0.6999726138        0.5000388621
Mg            0.6999184901        0.6999184901        0.7000823243
Mg            0.6999979100        0.6999979100        0.9000084282
Mg            0.7001543295        0.9000453567        0.0999606368
Mg            0.7001623349        0.8999083267        0.2999214499
Mg            0.6999533808        0.8998974261        0.5000436729
Mg            0.6999934662        0.8998595407        0.7001038059
Mg            0.7000605797        0.8999742857        0.9000921735
Mg            0.9001862488        0.0997909596        0.0999167115
Mg            0.9000899624        0.0998419641        0.2999025763
Mg            0.9001267616        0.0999301187        0.4999715150
Mg            0.9001670864        0.0999404818        0.7000809592
Mg            0.9001850991        0.0998816359        0.9000500307
Mg            0.9001229345        0.2997695970        0.0999960563
Mg            0.9001265371        0.2999059245        0.2999171862
Mg            0.9001243439        0.2999523819        0.4999981565
Mg            0.9000357951        0.2999002318        0.7001185854
Mg            0.9001158670        0.2997504183        0.9000750609
Mg            0.9001027815        0.4999379447        0.1000056223
Mg            0.9000356974        0.5000357127        0.2999918865
Mg            0.8999910350        0.4999542703        0.5000557293
Mg            0.8999742180        0.4998689495        0.7000851814
Mg            0.9000118701        0.4998664404        0.9000601499
Mg            0.9000453567        0.7001543295        0.0999606368
Mg            0.8999083267        0.7001623349        0.2999214499
Mg            0.8998974261        0.6999533808        0.5000436729
Mg            0.8998595407        0.6999934662        0.7001038059
Mg            0.8999742857        0.7000605797        0.9000921735
Mg            0.9000966694        0.9000966694        0.0999268469
Mg            0.9000058935        0.9000058935        0.2998994631
Mg            0.8999607847        0.8999607847        0.4999853785
Mg            0.9000336274        0.9000336274        0.7000494812
Mg            0.9001096638        0.9001096638        0.9000313129
O            -0.0000050959       -0.0000050959       -0.0000077308
O            -0.0000936829       -0.0000936829        0.1998283715
O            -0.0000203034       -0.0000203034        0.3999070996
O             0.0000265471        0.0000265471        0.6001086090
O             0.0000938484        0.0000938484        0.8001520286
O            -0.0000035910        0.1996237885        0.0000751885
O             0.0000402753        0.1998259572        0.1998876085
O             0.0001084558        0.1999560146        0.3999387289
O             0.0000494567        0.1999408144        0.6001491536
O             0.0000081901        0.1997149807        0.8002678376
O             0.0000287784        0.3998440333        0.0000198808
O             0.0000731732        0.4000275059        0.1998821958
O            -0.0000955749        0.4000667054        0.3999642902
O            -0.0000668501        0.3998620679        0.6001460907
O            -0.0001480295        0.3997528989        0.8002850431
O            -0.0000266331        0.6001818447       -0.0000221194
O            -0.0000583260        0.6002945228        0.1998251716
O            -0.0001213402        0.6001681354        0.3998794206
O            -0.0001649677        0.6000072655        0.6001047161
O            -0.0001165206        0.6000189286        0.8001406098
O             0.0000008736        0.8003676390       -0.0000843487
O            -0.0001059680        0.8002912421        0.1997344373
O            -0.0002544598        0.8001758019        0.3998937703
O            -0.0001498269        0.8000750850        0.6000996152
O            -0.0000275972        0.8001803224        0.8001076496
O             0.1996237885       -0.0000035910        0.0000751885
O             0.1998259572        0.0000402753        0.1998876085
O             0.1999560146        0.0001084558        0.3999387289
O             0.1999408144        0.0000494567        0.6001491536
O             0.1997149807        0.0000081901        0.8002678376
O             0.1998744400        0.1998744400        0.0000044676
O             0.2000119292        0.2000119292        0.1998508238
O             0.2000100137        0.2000100137        0.3999913038
O             0.1998525026        0.1998525026        0.6002340979
O             0.1998010808        0.1998010808        0.8001709681
O             0.1999257849        0.4000726867       -0.0000548611
O             0.1999295145        0.4001782258        0.1998295395
O             0.1994076832        0.4001011208        0.3999134375
O             0.1993563590        0.4000290412        0.6006007688
O             0.1998818244        0.3999850359        0.8000743649
O             0.1998105456        0.6003334847       -0.0000811167
O             0.1997341192        0.6003980798        0.1997168692
O             0.1993308809        0.6007157276        0.3999367830
O             0.1996976457        0.6002675366        0.6001657137
O             0.1998362020        0.6001819348        0.8000782710
O             0.1996213350        0.8003835678       -0.0000493341
O             0.1996896066        0.8002634856        0.1998239583
O             0.1997478553        0.8002570677        0.3999697255
O             0.1998007921        0.8002376536        0.6000998268
O             0.1997882109        0.8002655285        0.8001230617
O             0.3998440333        0.0000287784        0.0000198808
O             0.4000275059        0.0000731732        0.1998821958
O             0.4000667054       -0.0000955749        0.3999642902
O             0.3998620679       -0.0000668501        0.6001460907
O             0.3997528989       -0.0001480295        0.8002850431
O             0.4000726867        0.1999257849       -0.0000548611
O             0.4001782258        0.1999295145        0.1998295395
O             0.4001011208        0.1994076832        0.3999134375
O             0.4000290412        0.1993563590        0.6006007688
O             0.3999850359        0.1998818244        0.8000743649
O             0.3999974198        0.3999974198       -0.0001496934
O             0.4000399544        0.4000399544        0.1993047229
O             0.4000045147        0.4000045147        0.6005628192
O             0.3999864310        0.3999864310        0.8001298284
O             0.3998017456        0.6002241757       -0.0000929249
O             0.3999398866        0.6007320300        0.1993110073
O             0.3999192779        0.6007375440        0.3999914992
O             0.3998299866        0.6001397876        0.6000845005
O             0.3998401874        0.6001121827        0.8000835390
O             0.3997142463        0.8002974365       -0.0001214695
O             0.3998922492        0.8002152325        0.1999046349
O             0.3999069757        0.8002769555        0.4000050155
O             0.3998736417        0.8000408692        0.6001285222
O             0.3997257490        0.8001128369        0.8001312723
O             0.6001818447       -0.0000266331       -0.0000221194
O             0.6002945228       -0.0000583260        0.1998251716
O             0.6001681354       -0.0001213402        0.3998794206
O             0.6000072655       -0.0001649677        0.6001047161
O             0.6000189286       -0.0001165206        0.8001406098
O             0.6003334847        0.1998105456       -0.0000811167
O             0.6003980798        0.1997341192        0.1997168692
O             0.6007157276        0.1993308809        0.3999367830
O             0.6002675366        0.1996976457        0.6001657137
O             0.6001819348        0.1998362020        0.8000782710
O             0.6002241757        0.3998017456       -0.0000929249
O             0.6007320300        0.3999398866        0.1993110073
O             0.6007375440        0.3999192779        0.3999914992
O             0.6001397876        0.3998299866        0.6000845005
O             0.6001121827        0.3998401874        0.8000835390
O             0.6000717312        0.6000717312       -0.0001041038
O             0.6001750448        0.6001750448        0.1998609603
O             0.6000585197        0.6000585197        0.4000201710
O             0.5999432131        0.5999432131        0.6000770386
O             0.5999523062        0.5999523062        0.8000580061
O             0.5999727701        0.8000990891        0.0000119175
O             0.6000885502        0.8000981927        0.1999811598
O             0.6000445044        0.8000115546        0.3999911212
O             0.5999040538        0.7999378432        0.6000789336
O             0.5998823864        0.7999938435        0.8000915833
O             0.8003676390        0.0000008736       -0.0000843487
O             0.8002912421       -0.0001059680        0.1997344373
O             0.8001758019       -0.0002544598        0.3998937703
O             0.8000750850       -0.0001498269        0.6000996152
O             0.8001803224       -0.0000275972        0.8001076496
O             0.8003835678        0.1996213350       -0.0000493341
O             0.8002634856        0.1996896066        0.1998239583
O             0.8002570677        0.1997478553        0.3999697255
O             0.8002376536        0.1998007921        0.6000998268
O             0.8002655285        0.1997882109        0.8001230617
O             0.8002974365        0.3997142463       -0.0001214695
O             0.8002152325        0.3998922492        0.1999046349
O             0.8002769555        0.3999069757        0.4000050155
O             0.8000408692        0.3998736417        0.6001285222
O             0.8001128369        0.3997257490        0.8001312723
O             0.8000990891        0.5999727701        0.0000119175
O             0.8000981927        0.6000885502        0.1999811598
O             0.8000115546        0.6000445044        0.3999911212
O             0.7999378432        0.5999040538        0.6000789336
O             0.7999938435        0.5998823864        0.8000915833
O             0.8001291972        0.8001291972        0.0000024091
O             0.8001516156        0.8001516156        0.1998805601
O             0.8000013199        0.8000013199        0.3998821117
O             0.7999139452        0.7999139452        0.6000648402
O             0.7999890942        0.7999890942        0.8001435984
