C    0.000020322354    0.000058949583    0.000058949486
C    0.083289233028    0.083395598901    0.083395698822
C   -0.000139340875    0.166785498279    0.166785598239
C    0.082935771666    0.250180944117    0.250180944647
C    0.166635301606   -0.000031300324    0.166728672363
C    0.249891847447    0.083225145489    0.250017522433
C    0.166635301602    0.166728672403   -0.000031300419
C    0.249891847445    0.250017522424    0.083225145412
C   -0.000070312162    0.000118956818    0.333455349970
C    0.083089973630    0.083562261084    0.416720345725
C   -0.000463868238    0.167183484761    0.500162753381
C    0.083398780170    0.250002390808    0.583426924083
C    0.166931047734    0.000264447297    0.500140793093
C    0.250020425143    0.083353925689    0.583304541957
C    0.166359973271    0.166706710777    0.333364839624
C    0.249626743319    0.249897358920    0.416570888928
C    0.000103709573    0.000225720435    0.666743229802
C    0.083386797748    0.083483192664    0.750050847867
C    0.000024933324    0.166808650559    0.833358432306
C    0.083306132214    0.250174084398    0.916639630691
C    0.166725750021    0.000058950078    0.833353621835
C    0.250062399324    0.083395699893    0.916622632498
C    0.166803552734    0.166672259180    0.666614279447
C    0.250113987588    0.250143104150    0.749927191323
C   -0.000070312165    0.333455450413    0.000119056698
C    0.083089973111    0.416720345637    0.083562360486
C   -0.000463868217    0.500162953783    0.167183585218
C    0.083398780719    0.583427023471    0.250002390788
C    0.166359973271    0.333364839048    0.166706710739
C    0.249626743319    0.416570888322    0.249897358911
C    0.166931047732    0.500140792996    0.000264547181
C    0.250020424625    0.583304642383    0.083354026108
C   -0.000605063299    0.333769165485    0.333769166060
C    0.082661095955    0.417150070014    0.417149970124
C   -0.000816067342    0.500653166071    0.500653166709
C    0.082963205553    0.583547531517    0.583547532140
C    0.166413573967    0.333442062012    0.500031517473
C    0.249921532826    0.416752056062    0.583290562847
C    0.166413574487    0.500031517376    0.333442062069
C    0.249921533347    0.583290662768    0.416752056668
C    0.000375770443    0.333116642424    0.666572068671
C    0.083368070401    0.416888573640    0.750069643292
C    0.001040135480    0.500450492089    0.834373634486
C    0.083907652679    0.583371218134    0.917241052125
C    0.166785558242    0.333455449919    0.833263086796
C    0.250228861506    0.416720344626    0.916423272061
C    0.166682644177    0.500136183710    0.666662576939
C    0.250220580272    0.583391431704    0.749879469684
C    0.000103709576    0.666743329242    0.000225719818
C    0.083386798292    0.750050847878    0.083483292565
C    0.000024933846    0.833358332382    0.166808649997
C    0.083306132739    0.916639631299    0.250174084403
C    0.166803552760    0.666614379406    0.166672359117
C    0.250114088111    0.749927091354    0.250143204157
C    0.166725750023    0.833353621890    0.000059049983
C    0.250062399845    0.916622632584    0.083395699818
C    0.000375667401    0.666572068111    0.333116645044
C    0.083368071444    0.750069643822    0.416888574246
C    0.001040137500    0.834373636044    0.500450391721
C    0.083907653201    0.917240952757    0.583371017209
C    0.166682644700    0.666662677916    0.500136183807
C    0.250220580274    0.749879469691    0.583391331802
C    0.166785458767    0.833263087371    0.333455349451
C    0.250228962029    0.916423272667    0.416720244709
C   -0.000135553622    0.666678221629    0.666678222688
C    0.083289903368    0.749925227370    0.749925227366
C    0.000034310829    0.833367509824    0.833367509769
C    0.083368856349    0.916702155905    0.916702155817
C    0.166892419361    0.666743228771    0.833436909552
C    0.250149791601    0.750050748371    0.916720098233
C    0.166892419860    0.833436909606    0.666743128810
C    0.250149791598    0.916720098319    0.750050748362
C    0.333395372374   -0.000031298814   -0.000031298926
C    0.416684222405    0.083225146500    0.083225246926
C    0.333195046156    0.166528344174    0.166528344657
C    0.416397263524    0.249730862031    0.249730862541
C    0.500031539100   -0.000306727666    0.166706812230
C    0.583237487878    0.082960242373    0.249897359430
C    0.500031539103    0.166706711768   -0.000306727758
C    0.583237487880    0.249897358900    0.082960342296
C    0.333373412241   -0.000306828160    0.333364839127
C    0.416563959916    0.082960242373    0.416570887913
C    0.332998576585    0.166332075102    0.499880552425
C    0.416081790820    0.249415190321    0.582971835959
C    0.500108661526   -0.000252925952    0.500031515464
C    0.583418756611    0.083254833892    0.583290561851
C    0.499684626312    0.166102774401    0.333018226357
C    0.582777671992    0.249168040544    0.416111072545
C    0.333338858141    0.000136953802    0.666614277466
C    0.416809803654    0.083447388633    0.749927091820
C    0.333452298747    0.166785599273    0.833193958582
C    0.416847744619    0.250181044120    0.916269070615
C    0.500122149928    0.000118859298    0.833263087317
C    0.583387044184    0.083562162572    0.916423373573
C    0.500064889874    0.166819422295    0.666379747529
C    0.583647486096    0.251085183963    0.748969715161
C    0.333373412239    0.333364838554   -0.000306728274
C    0.416563859916    0.416570887830    0.082960342298
C    0.332998576585    0.499880652313    0.166332175581
C    0.416081790820    0.582971936904    0.249415190826
C    0.499684626312    0.333018225784    0.166102875364
C    0.582777671992    0.416111171920    0.249168141071
C    0.500108662047    0.500031515372   -0.000252826068
C    0.583418756609    0.583290661755    0.083254933794
C    0.332769276366    0.333018126300    0.333018126357
C    0.415834641561    0.416111171920    0.416111072545
C    0.333258583491    0.499868997151    0.499868997245
C    0.417202271972    0.583193080203    0.583192980299
C    0.498616597388    0.331949896366    0.499458730191
C    0.583428650691    0.416761952105    0.579080185829
C    0.498616597386    0.499458830097    0.331949896939
C    0.583428650689    0.579080185759    0.416761852208
C    0.333486121748    0.333398189366    0.666379748518
C    0.417751983471    0.416980785048    0.748969614153
C    0.333850285209    0.500162851779    0.832869432230
C    0.416668989326    0.583427025967    0.916732281622
C    0.500435965541    0.333769164988    0.832728236673
C    0.583816569566    0.417150068012    0.915994596389
C    0.501756434563    0.500764454783    0.664903404058
C    0.585689197231    0.584431117098    0.748206370509
C    0.333338858141    0.666614277448    0.000136954207
C    0.416809803632    0.749927091848    0.083447488558
C    0.333452299268    0.833193959158    0.166785599751
C    0.416847744619    0.916268971219    0.250181044647
C    0.500064889870    0.666379748009    0.166819422236
C    0.583647486088    0.748969715170    0.251085184490
C    0.500122149926    0.833263087371    0.000118959724
C    0.583387044180    0.916423273678    0.083562263013
C    0.333486121750    0.666379748999    0.333398289401
C    0.417752083471    0.748969614680    0.416980785133
C    0.333850285730    0.832869432806    0.500162751370
C    0.416668988810    0.916732282741    0.583426824003
C    0.501756434561    0.664903505038    0.500764354379
C    0.585689195205    0.748206374595    0.584431016170
C    0.500435965019    0.832728237229    0.333769165561
C    0.583816669041    0.915994597017    0.417149967618
C    0.333656113280    0.666604393421    0.666604393461
C    0.416938365391    0.749972135206    0.749972135216
C    0.333475348501    0.833358232879    0.833358333325
C    0.416840783385    0.916639532764    0.916639532678
C    0.499783238491    0.666571960678    0.833709273396
C    0.583555273709    0.750069543306    0.916701471409
C    0.499783240544    0.833709170397    0.666571960726
C    0.583555273709    0.916701472015    0.750069543316
C    0.666807493544    0.000264348802    0.000264449187
C    0.749971138941    0.083353825705    0.083354026108
C    0.666547150877    0.166332076113    0.166332176075
C    0.749638333946    0.249415190299    0.249415190826
C    0.833280879430    0.000137052341    0.166672159115
C    0.916593690334    0.083447487166    0.250143104652
C    0.833280879432    0.166672159677    0.000137051204
C    0.916593690334    0.250143104643    0.083447486547
C    0.666698114934   -0.000252825955    0.333442062069
C    0.749957261802    0.083254932879    0.416752057165
C    0.666535596735    0.166592000206    0.499868997248
C    0.749859780769    0.250535370963    0.583193081791
C    0.833329175932    0.000016144755    0.500136284325
C    0.916546170204    0.083553881342    0.583391432800
C    0.833046346545    0.166819521280    0.333398190933
C    0.915636414671    0.251085183961    0.416980787639
C    0.666802983256    0.000016045770    0.666662576440
C    0.750058232769    0.083553782353    0.749879569187
C    0.666829551857    0.167183285754    0.832869531738
C    0.750093421065    0.250002192309    0.916732478135
C    0.833410129296    0.000225520437    0.833436909033
C    0.916717448371    0.083483092664    0.916720096224
C    0.833271193452    0.166989314842    0.666604493960
C    0.916638636216    0.250271664918    0.749972235197
C    0.666698114938    0.333442062014   -0.000252726070
C    0.749957261804    0.416752056556    0.083255032798
C    0.666535596713    0.499868997151    0.166591983474
C    0.749859780765    0.583193282211    0.250535371490
C    0.833046346547    0.333398190355    0.166819521238
C    0.915636314671    0.416980787029    0.251085184467
C    0.833329176452    0.500136283708    0.000016244632
C    0.916546170204    0.583391532719    0.083553981256
C    0.666125329657    0.331949896342    0.331949896920
C    0.745746883310    0.416761952112    0.416761852735
C    0.831570102071    0.335089634534    0.500764356433
C    0.914872875498    0.419022394193    0.584430994037
C    0.831570102589    0.500764455775    0.335089534592
C    0.914872877019    0.584431110658    0.419022393302
C    0.667431156873    0.335089634545    0.664903403075
C    0.751097475197    0.419022292581    0.748206574118
C    0.667319866179    0.500653165049    0.832517531120
C    0.750214332604    0.583547630527    0.916296705522
C    0.833238588277    0.333116545949    0.833709448718
C    0.916736143817    0.416888473637    0.916701670344
C    0.839516011995    0.496635880484    0.672849367004
C    0.916193077142    0.582872284778    0.749526474133
C    0.666802983772    0.666662676901    0.000016045652
C    0.750058232767    0.749879569196    0.083553782252
C    0.666829651834    0.832869532313    0.167183486732
C    0.750093420045    0.916732379283    0.250002292294
C    0.833271193452    0.666604593920    0.166989314258
C    0.916638635700    0.749972235724    0.250271664406
C    0.833410129296    0.833436909110    0.000225620319
C    0.916717448373    0.916720096832    0.083483192565
C    0.667431155329    0.664903604036    0.335089533602
C    0.751097476735    0.748206573084    0.419022295746
C    0.667319864642    0.832517531194    0.500653166165
C    0.750214332582    0.916296706130    0.583547530110
C    0.839516011473    0.672849572471    0.496635783629
C    0.916193073132    0.749526471644    0.582872181814
C    0.833238588264    0.833709363953    0.333116547036
C    0.916736143819    0.916701671492    0.416888474243
C    0.663302758711    0.672849393651    0.672849390716
C    0.749539076403    0.749526470152    0.749526469646
C    0.667117297087    0.834373539025    0.834373538452
C    0.750037915731    0.917240954235    0.917240954145
C    0.833345022187    0.666678322600    0.833197845826
C    0.916592128880    0.749925325888    0.916623203309
C    0.833345021669    0.833197846416    0.666678223160
C    0.916592128878    0.916623203918    0.749925225882
N    0.658348405000    0.491681603343    0.491681505044
