&control
    calculation = 'scf',
    prefix='pwscf',
    pseudo_dir='/home/jinyuchem/program/QE/pseudo-potential',
    outdir = './',
    verbosity='high',
    tprnfor=.TRUE.,
    tstress=.TRUE.,
    wf_collect=.TRUE.
    forc_conv_thr = 0.0000039
    etot_conv_thr = 1.0D-7
    nstep = 100
/
&system
    ibrav=0,
    nat = 215
    ntyp=2,
    ecutwfc = 60,
    nbnd = 900,
    nspin = 2
    tot_magnetization = 0
/
&electrons
    diago_full_acc=.true.,
    conv_thr=1.0D-10
/
&IONS
    ion_dynamics='bfgs'
    ion_positions='default'
/
ATOMIC_SPECIES
Mg  24.305  Mg_ONCV_PBE-1.0.upf
O   15.999  O_ONCV_PBE-1.0.upf
K_POINTS gamma
CELL_PARAMETERS {angstrom}
        12.78000000       0.000000000        0.000000000
        0.000000000       12.78000000        0.000000000
        0.000000000       0.000000000        12.78000000
ATOMIC_POSITIONS {crystal}
Mg       0.000000009   0.000000009   0.000000009
Mg       0.000000009   0.000000010   0.333256488
Mg       0.000000010   0.000000010   0.666743533
Mg       0.000000010   0.333256488   0.000000009
Mg       0.000000010   0.333189190   0.333189190
Mg       0.000000010   0.333189189   0.666810833
Mg       0.000000010   0.666743534   0.000000010
Mg       0.000000010   0.666810834   0.333189189
Mg       0.000000010   0.666810834   0.666810834
Mg       0.333256488   0.000000009   0.000000009
Mg       0.333189189   0.000000011   0.333189189
Mg       0.333189189   0.000000010   0.666810834
Mg       0.333189190   0.333189190   0.000000011
Mg       0.333305523   0.333305523   0.333305523
Mg       0.333305520   0.333305521   0.666694516
Mg       0.333189189   0.666810834   0.000000010
Mg       0.333305520   0.666694516   0.333305521
Mg       0.333305517   0.666694518   0.666694519
Mg       0.666743534   0.000000010   0.000000010
Mg       0.666810834   0.000000010   0.333189189
Mg       0.666810835   0.000000010   0.666810834
Mg       0.666810833   0.333189189   0.000000011
Mg       0.666694516   0.333305520   0.333305521
Mg       0.666694519   0.333305518   0.666694518
Mg       0.666810834   0.666810834   0.000000010
Mg       0.666694519   0.666694519   0.333305518
Mg       0.666694521   0.666694521   0.666694521
Mg       0.000000009   0.166629029   0.166629028
Mg       0.000000011   0.166468914   0.500000011
Mg       0.000000009   0.166629028   0.833370991
Mg       0.000000011   0.500000011   0.166468914
Mg       0.000000011   0.500000012   0.500000012
Mg       0.000000011   0.500000011   0.833531109
Mg       0.000000009   0.833370991   0.166629028
Mg       0.000000011   0.833531109   0.500000011
Mg       0.000000009   0.833370991   0.833370991
Mg       0.333264658   0.166621085   0.166621085
Mg       0.333011165   0.166200735   0.500000014
Mg       0.333264658   0.166621083   0.833378937
Mg       0.333011166   0.500000014   0.166200735
Mg       0.331553866   0.500000025   0.500000025
Mg       0.333011163   0.500000014   0.833799296
Mg       0.333264658   0.833378938   0.166621083
Mg       0.333011163   0.833799296   0.500000014
Mg       0.333264658   0.833378939   0.833378939
Mg       0.666735365   0.166621084   0.166621084
Mg       0.666988865   0.166200730   0.500000014
Mg       0.666735365   0.166621083   0.833378938
Mg       0.666988865   0.500000014   0.166200730
Mg       0.668446174   0.500000024   0.500000025
Mg       0.666988867   0.500000014   0.833799300
Mg       0.666735365   0.833378938   0.166621083
Mg       0.666988867   0.833799300   0.500000014
Mg       0.666735365   0.833378939   0.833378939
Mg       0.166629029   0.000000009   0.166629028
Mg       0.166468914   0.000000011   0.500000011
Mg       0.166629028   0.000000009   0.833370991
Mg       0.166621085   0.333264658   0.166621085
Mg       0.166200734   0.333011166   0.500000014
Mg       0.166621083   0.333264658   0.833378938
Mg       0.166621084   0.666735365   0.166621084
Mg       0.166200730   0.666988865   0.500000014
Mg       0.166621083   0.666735364   0.833378938
Mg       0.500000011   0.000000011   0.166468914
Mg       0.500000012   0.000000012   0.500000012
Mg       0.500000011   0.000000011   0.833531109
Mg       0.500000014   0.333011166   0.166200734
Mg       0.500000025   0.331553867   0.500000025
Mg       0.500000014   0.333011163   0.833799296
Mg       0.500000014   0.666988865   0.166200730
Mg       0.500000024   0.668446173   0.500000025
Mg       0.500000014   0.666988867   0.833799300
Mg       0.833370991   0.000000009   0.166629028
Mg       0.833531110   0.000000011   0.500000011
Mg       0.833370991   0.000000009   0.833370991
Mg       0.833378938   0.333264658   0.166621083
Mg       0.833799296   0.333011163   0.500000014
Mg       0.833378939   0.333264658   0.833378939
Mg       0.833378938   0.666735365   0.166621083
Mg       0.833799300   0.666988867   0.500000014
Mg       0.833378939   0.666735365   0.833378939
Mg       0.166629029   0.166629029   0.000000009
Mg       0.166621085   0.166621085   0.333264658
Mg       0.166621084   0.166621084   0.666735364
Mg       0.166468914   0.500000011   0.000000011
Mg       0.166200734   0.500000014   0.333011166
Mg       0.166200730   0.500000014   0.666988865
Mg       0.166629029   0.833370991   0.000000009
Mg       0.166621083   0.833378938   0.333264658
Mg       0.166621083   0.833378938   0.666735364
Mg       0.500000011   0.166468914   0.000000011
Mg       0.500000014   0.166200735   0.333011166
Mg       0.500000014   0.166200731   0.666988865
Mg       0.500000012   0.500000012   0.000000012
Mg       0.500000024   0.500000025   0.331553866
Mg       0.500000025   0.500000024   0.668446174
Mg       0.500000011   0.833531109   0.000000011
Mg       0.500000014   0.833799296   0.333011163
Mg       0.500000014   0.833799299   0.666988867
Mg       0.833370991   0.166629029   0.000000009
Mg       0.833378938   0.166621084   0.333264658
Mg       0.833378938   0.166621083   0.666735364
Mg       0.833531109   0.500000011   0.000000011
Mg       0.833799296   0.500000014   0.333011163
Mg       0.833799300   0.500000014   0.666988867
Mg       0.833370991   0.833370991   0.000000009
Mg       0.833378939   0.833378939   0.333264658
Mg       0.833378939   0.833378939   0.666735364
O        0.000000008   0.166636442   0.000000007
O        0.000000009   0.166619930   0.333292250
O        0.000000009   0.166619930   0.666707766
O        0.000000010   0.500000007   0.000000010
O        0.000000010   0.500000008   0.333269674
O        0.000000010   0.500000008   0.666730344
O        0.000000007   0.833363572   0.000000008
O        0.000000009   0.833380086   0.333292249
O        0.000000009   0.833380087   0.666707767
O        0.333292250   0.166619930   0.000000009
O        0.333281170   0.166532871   0.333281170
O        0.333281168   0.166532867   0.666718851
O        0.333269674   0.500000008   0.000000011
O        0.332581345   0.500000027   0.332581346
O        0.332581324   0.500000027   0.667418723
O        0.333292249   0.833380086   0.000000009
O        0.333281166   0.833467153   0.333281166
O        0.333281165   0.833467157   0.666718854
O        0.666707766   0.166619930   0.000000009
O        0.666718851   0.166532867   0.333281168
O        0.666718852   0.166532863   0.666718853
O        0.666730344   0.500000008   0.000000010
O        0.667418722   0.500000027   0.332581325
O        0.667418743   0.500000026   0.667418742
O        0.666707767   0.833380087   0.000000009
O        0.666718855   0.833467157   0.333281165
O        0.666718856   0.833467161   0.666718856
O        0.000000008   0.000000008   0.166636440
O        0.000000010   0.000000010   0.500000007
O        0.000000008   0.000000007   0.833363574
O        0.000000009   0.333292250   0.166619931
O        0.000000010   0.333269674   0.500000008
O        0.000000009   0.333292249   0.833380086
O        0.000000009   0.666707766   0.166619930
O        0.000000010   0.666730344   0.500000008
O        0.000000009   0.666707767   0.833380087
O        0.333292250   0.000000009   0.166619930
O        0.333269673   0.000000011   0.500000008
O        0.333292249   0.000000009   0.833380086
O        0.333281170   0.333281170   0.166532872
O        0.332581344   0.332581346   0.500000027
O        0.333281166   0.333281166   0.833467153
O        0.333281168   0.666718851   0.166532867
O        0.332581323   0.667418723   0.500000027
O        0.333281165   0.666718855   0.833467157
O        0.666707766   0.000000009   0.166619930
O        0.666730344   0.000000010   0.500000008
O        0.666707767   0.000000009   0.833380087
O        0.666718851   0.333281168   0.166532867
O        0.667418724   0.332581324   0.500000027
O        0.666718854   0.333281165   0.833467157
O        0.666718852   0.666718852   0.166532863
O        0.667418743   0.667418742   0.500000027
O        0.666718856   0.666718856   0.833467161
O        0.166637029   0.166637029   0.166637029
O        0.166468617   0.166468617   0.500000008
O        0.166637028   0.166637028   0.833362986
O        0.166468617   0.500000009   0.166468617
O        0.166380064   0.500000012   0.500000011
O        0.166468610   0.500000009   0.833531408
O        0.166637029   0.833362987   0.166637028
O        0.166468609   0.833531408   0.500000008
O        0.166637027   0.833362988   0.833362987
O        0.500000008   0.166468617   0.166468617
O        0.500000012   0.166380065   0.500000012
O        0.500000009   0.166468609   0.833531409
O        0.500000011   0.500000011   0.166380065
O        0.500000012   0.500000011   0.833619966
O        0.500000008   0.833531408   0.166468609
O        0.500000011   0.833619966   0.500000011
O        0.500000009   0.833531415   0.833531416
O        0.833362987   0.166637028   0.166637028
O        0.833531409   0.166468609   0.500000009
O        0.833362987   0.166637027   0.833362987
O        0.833531408   0.500000009   0.166468610
O        0.833619966   0.500000011   0.500000012
O        0.833531416   0.500000009   0.833531416
O        0.833362987   0.833362988   0.166637028
O        0.833531416   0.833531416   0.500000009
O        0.833362988   0.833362988   0.833362988
O        0.166636441   0.000000007   0.000000007
O        0.166619930   0.000000009   0.333292250
O        0.166619930   0.000000009   0.666707766
O        0.166619931   0.333292250   0.000000009
O        0.166532871   0.333281170   0.333281170
O        0.166532867   0.333281168   0.666718851
O        0.166619930   0.666707766   0.000000009
O        0.166532867   0.666718851   0.333281168
O        0.166532863   0.666718852   0.666718852
O        0.500000007   0.000000010   0.000000010
O        0.500000008   0.000000011   0.333269674
O        0.500000008   0.000000010   0.666730344
O        0.500000008   0.333269673   0.000000011
O        0.500000027   0.332581346   0.332581346
O        0.500000026   0.332581325   0.667418722
O        0.500000008   0.666730344   0.000000010
O        0.500000027   0.667418722   0.332581325
O        0.500000027   0.667418741   0.667418742
O        0.833363574   0.000000008   0.000000008
O        0.833380086   0.000000009   0.333292249
O        0.833380087   0.000000009   0.666707767
O        0.833380086   0.333292249   0.000000009
O        0.833467153   0.333281166   0.333281166
O        0.833467158   0.333281165   0.666718855
O        0.833380087   0.666707767   0.000000009
O        0.833467158   0.666718855   0.333281164
O        0.833467161   0.666718856   0.666718856
