&CONTROL
calculation = 'scf'
verbosity = 'high'
tprnfor=.TRUE.
tstress=.TRUE.
wf_collect = .true.
prefix='pwscf'
outdir = './'
pseudo_dir='/home/jinyuchem/program/QE/pseudo-potential'
/
&SYSTEM
ibrav = 0
ecutwfc = 85
tot_charge = -1
nspin = 2
tot_magnetization = 2.0
nbnd = 800
nat = 215
ntyp = 2
/
&ELECTRONS
conv_thr = 1D-10
diago_full_acc=.true.
/
K_POINTS gamma
CELL_PARAMETERS angstrom
10.70400  0.000000  0.000000
0.000000  10.70400  0.000000
0.000000  0.000000  10.70400
ATOMIC_SPECIES
C  12.01099968  C_ONCV_PBE-1.0.upf
N  14.00699997  N_ONCV_PBE-1.0.upf
ATOMIC_POSITIONS crystal
C   -0.000038338746    0.000003161373    0.000088311638
C    0.083257445264    0.083356297702    0.083385298324
C   -0.000188370400    0.166737469022    0.166745853708
C    0.082923384740    0.250111201812    0.250098045717
C    0.166587450290   -0.000092728382    0.166726225741
C    0.249884568859    0.083167903585    0.249948161062
C    0.166636517118    0.166720282996   -0.000053675077
C    0.249923716486    0.250006373555    0.083159746632
C   -0.000150334513   -0.000066208492    0.333492757573
C    0.083048607258    0.083440567756    0.416643172765
C   -0.000360623487    0.167007899186    0.500087690933
C    0.083913302829    0.249541378253    0.583358848352
C    0.166879204489    0.000223598327    0.500109700719
C    0.249996536894    0.083338841942    0.583270037998
C    0.166341180994    0.166606231308    0.333276396727
C    0.249718895957    0.249752943639    0.416415856670
C    0.000088439682    0.000163614035    0.666730488524
C    0.083396045171    0.083420156720    0.750041864513
C    0.000062395077    0.166793259138    0.833323488231
C    0.083351024820    0.250159723055    0.916628476304
C    0.166664925803    0.000080488622    0.833381621118
C    0.250069279389    0.083428576530    0.916629669216
C    0.166992659486    0.166470268633    0.666534678521
C    0.250201185255    0.250068694228    0.749915292664
C   -0.000098128938    0.333505389885   -0.000001864648
C    0.083018290854    0.416721412279    0.083563352801
C   -0.000544327302    0.500164939115    0.167226455450
C    0.083389470978    0.583399287868    0.250055609760
C    0.166348525975    0.333328306501    0.166613224906
C    0.249706833001    0.416508733205    0.249725645383
C    0.166925257139    0.500130214906    0.000283117847
C    0.250017579487    0.583299668774    0.083371248747
C   -0.000513280744    0.333684277502    0.333703570125
C    0.083126162919    0.416932498606    0.416932438671
C    0.000113687058    0.500077409078    0.500330342748
C    0.083480698199    0.583442241840    0.583478243376
C    0.166687435105    0.333194165981    0.499865455824
C    0.250023535248    0.416632745222    0.583200619493
C    0.166574503749    0.499910238028    0.333247435923
C    0.249949183416    0.583243563245    0.416617600714
C    0.001315083138    0.332467139812    0.666225140809
C    0.083823773615    0.416672914921    0.750005318700
C    0.001319684871    0.500481825463    0.834062489230
C    0.083987936082    0.583333188309    0.917182024978
C    0.166962707668    0.333400498188    0.833272828780
C    0.250279938558    0.416700559062    0.916476955345
C    0.166935644532    0.500072378037    0.666639818627
C    0.250251878543    0.583413652108    0.749948046147
C   -0.000053539485    0.666668539385    0.000053413854
C    0.083222630112    0.749988377718    0.083462825584
C   -0.000113660734    0.833183269146    0.166959313243
C    0.083239227359    0.916543880815    0.250172954874
C    0.166718261150    0.666539447435    0.166647693292
C    0.250052786015    0.749899539074    0.250081828553
C    0.166625545368    0.833336970326    0.000127037431
C    0.250032745979    0.916609191894    0.083420837394
C    0.000417283062    0.666280800279    0.333497885666
C    0.083467539752    0.750006927505    0.416939116968
C    0.001077357921    0.834116278910    0.500665248695
C    0.083931633642    0.917194836390    0.583365410084
C    0.166829982255    0.666626453455    0.500088627258
C    0.250166370578    0.749979401876    0.583366748571
C    0.166749263650    0.833200165887    0.333440744682
C    0.250132933378    0.916442824886    0.416632604145
C    0.000661124853    0.666954980258    0.666862934015
C    0.083663944791    0.750014661863    0.750013573824
C    0.000041772944    0.833329351631    0.833283522817
C    0.083292031272    0.916677184730    0.916729555248
C    0.167027597093    0.666800356210    0.833573428438
C    0.250120306256    0.750115393777    0.916883239257
C    0.166983866436    0.833567610428    0.666796113309
C    0.250082563930    0.916891844780    0.750104821957
C    0.333383840579    0.000006355589   -0.000004586540
C    0.416733516987    0.083247369283    0.083199008605
C    0.333215593404    0.166500679179    0.166454599345
C    0.416474413107    0.249698129839    0.249589412822
C    0.500082480624   -0.000330578669    0.166720593630
C    0.583319344262    0.082914974785    0.249871210414
C    0.500115682453    0.166823661127   -0.000350237998
C    0.583367797174    0.250047865899    0.082799703073
C    0.333376632095   -0.000346599027    0.333309099034
C    0.416595727014    0.082937775944    0.416464038569
C    0.332995901816    0.166216513251    0.499777322525
C    0.416004190157    0.249317675793    0.582891910713
C    0.500058005939   -0.000170462704    0.499982848284
C    0.583440426565    0.083318972104    0.583228183807
C    0.499740798685    0.166081659510    0.332929260407
C    0.582758883111    0.249174407618    0.416125762079
C    0.333142395417    0.000437201711    0.666590632323
C    0.416800146608    0.083628357776    0.749925253350
C    0.333523238826    0.166864227460    0.833176851751
C    0.416961118948    0.250279814284    0.916201911824
C    0.500079634813    0.000360411811    0.833324818789
C    0.583446254510    0.083735815979    0.916446354968
C    0.500105590313    0.166885770250    0.666296361927
C    0.583727321952    0.251145279059    0.748853795845
C    0.333484414850    0.333394884781   -0.000357287878
C    0.416742134849    0.416606725802    0.082811981698
C    0.333108726975    0.499858416926    0.166217626695
C    0.416132586254    0.582939402378    0.249426515697
C    0.499818162976    0.333079518068    0.166034520305
C    0.582842608707    0.416193140290    0.249286290547
C    0.500307735914    0.500146287059   -0.000475737569
C    0.583564776238    0.583300009779    0.083204357360
C    0.332795845731    0.332923583993    0.332852424610
C    0.415728243029    0.416025054885    0.416042193150
C    0.333139902802    0.499812966625    0.499749947465
C    0.416781972043    0.583275186149    0.583149618634
C    0.498369709188    0.331815285571    0.499419671659
C    0.582775770779    0.416506428253    0.579300584106
C    0.498558236749    0.499450536167    0.332115230644
C    0.583077978305    0.579308411353    0.417206366747
C    0.333464704409    0.333306996457    0.666327639469
C    0.417518048735    0.416937736588    0.748975425850
C    0.333787204669    0.500182019149    0.832946562144
C    0.416516859125    0.583546250402    0.916812664229
C    0.500518385212    0.333869887760    0.832551054745
C    0.584019439889    0.417351571716    0.915522429440
C    0.501075024745    0.500723437577    0.664964393787
C    0.584299558178    0.584648318137    0.748355525571
C    0.333323888883    0.666651060733    0.000276435330
C    0.416877456642    0.749920140973    0.083574008065
C    0.333459603467    0.833159130317    0.166808320372
C    0.416877429518    0.916228424795    0.250180802556
C    0.500207810511    0.666315260116    0.166914231591
C    0.583755136922    0.748835545904    0.251346166200
C    0.500131796009    0.833305625018    0.000210321404
C    0.583456629109    0.916384344856    0.083709794712
C    0.333405627553    0.666377289457    0.333277609526
C    0.417425535468    0.749078539675    0.416842408689
C    0.333621940898    0.833049996336    0.500096045477
C    0.416105798207    0.917291232577    0.583431929134
C    0.500998910521    0.665328898220    0.500766500362
C    0.583301927641    0.750162925778    0.584482137036
C    0.500426086698    0.832685223237    0.333795141421
C    0.583809734117    0.915992333493    0.417140254565
C    0.333417190619    0.666739450446    0.666665949863
C    0.416411914370    0.750343599799    0.750064241471
C    0.333295481796    0.833534485528    0.833499280322
C    0.416814576997    0.916767281819    0.916739360775
C    0.499230923550    0.666748607111    0.833796972996
C    0.583431161407    0.750199346821    0.916744548420
C    0.498667772684    0.834671233503    0.666458799421
C    0.583252074784    0.917129975911    0.750101066825
C    0.666818192176    0.000317860914    0.000329299758
C    0.749997963864    0.083384146672    0.083392872509
C    0.666608563648    0.166443910258    0.166330595984
C    0.749655962488    0.249575187003    0.249555394123
C    0.833269321513   -0.000108012834    0.166828205141
C    0.916563540929    0.083332531810    0.250158668062
C    0.833325137502    0.166834320065    0.000003973237
C    0.916573886363    0.250223658867    0.083426767540
C    0.666741092198   -0.000396077766    0.333495778673
C    0.749982442790    0.083169757567    0.416740792179
C    0.666589118841    0.166581812804    0.499794569124
C    0.749987381069    0.250536268099    0.583069502257
C    0.833309923884   -0.000111417138    0.500158046732
C    0.916566237898    0.083469876581    0.583347311615
C    0.833064291884    0.166768094590    0.333379732561
C    0.915727441897    0.250959878965    0.416870759288
C    0.666792877772    0.000099977995    0.666668341414
C    0.750108672107    0.083641828357    0.749834513680
C    0.666927565603    0.167338720414    0.832763125763
C    0.750256072229    0.250363266909    0.916290479552
C    0.833406726081    0.000251972222    0.833431686235
C    0.916731075974    0.083496518952    0.916711350784
C    0.833358074986    0.166981863079    0.666542394504
C    0.916960658437    0.250214530416    0.749734618335
C    0.666858871780    0.333694425570   -0.000589220248
C    0.750010354086    0.416882142336    0.083130001216
C    0.666634104803    0.499904413579    0.166688892300
C    0.749908092348    0.583115501948    0.250955559161
C    0.833032951093    0.333511888740    0.166855740371
C    0.915605571424    0.416992374982    0.251253595740
C    0.833338090832    0.500211729229   -0.000283204937
C    0.916452463178    0.583375259957    0.083524519062
C    0.666148014950    0.332191562817    0.332303254897
C    0.745982902583    0.417110856748    0.417508445304
C    0.832060494003    0.334943618710    0.500846078608
C    0.917082920751    0.417592054290    0.584286579737
C    0.831761279081    0.500881573040    0.335631120852
C    0.915531613471    0.584253665312    0.419547429883
C    0.667425420056    0.335096121020    0.664666221723
C    0.751283053900    0.419584555610    0.746806072214
C    0.667531777906    0.501117973985    0.831579447298
C    0.750265540420    0.583635438882    0.915748712458
C    0.833471353879    0.333592211802    0.832902096186
C    0.916867132667    0.417030107222    0.916389039803
C    0.842203446341    0.496118235410    0.670403421514
C    0.917263508212    0.582840547009    0.748911337745
C    0.666862318712    0.666684828481   -0.000178160002
C    0.750089474562    0.749754400538    0.083609454987
C    0.666918674878    0.832684739813    0.167390822749
C    0.750181974970    0.916246135396    0.250464584822
C    0.833234037953    0.666493711085    0.167211607851
C    0.916630115224    0.749684283844    0.250684381146
C    0.833340941142    0.833285447124    0.000096760100
C    0.916667421806    0.916547562133    0.083500415658
C    0.667504862277    0.664730987341    0.335707295557
C    0.751085093439    0.747061844047    0.420542675012
C    0.667011511867    0.832515696278    0.500849207680
C    0.750168965488    0.916283617791    0.583574267243
C    0.838885659758    0.669653496628    0.500311581169
C    0.916893586985    0.749385881228    0.583096216748
C    0.833237304753    0.832879118336    0.334059106917
C    0.916771335658    0.916418096728    0.417117176785
C    0.658593112842    0.676291366582    0.673720970081
C    0.749252579458    0.750125269545    0.749280363743
C    0.666964337392    0.834600818986    0.834304151374
C    0.749968516387    0.917309411346    0.917238233413
C    0.833186357858    0.666429126544    0.832188620028
C    0.916448302144    0.749780560636    0.916178959543
C    0.833449793826    0.833093948115    0.666599591407
C    0.916565158650    0.916589288615    0.749897011955
N    0.657820265592    0.492080556610    0.493006765002
