&CONTROL
calculation = 'scf'
restart_mode = 'from_scratch'
verbosity = 'high'
wf_collect = .true.
pseudo_dir='/home/jinyuchem/program/QE/pseudo-potential'
tprnfor = .true.
/
&SYSTEM
ibrav = 0
ecutwfc = 60
tot_charge = -1
nspin = 2
tot_magnetization = 2.0
nbnd = 456
nat = 215
ntyp = 2
input_dft = 'PBE0'
exx_fraction = 0.18
ecutfock = 120
/
&ELECTRONS
conv_thr = 1D-8
diago_full_acc=.true.
mixing_beta = 0.3
/
K_POINTS gamma
CELL_PARAMETERS angstrom
10.65000  0.000000  0.000000
0.000000  10.65000  0.000000
0.000000  0.000000  10.65000
ATOMIC_SPECIES
C  12.01099968  C_ONCV_PBE-1.0.upf
N  14.00699997  N_ONCV_PBE-1.0.upf
ATOMIC_POSITIONS crystal
C    0.000018366540    0.000054128123    0.000053661574
C    0.083277405990    0.083389257817    0.083389393264
C   -0.000139559349    0.166797395665    0.166798060101
C    0.082955823302    0.250176673098    0.250178303944
C    0.166638023073   -0.000030095323    0.166734353589
C    0.249885518313    0.083228133716    0.250022018473
C    0.166638504475    0.166735122512   -0.000030402525
C    0.249884321553    0.250022484247    0.083227125039
C   -0.000068287962    0.000144011750    0.333443141485
C    0.083098154089    0.083556306674    0.416723609812
C   -0.000437879368    0.167149621323    0.500157963794
C    0.083368268893    0.250006528550    0.583431989377
C    0.166922746656    0.000250096319    0.500133293932
C    0.250019554093    0.083355884103    0.583302994160
C    0.166377553352    0.166727634465    0.333362285261
C    0.249633837147    0.249935019510    0.416590295931
C    0.000104579010    0.000231115055    0.666752939848
C    0.083393492149    0.083477268790    0.750055576273
C    0.000029495663    0.166799505974    0.833368654482
C    0.083303900735    0.250173809047    0.916654519286
C    0.166737706368    0.000048714027    0.833342660303
C    0.250062271750    0.083386416095    0.916623648302
C    0.166812995712    0.166695525146    0.666629794458
C    0.250121098874    0.250155561108    0.749924616983
C   -0.000068275833    0.333443983859    0.000144474605
C    0.083098089119    0.416723586284    0.083555911437
C   -0.000437348610    0.500157693846    0.167149174551
C    0.083368032110    0.583431887905    0.250006827273
C    0.166378213150    0.333362053314    0.166725769973
C    0.249631678663    0.416592394978    0.249932469420
C    0.166923049371    0.500132967129    0.000249864170
C    0.250019695376    0.583302979997    0.083355605790
C   -0.000584558475    0.333735747839    0.333736079640
C    0.082607526203    0.417157824496    0.417156658917
C   -0.000969137607    0.500688307538    0.500687709486
C    0.082873571334    0.583542095934    0.583542823925
C    0.166387409804    0.333467863093    0.500048052378
C    0.249914184170    0.416783777327    0.583288909163
C    0.166387801374    0.500048771308    0.333467435634
C    0.249914111579    0.583288462836    0.416783874722
C    0.000297182331    0.333090560167    0.666596942768
C    0.083330459253    0.416895070406    0.750080450042
C    0.000962383422    0.500432370417    0.834384929989
C    0.083858550631    0.583354306772    0.917228106141
C    0.166786372484    0.333455232274    0.833250729277
C    0.250227521924    0.416734195056    0.916424283351
C    0.166646355670    0.500149232528    0.666667542248
C    0.250218258149    0.583395571452    0.749865337739
C    0.000105039365    0.666753949412    0.000230341962
C    0.083393426466    0.750054818489    0.083477542965
C    0.000029192372    0.833368250452    0.166798398131
C    0.083303656450    0.916654332838    0.250172608104
C    0.166813024281    0.666629949293    0.166694794773
C    0.250120970196    0.749924006784    0.250155634029
C    0.166738823467    0.833342977448    0.000047527034
C    0.250062613148    0.916623982018    0.083385828449
C    0.000297480290    0.666596666973    0.333090649418
C    0.083331223001    0.750079647437    0.416894261116
C    0.000960933882    0.834386127709    0.500431958938
C    0.083857629551    0.917228728521    0.583355262453
C    0.166646848195    0.666667724075    0.500149443908
C    0.250218829918    0.749864898046    0.583395320007
C    0.166786089542    0.833250745201    0.333454092459
C    0.250228124011    0.916423795312    0.416733154825
C   -0.000306046532    0.666651593856    0.666652708018
C    0.083215715469    0.749908573104    0.749908699773
C    0.000010593985    0.833364468207    0.833364918474
C    0.083362720701    0.916704227588    0.916703761511
C    0.166865964976    0.666739431381    0.833399714479
C    0.250145503217    0.750045325649    0.916696474298
C    0.166866281723    0.833399586300    0.666740397216
C    0.250145114766    0.916699458471    0.750046083637
C    0.333393270384   -0.000041429399   -0.000041813580
C    0.416678746438    0.083214463629    0.083214324849
C    0.333180436241    0.166541487438    0.166540292389
C    0.416402683179    0.249759079691    0.249758136437
C    0.500013881284   -0.000295428926    0.166702083223
C    0.583213631814    0.082982642773    0.249896115642
C    0.500013114728    0.166701455872   -0.000294876495
C    0.583213332578    0.249896550509    0.082982418616
C    0.333356008065   -0.000292469622    0.333360913902
C    0.416561593623    0.082982700296    0.416590731807
C    0.333006469252    0.166383891024    0.499896224396
C    0.416141739051    0.249484181560    0.582990485485
C    0.500077704328   -0.000231572117    0.500029481918
C    0.583392852400    0.083242067657    0.583283900171
C    0.499690948300    0.166150309621    0.333037186743
C    0.582798176387    0.249209420194    0.416135172755
C    0.333334148888    0.000117875420    0.666613773624
C    0.416806709216    0.083432588859    0.749926061396
C    0.333437709613    0.166792560630    0.833181386053
C    0.416826038548    0.250165111771    0.916293085698
C    0.500121601849    0.000099795242    0.833245905274
C    0.583354202480    0.083529813416    0.916440449146
C    0.500050493936    0.166817344325    0.666397644428
C    0.583600364239    0.251009639436    0.749031622168
C    0.333354521156    0.333362561903   -0.000291737916
C    0.416561090911    0.416591271696    0.082982542329
C    0.333005954358    0.499896440233    0.166383938821
C    0.416139771508    0.582991066946    0.249483532661
C    0.499690929192    0.333036886955    0.166149993167
C    0.582798250851    0.416134919768    0.249209203971
C    0.500076802273    0.500028204267   -0.000231801536
C    0.583393102902    0.583283825821    0.083242302130
C    0.332803402436    0.333052217944    0.333058649445
C    0.415916310139    0.416169926950    0.416170440175
C    0.333284555757    0.499891767329    0.499892430579
C    0.417275725315    0.583197173842    0.583198423939
C    0.498715394826    0.332019497782    0.499493009246
C    0.583571662408    0.416815759690    0.579155347990
C    0.498714385625    0.499492182220    0.332019616079
C    0.583570479751    0.579155167371    0.416815496022
C    0.333493122886    0.333424492943    0.666396196098
C    0.417775532983    0.417000135101    0.748993551078
C    0.333840635276    0.500172133854    0.832870817761
C    0.416705308807    0.583439105352    0.916713581882
C    0.500391824117    0.333731688552    0.832774056619
C    0.583744566270    0.417114919181    0.916086801783
C    0.501863193186    0.500803355438    0.664943190267
C    0.585876207840    0.584484458786    0.748179626468
C    0.333333740035    0.666613230240    0.000118823135
C    0.416805928726    0.749925473804    0.083431973573
C    0.333438169658    0.833182107400    0.166791926104
C    0.416828745661    0.916296017380    0.250167131226
C    0.500051932514    0.666398020772    0.166816675164
C    0.583600445449    0.749030958840    0.251009188595
C    0.500121851924    0.833245315798    0.000100154901
C    0.583354039194    0.916441138364    0.083530671289
C    0.333493538134    0.666395422489    0.333424069567
C    0.417775056232    0.748993716983    0.416999551843
C    0.333841271377    0.832870322451    0.500170432257
C    0.416705076176    0.916713416206    0.583439664248
C    0.501863499566    0.664942268327    0.500802292666
C    0.585875803045    0.748179666885    0.584483431567
C    0.500392012406    0.832774425075    0.333732240031
C    0.583745059891    0.916086233434    0.417114438394
C    0.333687639528    0.666606332471    0.666606803372
C    0.417013021117    0.749950843114    0.749950737065
C    0.333496480354    0.833321895376    0.833322782835
C    0.416848103238    0.916633286528    0.916633711531
C    0.499907708449    0.666528912243    0.833621771289
C    0.583564942921    0.750072051145    0.916688160017
C    0.499907256756    0.833621680984    0.666528447789
C    0.583564942044    0.916688019203    0.750072030191
C    0.666794982395    0.000251235677    0.000251421400
C    0.749955651349    0.083343346531    0.083343752528
C    0.666540633401    0.166337903447    0.166337629281
C    0.749632726853    0.249393125747    0.249393533080
C    0.833261750736    0.000177004771    0.166641779296
C    0.916595614166    0.083456572677    0.250132445158
C    0.833261919622    0.166641810214    0.000177262164
C    0.916596074968    0.250132073154    0.083456075636
C    0.666672831260   -0.000212428195    0.333407622146
C    0.749940514862    0.083256966476    0.416749163314
C    0.666524570662    0.166584072958    0.499874061001
C    0.749850540739    0.250462529191    0.583211983436
C    0.833315239219    0.000041296553    0.500135090678
C    0.916557983736    0.083545176805    0.583388115693
C    0.833029262928    0.166812836749    0.333376026924
C    0.915667700684    0.251013933622    0.416961133562
C    0.666798777901    0.000013506581    0.666666076838
C    0.750043697249    0.083531538674    0.749893605350
C    0.666809824707    0.167128050793    0.832911370721
C    0.750072525078    0.249904289351    0.916833860888
C    0.833394821558    0.000222381614    0.833443462020
C    0.916722306929    0.083464381921    0.916743960152
C    0.833261155690    0.166964423914    0.666630846167
C    0.916619775447    0.250208976660    0.750030135472
C    0.666672755695    0.333407410438   -0.000212465573
C    0.749940098813    0.416748080069    0.083256854184
C    0.666525009567    0.499873343182    0.166584963394
C    0.749849951954    0.583210461682    0.250461525900
C    0.833029132749    0.333375881706    0.166813294554
C    0.915667185785    0.416959735716    0.251013008720
C    0.833315634510    0.500134779942    0.000041075958
C    0.916557837768    0.583387961991    0.083544385167
C    0.666146611748    0.331912978176    0.331912517703
C    0.745789394000    0.416668495832    0.416668197588
C    0.831557884582    0.334983943423    0.500720007673
C    0.914804664712    0.418864909848    0.584405694238
C    0.831558072008    0.500720346594    0.334984219521
C    0.914805031017    0.584403508161    0.418865556397
C    0.667433505222    0.334984973736    0.665001243617
C    0.751015521184    0.418599949125    0.748653938156
C    0.667253761207    0.500555642555    0.832625327406
C    0.750190733408    0.583520219174    0.916353149064
C    0.833169002837    0.332939863168    0.833868763374
C    0.916723512621    0.416848597942    0.916780893234
C    0.839439363477    0.496006387390    0.673497595491
C    0.916142757976    0.582902448320    0.749723933181
C    0.666799088213    0.666666165513    0.000014020140
C    0.750046250249    0.749892645281    0.083530322141
C    0.666809517338    0.832913200187    0.167128630596
C    0.750072659395    0.916833540527    0.249904313695
C    0.833261631516    0.666630160670    0.166962735405
C    0.916619580931    0.750029601432    0.250208785866
C    0.833396036277    0.833444036848    0.000223203412
C    0.916721123167    0.916742475109    0.083465053858
C    0.667433957896    0.665001510205    0.334984520498
C    0.751014000732    0.748652770316    0.418599777442
C    0.667252290065    0.832624393320    0.500556768856
C    0.750190176318    0.916353264469    0.583520543066
C    0.839441165253    0.673499023210    0.496003085401
C    0.916142437737    0.749723532615    0.582904283796
C    0.833169326366    0.833868364460    0.332939870932
C    0.916724082319    0.916780693730    0.416849023065
C    0.664227340174    0.672271210411    0.672272601762
C    0.749491185251    0.749580286299    0.749581186877
C    0.667169374580    0.834332321200    0.834332586127
C    0.750011328776    0.917228025381    0.917229277353
C    0.833310198642    0.666749844468    0.833250089319
C    0.916592042284    0.749935400318    0.916666959134
C    0.833310006614    0.833249891945    0.666750252700
C    0.916591566529    0.916667291681    0.749935189550
N    0.658642145441    0.491666450078    0.491664623909
