&CONTROL
calculation = 'scf'
verbosity = 'high'
tprnfor=.TRUE.
tstress=.TRUE.
wf_collect = .true.
prefix='pwscf'
outdir = './'
pseudo_dir='/home/jinyuchem/program/QE/pseudo-potential'
/
&SYSTEM
ibrav = 0
ecutwfc = 85
tot_charge = -1
nspin = 2
tot_magnetization = 2.0
nbnd = 800
nat = 215
ntyp = 2
/
&ELECTRONS
conv_thr = 1D-10
diago_full_acc=.true.
/
K_POINTS gamma
CELL_PARAMETERS angstrom
10.70400  0.000000  0.000000
0.000000  10.70400  0.000000
0.000000  0.000000  10.70400
ATOMIC_SPECIES
C  12.01099968  C_ONCV_PBE-1.0.upf
N  14.00699997  N_ONCV_PBE-1.0.upf
ATOMIC_POSITIONS crystal
C    0.000002602118    0.000086052637    0.000028106108
C    0.083272533416    0.083406014114    0.083387381321
C   -0.000179900217    0.166795907242    0.166790656353
C    0.082893707112    0.250175401865    0.250185973653
C    0.166643046708   -0.000031729816    0.166730156411
C    0.249890724985    0.083190252407    0.250025367433
C    0.166608703919    0.166732982872   -0.000057289073
C    0.249863165190    0.249984007559    0.083196974147
C   -0.000066307798    0.000135773845    0.333475943048
C    0.083055227434    0.083613641310    0.416744226896
C   -0.000535880248    0.167257285100    0.500202190104
C    0.083300896345    0.250109901330    0.583449109916
C    0.166956364625    0.000297768128    0.500149328848
C    0.250030958295    0.083370626512    0.583308570885
C    0.166327860451    0.166692540995    0.333371319901
C    0.249602422130    0.249851824167    0.416564351879
C    0.000020616440    0.000149492370    0.666706182575
C    0.083310995170    0.083480536374    0.750031187295
C   -0.000037505300    0.166877119096    0.833295976965
C    0.083272602189    0.250185415678    0.916606163383
C    0.166694396784    0.000086099520    0.833336510214
C    0.250053532203    0.083406271260    0.916606300190
C    0.166743750249    0.166699984397    0.666591119561
C    0.250090878728    0.250144814739    0.749903892029
C   -0.000102837191    0.333467542420    0.000091525799
C    0.083075474773    0.416689637667    0.083529322313
C   -0.000409415771    0.500147990598    0.167106454088
C    0.083662723506    0.583419931474    0.249754822119
C    0.166322315875    0.333334099540    0.166689007211
C    0.249610318070    0.416498818145    0.249871935191
C    0.166923659727    0.500134759977    0.000257367210
C    0.250015150039    0.583287133158    0.083348734727
C   -0.000636291411    0.333789353714    0.333777125006
C    0.082705905189    0.417134387010    0.417135507691
C   -0.000644651732    0.500663372595    0.500488676900
C    0.083055098154    0.583547289554    0.583522292213
C    0.166382483189    0.333424254143    0.500021127010
C    0.249900631477    0.416723461727    0.583277728505
C    0.166460687736    0.499989270056    0.333388089498
C    0.249952330490    0.583247295732    0.416734996606
C    0.000269368384    0.333354967183    0.666528971862
C    0.083354793343    0.416954669757    0.750072531012
C    0.001042664246    0.500526796346    0.834375567600
C    0.083918009841    0.583366008512    0.917251290081
C    0.166758340404    0.333467412663    0.833231089509
C    0.250195867153    0.416689694475    0.916409349603
C    0.166700827096    0.500136639655    0.666649131337
C    0.250204753113    0.583380790393    0.749897752363
C    0.000118305482    0.666748203473    0.000225716770
C    0.083430064067    0.750066954923    0.083451234013
C    0.000084117526    0.833392693463    0.166762799125
C    0.083349898424    0.916663755710    0.250176886882
C    0.166932365495    0.666586663911    0.166577939366
C    0.250193225551    0.749913404531    0.250136117589
C    0.166721094188    0.833366224501    0.000055162456
C    0.250078459629    0.916619550500    0.083412482917
C    0.000889830772    0.666490344424    0.332642371735
C    0.083601313160    0.750071337699    0.416770514555
C    0.001210448412    0.834338851572    0.500399368872
C    0.083957726954    0.917242120656    0.583344078594
C    0.166773997156    0.666657808156    0.500125627519
C    0.250264279838    0.749875080126    0.583413659644
C    0.166905998443    0.833279950801    0.333439768918
C    0.250298111271    0.916431473758    0.416737003141
C   -0.000017880389    0.666653046660    0.666716456303
C    0.083323716625    0.749910571104    0.749911057480
C    0.000005952306    0.833307583520    0.833339285130
C    0.083342384625    0.916711907487    0.916675861631
C    0.166892632121    0.666748295194    0.833451955910
C    0.250117890561    0.750067169821    0.916763795473
C    0.166923218394    0.833455358362    0.666751762294
C    0.250144344065    0.916757572142    0.750075166771
C    0.333396212333   -0.000031611015   -0.000023198926
C    0.416691554535    0.083190366813    0.083224225908
C    0.333175975496    0.166476917352    0.166509826252
C    0.416382152635    0.249639990260    0.249715710808
C    0.500060499717   -0.000352284491    0.166763808233
C    0.583264468209    0.082856462391    0.249973462723
C    0.500037481962    0.166692940390   -0.000338602633
C    0.583230529617    0.249852412022    0.082935367469
C    0.333430572303   -0.000352569375    0.333394273244
C    0.416640435376    0.082856207195    0.416597990809
C    0.333039890564    0.166294881842    0.499878926555
C    0.416129006348    0.249448671051    0.582945678648
C    0.500228021676   -0.000417503029    0.500102723296
C    0.583487829214    0.083206835235    0.583297080655
C    0.499712023854    0.166043996028    0.333045272205
C    0.582789988973    0.249195374252    0.416123219956
C    0.333370562140    0.000154685715    0.666629805747
C    0.416856408241    0.083489365442    0.749910999606
C    0.333457320178    0.166796264435    0.833154210736
C    0.416852267807    0.250175906064    0.916227407720
C    0.500142691514    0.000136196391    0.833267331932
C    0.583410726935    0.083614011542    0.916388518219
C    0.500137839344    0.166863352646    0.666337565209
C    0.583693093328    0.251200401302    0.748909134715
C    0.333355259514    0.333334304786   -0.000343781894
C    0.416538316377    0.416499061771    0.082943624346
C    0.332961072259    0.499821653610    0.166294336208
C    0.416039741926    0.582911678480    0.249373136339
C    0.499658036757    0.332941683041    0.166076813120
C    0.582731766408    0.416076941155    0.249117404933
C    0.500054847789    0.499989476390   -0.000206357502
C    0.583401536104    0.583247505530    0.083285183101
C    0.332743435174    0.332941329792    0.332991625453
C    0.415784333745    0.416076799558    0.416065172147
C    0.333217230053    0.499808722468    0.499853043353
C    0.417123371587    0.583137231557    0.583224277351
C    0.498645738613    0.332056527166    0.499433105434
C    0.583412691114    0.417021406723    0.579211578229
C    0.498515455808    0.499411758866    0.331848582365
C    0.583203323656    0.579206170552    0.416536694026
C    0.333469252823    0.333379751073    0.666359206650
C    0.417663590443    0.416941749841    0.748993463716
C    0.333773066021    0.500148092130    0.832924439247
C    0.416421439748    0.583420197151    0.916996137413
C    0.500443511008    0.333789753926    0.832697151127
C    0.583802122905    0.417135030283    0.916038779494
C    0.501536993284    0.500796752104    0.665097771392
C    0.584788339714    0.584469856162    0.749149334144
C    0.333244527857    0.666586611570    0.000266114289
C    0.416802766251    0.749913532421    0.083526582216
C    0.333501107767    0.833164862435    0.166834538395
C    0.416910608064    0.916208233453    0.250243951455
C    0.500066863987    0.666324036113    0.166843266935
C    0.583674131029    0.748921751844    0.251061033604
C    0.500106360061    0.833280168987    0.000239210291
C    0.583403482373    0.916431864448    0.083631216211
C    0.333509951166    0.666323911996    0.333400234751
C    0.417727827209    0.748921739975    0.417007579043
C    0.333887583339    0.832851722734    0.500208209826
C    0.416705942902    0.916665134158    0.583500251214
C    0.501589831400    0.664845845504    0.500766436967
C    0.585478284858    0.747899296088    0.584583794712
C    0.500507755371    0.832603906531    0.333841073402
C    0.583947103440    0.915714345797    0.417280511095
C    0.333617631998    0.666599405953    0.666651064228
C    0.416799922547    0.749949403383    0.750143155231
C    0.333429137618    0.833392670357    0.833417829431
C    0.416843268961    0.916664062640    0.916683478747
C    0.499308791510    0.666490447724    0.834223231050
C    0.583437258833    0.750071465580    0.916934140294
C    0.499698318683    0.833618610096    0.666691145447
C    0.583560876130    0.916668400147    0.750138975163
C    0.666815794095    0.000298008314    0.000289501832
C    0.749974819473    0.083370844080    0.083363705201
C    0.666545024871    0.166295062004    0.166372693477
C    0.749611833067    0.249448591220    0.249462226255
C    0.833295824042    0.000154458029    0.166703654451
C    0.916577094542    0.083489073022    0.250189651057
C    0.833257147711    0.166700483907    0.000076613004
C    0.916569996577    0.250145032289    0.083424017156
C    0.666769287593   -0.000417269404    0.333561000151
C    0.749963690357    0.083206768724    0.416821062439
C    0.666551259425    0.166625130352    0.499884305941
C    0.749835656349    0.250747617831    0.583169126603
C    0.833335836365   -0.000084540607    0.500173780559
C    0.916486112233    0.083575953762    0.583400327560
C    0.833003813040    0.166863203229    0.333471086134
C    0.915575855263    0.251200372102    0.417026824629
C    0.666840455578   -0.000084306559    0.666668892644
C    0.750066757319    0.083576287356    0.749819207763
C    0.666868608645    0.167257651219    0.832797410923
C    0.750115456674    0.250110630077    0.916633685464
C    0.833372493193    0.000149752177    0.833353796660
C    0.916697366184    0.083480708672    0.916644102017
C    0.833232340705    0.167110539563    0.666565420957
C    0.916581250866    0.250458680761    0.749914443227
C    0.666687546880    0.333424866526   -0.000284647805
C    0.749944159025    0.416723976840    0.083233620236
C    0.666519590307    0.499809051845    0.166550234037
C    0.749891072698    0.583137385517    0.250456336375
C    0.833025386066    0.333379846719    0.166802462035
C    0.915659993155    0.416941422118    0.250996894444
C    0.833315543034    0.500136710014    0.000033422389
C    0.916563986221    0.583380877962    0.083537770878
C    0.666099767055    0.332056606791    0.331979055057
C    0.745878228423    0.417021455654    0.416746053485
C    0.831557501543    0.335346637639    0.500821420713
C    0.914742602793    0.419475051909    0.584447189278
C    0.831764513881    0.500796602359    0.334870264747
C    0.915816584976    0.584469154012    0.418121891759
C    0.667488085403    0.335346652631    0.664890658098
C    0.751114019039    0.419475550204    0.748074951509
C    0.667155442684    0.500663887582    0.832687397301
C    0.750189119126    0.583547496845    0.916387350714
C    0.833195757364    0.333355506090    0.833601946528
C    0.916739248480    0.416954913003    0.916687489023
C    0.839006914955    0.497766728062    0.672339367305
C    0.916274189594    0.582858238898    0.749606645294
C    0.666792176586    0.666657950858    0.000106551468
C    0.750080080031    0.749875434621    0.083597027433
C    0.666874460477    0.832851912095    0.167220861149
C    0.750166245692    0.916664877145    0.250039312950
C    0.833317378597    0.666599541612    0.166950613731
C    0.916809523180    0.749949304024    0.250133405072
C    0.833418144259    0.833455511415    0.000256050371
C    0.916741292577    0.916757355938    0.083477448021
C    0.667433305566    0.664845535025    0.334923032675
C    0.751250479952    0.747898768139    0.418812484170
C    0.667515769538    0.832041035014    0.500848944820
C    0.750255991773    0.916018847654    0.583589132854
C    0.841306377848    0.672860323270    0.494862177814
C    0.916530221874    0.749279093490    0.582681564890
C    0.833357764692    0.833618012354    0.333032158025
C    0.916805914458    0.916668213838    0.416894356926
C    0.661528484972    0.672860604403    0.674638199078
C    0.749347976952    0.749279361997    0.749862769645
C    0.667066247931    0.834339077902    0.834543357911
C    0.750010584451    0.917242417434    0.917290478166
C    0.833383303076    0.666653147752    0.833314297730
C    0.916577732671    0.749910412433    0.916656526433
C    0.833201170144    0.832689307808    0.666534054518
C    0.916496658857    0.916373339249    0.749830097666
N    0.658424148736    0.492399320715    0.491757265284
