&control
    calculation = 'scf',
    prefix='pwscf',
    pseudo_dir='/home/jinyuchem/program/QE/pseudo-potential'
    outdir = './',
    verbosity='high'
    tprnfor=.TRUE.
    wf_collect=.TRUE.
    verbosity = 'high'
/
 &system
    ibrav = 0, 
    nat = 398
    ntyp = 2,
    ecutwfc = 60,
    nspin = 2,
    nbnd = 812,
    occupations = 'fixed',
    tot_charge = 0
    tot_magnetization = 2
    input_dft = 'PBE0'
    exx_fraction = 0.15
    ecutfock = 120
 /
 &electrons
    conv_thr=1.0D-7
    electron_maxstep=300
    mixing_mode = 'plain'
    mixing_beta = 0.2
    diagonalization = 'david'
    diago_full_acc = .TRUE.
 /
ATOMIC_SPECIES
Si 28.0855 Si_ONCV_PBE-1.1.upf
C 12.0107  C_ONCV_PBE-1.0.upf
K_POINTS gamma
CELL_PARAMETERS angstrom
        15.435000000         0.0000000000         0.0000000000
        -7.717500000         13.367102110         0.0000000000
        0.0000000000         0.0000000000         20.178000000
ATOMIC_POSITIONS crystal
Si    0.066697939497    0.133340583028    0.218864299619
Si    0.066629736252    0.133175028545    0.718910184614
Si    0.066708479341    0.333323065397    0.218850269179
Si    0.066780974165    0.333365029096    0.718873310248
Si    0.066705268080    0.533306025854    0.218860457344
Si    0.066635261111    0.533411351252    0.718904723578
Si    0.066699252236    0.733316231625    0.218823567290
Si    0.066405892848    0.733223959059    0.718954992772
Si    0.066696407968    0.933352674846    0.218821079056
Si    0.066411376020    0.933159308164    0.718954447738
Si    0.266647661993    0.133264948593    0.218825533926
Si    0.266575715343    0.133166132259    0.719002331432
Si    0.266645943479    0.333274085189    0.218833666496
Si    0.267020466209    0.333369009456    0.718981295717
Si    0.266650958692    0.533311217764    0.218821713688
Si    0.267032058757    0.533612954790    0.718967642423
Si    0.266650786450    0.733336828333    0.218816885448
Si    0.266575570948    0.733369404464    0.718993186922
Si    0.266665207998    0.933316128869    0.218805967742
Si    0.266499851902    0.933235282597    0.718985949676
Si    0.466719777941    0.133284440760    0.218804099998
Si    0.466591547037    0.133211544715    0.718991552710
Si    0.466694480390    0.333246843770    0.218788868817
Si    0.466754606249    0.333292881033    0.719286700051
Si    0.466583332849    0.533261586375    0.218614764579
Si    0.466500972567    0.533238596662    0.719762793354
Si    0.466692506983    0.733394349789    0.218781409357
Si    0.466757283104    0.733433262715    0.719279655458
Si    0.466716860087    0.933390392795    0.218801613099
Si    0.466583807360    0.933341572303    0.718993724305
Si    0.666794138398    0.133378335994    0.218802600382
Si    0.666492029868    0.133229568956    0.718888805385
Si    0.666790404158    0.333265008578    0.218765465798
Si    0.666256163204    0.333269303698    0.718680694590
Si    0.666764190411    0.533242269044    0.218619524160
Si    0.666646274227    0.532331013366    0.718175124143
Si    0.666774782943    0.733475656231    0.218623677336
Si    0.666654628230    0.734304331510    0.718182798493
Si    0.666802340814    0.933487039558    0.218771165139
Si    0.666269999067    0.932957805152    0.718686484673
Si    0.866780848313    0.133414254852    0.218821379907
Si    0.866557950156    0.133145063222    0.718830800200
Si    0.866772113404    0.333316706780    0.218816060035
Si    0.866548175914    0.333364260409    0.718825044253
Si    0.866752256381    0.533265905464    0.218796191368
Si    0.866218971108    0.533483903461    0.718651499498
Si    0.866738450016    0.733348443622    0.218790646212
Si    0.866044578599    0.733002378873    0.719095396374
Si    0.866765424148    0.933444323580    0.218799360960
Si    0.866231082173    0.932684516619    0.718664177144
Si    0.133446707665    0.066519987506    0.468798620547
Si    0.133243787632    0.066601950168    0.968848381009
Si    0.133661353237    0.266888538208    0.468963995916
Si    0.133300917076    0.266627053318    0.968822886124
Si    0.133670290499    0.466724390785    0.468955402722
Si    0.133304378252    0.466624635173    0.968818218587
Si    0.133508272080    0.666883185484    0.468789016521
Si    0.133251415246    0.666594536715    0.968845058249
Si    0.133151539578    0.866553053304    0.468928473977
Si    0.133236517107    0.866595969356    0.968859579976
Si    0.333217973441    0.066489727093    0.468891551915
Si    0.333233397367    0.066572695065    0.968889689295
Si    0.334228041227    0.266813021869    0.468718451089
Si    0.333241362720    0.266505567253    0.968954012530
Si    0.333884025248    0.466913515082    0.468979992101
Si    0.333268874463    0.466613525729    0.968881577590
Si    0.334298277805    0.667377163648    0.468683375030
Si    0.333246588153    0.666689347248    0.968952061109
Si    0.333235457325    0.866686028528    0.468884160752
Si    0.333240433599    0.866614047416    0.968885815117
Si    0.533115310500    0.066543132609    0.468718335456
Si    0.533281208773    0.066615294837    0.968859468001
Si    0.533114210827    0.266155270636    0.468621965163
Si    0.533229179234    0.266493847319    0.968928938773
Si    0.534316615393    0.465086098390    0.467890202602
Si    0.533368366950    0.466722573859    0.968792965081
Si    0.534380394002    0.669207699406    0.467859667662
Si    0.533361920865    0.666598310223    0.968793974699
Si    0.533113301610    0.866933877957    0.468612049583
Si    0.533226227749    0.866684510563    0.968935334970
Si    0.733474808116    0.066809090257    0.468944127476
Si    0.733306087260    0.066618889241    0.968787329257
Si    0.733467520184    0.266623466623    0.468934724738
Si    0.733299202532    0.266622854408    0.968780954534
Si    0.733579824828    0.466196170845    0.468949505956
Si    0.733303203977    0.466584270971    0.968801556258
Si    0.733166572876    0.666562732727    0.467655784446
Si    0.733232719923    0.666599799530    0.968769841021
Si    0.733560309842    0.867357562807    0.468951903719
Si    0.733308873898    0.866676337829    0.968809699571
Si    0.933431387875    0.066801597865    0.468965597164
Si    0.933276391775    0.066613586497    0.968779723004
Si    0.933536714004    0.266742837128    0.468980282244
Si    0.933304884613    0.266619990972    0.968780040858
Si    0.933426348329    0.466578831627    0.468959036971
Si    0.933266619443    0.466601676911    0.968778674280
Si    0.932934214097    0.666901383057    0.468731121356
Si    0.933340957178    0.666644514277    0.968881294805
Si    0.932868400409    0.865956847882    0.468740536625
Si    0.933346828027    0.866666994678    0.968880014409
Si    0.000007941886    0.000005054281    0.093872408388
Si    0.000258612199    0.000115429107    0.594028837767
Si    0.000013802603    0.199980993623    0.093849841808
Si    0.000150276752    0.200036619952    0.594072742750
Si    0.000006201888    0.399973988591    0.093847852007
Si    0.000139151230    0.400068267589    0.594068955077
Si    0.000000186771    0.599950750423    0.093873638154
Si    0.000265521478    0.600107506068    0.594018994223
Si    0.000001227390    0.799981507950    0.093892163497
Si   -0.000561470170    0.799705273356    0.594250810285
Si    0.199960324357   -0.000046550193    0.093877894262
Si    0.199839986362   -0.000234111125    0.594084837545
Si    0.199956850202    0.199935656977    0.093898337340
Si    0.199929252185    0.199598651288    0.594090585967
Si    0.199986397368    0.399965121290    0.093877911847
Si    0.200563152203    0.400262155663    0.594204219381
Si    0.199957915500    0.599967476697    0.093893446818
Si    0.199945478631    0.600291329451    0.594074863514
Si    0.199962471555    0.799962936125    0.093875404665
Si    0.199847543275    0.800044909912    0.594080500969
Si    0.399988351825   -0.000025495928    0.093879937016
Si    0.399759234347   -0.000128950379    0.594066249824
Si    0.399973162455    0.199914025484    0.093916585844
Si    0.399995210815    0.199664434569    0.594223240452
Si    0.399996151252    0.399928759172    0.093821088505
Si    0.400713156755    0.399262488293    0.594327787431
Si    0.399993088673    0.600007259527    0.093819938620
Si    0.400741005400    0.601439775837    0.594298207985
Si    0.399966906770    0.800006809540    0.093916435319
Si    0.399989904317    0.800300633863    0.594215160001
Si    0.600032069021    0.000036222259    0.093873604973
Si    0.599829018892    0.000616884485    0.594014764527
Si    0.600033406175    0.199957431303    0.093864556073
Si    0.599839980523    0.199211073428    0.594006788911
Si    0.599995468607    0.399927857920    0.093794008527
Si    0.600211566735    0.399698559488    0.594515348077
Si    0.600011915810    0.599978536181    0.093801144300
Si    0.599992790182    0.800013109281    0.093802887847
Si    0.600224325601    0.800512301931    0.594513804690
Si    0.800035909281    0.000021633852    0.093840148428
Si    0.799699058679   -0.000292422227    0.594246859227
Si    0.800031663539    0.199992149174    0.093826636281
Si    0.800026571555    0.199996614405    0.594081455067
Si    0.800019775293    0.399956101642    0.093828019961
Si    0.799676045731    0.399943888718    0.594230619693
Si    0.800024428871    0.599978603083    0.093792892194
Si    0.798611922212    0.599652535187    0.594460961573
Si    0.800032197655    0.800003763320    0.093796529878
Si    0.798594793663    0.798924175167    0.594473271170
Si    0.000049777924    0.000093816052    0.343916972217
Si   -0.000137068869   -0.000133973022    0.843843330504
Si    0.000117621449    0.200080419866    0.343946274826
Si   -0.000050501891    0.199925147413    0.843837527319
Si    0.000123812772    0.399993172377    0.343942023203
Si   -0.000046390821    0.399978698837    0.843835882094
Si    0.000067532906    0.599915163954    0.343913680877
Si   -0.000135113625    0.599953748988    0.843843390621
Si    0.000008663056    0.799988280931    0.343784664406
Si   -0.000160329918    0.799903882330    0.843908606462
Si    0.200008929974   -0.000051416044    0.343870315147
Si    0.199844326942   -0.000118853957    0.843948713379
Si    0.200030099940    0.200015258819    0.343928166254
Si    0.199965284813    0.199902905453    0.843938584007
Si    0.199971888239    0.399960594975    0.343920763485
Si    0.200081218469    0.400020748960    0.843861879720
Si    0.200065536366    0.599975829977    0.343911237855
Si    0.199978450606    0.600021373747    0.843928484564
Si    0.200019988171    0.800018728126    0.343866037988
Si    0.199847155658    0.799919428337    0.843943538631
Si    0.399984504937   -0.000033473954    0.343833639118
Si    0.399869248526   -0.000091005422    0.843969848929
Si    0.400057081157    0.199906819962    0.343748830808
Si    0.399892166897    0.199824905258    0.843999062273
Si    0.399713480005    0.399952962817    0.343808932868
Si    0.399910905711    0.399718555956    0.844219407087
Si    0.399722989330    0.599714052593    0.343781553071
Si    0.399905663361    0.600164642272    0.844212272631
Si    0.400071007902    0.800111552717    0.343727894849
Si    0.399887799845    0.800017535124    0.843994923863
Si    0.600150186173    0.000191912930    0.343815051891
Si    0.599844267756   -0.000093265325    0.843900016471
Si    0.600147084399    0.199919429265    0.343815997561
Si    0.599846613317    0.199890916053    0.843897625724
Si    0.600579990674    0.399779558448    0.343701846667
Si    0.599747486125    0.399657818804    0.844047786766
Si    0.600027012982    0.599997613042    0.343016781865
Si    0.600161608330    0.600069139365    0.843339213000
Si    0.600584822978    0.800772697095    0.343687256891
Si    0.599740924725    0.800051267895    0.844054624373
Si    0.800236740415    0.000365141866    0.343861335900
Si    0.799828639817   -0.000202444357    0.843733436522
Si    0.800147710643    0.200052855494    0.343919252855
Si    0.799895116680    0.199923447842    0.843816722629
Si    0.800227065815    0.399825028071    0.343858243946
Si    0.799822584597    0.399979263858    0.843731178542
Si    0.800078659934    0.599462107669    0.343755045358
Si    0.800018029139    0.600002865749    0.843947007143
Si    0.800075273065    0.800575136425    0.343758230574
Si    0.800019710135    0.799972941808    0.843955107092
C    0.066661495368    0.133315367025    0.124844411810
C    0.066851589465    0.133377390589    0.624720529094
C    0.066687979513    0.333315577541    0.124813100145
C    0.066974024932    0.333468333938    0.624717042513
C    0.066661851607    0.533292701632    0.124839032599
C    0.066858830243    0.533435263851    0.624709121966
C    0.066641339283    0.733286868476    0.124817403177
C    0.066653837710    0.733408430362    0.624753094755
C    0.066641340337    0.933313916818    0.124818986044
C    0.066650009034    0.933213193135    0.624757581903
C    0.266637726998    0.133285133502    0.124827940216
C    0.266573729660    0.132992404709    0.624785826288
C    0.266698086294    0.333311993175    0.124828776546
C    0.266273627189    0.332404399787    0.624670545640
C    0.266697964073    0.533329789310    0.124822366305
C    0.266297791327    0.533841974825    0.624655219607
C    0.266634265377    0.733300287450    0.124822451076
C    0.266571426172    0.733541541778    0.624776331312
C    0.266645627049    0.933301067108    0.124793230886
C    0.266527460883    0.933249768898    0.624801354413
C    0.466710541766    0.133318633200    0.124809559076
C    0.466506391362    0.132938230506    0.624775782284
C    0.466699905170    0.333313226096    0.124814514561
C    0.466618619592    0.332577751449    0.624979953921
C    0.466648290001    0.533296515232    0.124730670368
C    0.451181071205    0.525584880339    0.628697697542
C    0.466680049416    0.733317634990    0.124813828116
C    0.466619040261    0.734021313644    0.624970407201
C    0.466691462613    0.933341489684    0.124811618336
C    0.466469525865    0.933531381476    0.624782385507
C    0.666732840584    0.133360213389    0.124802335405
C    0.666669978982    0.133341136738    0.624722104303
C    0.666684518591    0.333316848204    0.124774375979
C    0.666093386389    0.331103381778    0.624499110580
C    0.666672490300    0.533275462229    0.124725116932
C    0.673072569864    0.524771354118    0.627893084120
C    0.666677719882    0.733337183188    0.124731725711
C    0.673089735452    0.748334326211    0.627915186103
C    0.666691033195    0.933322871754    0.124786131932
C    0.666106409981    0.934997766948    0.624504724835
C    0.866705489758    0.133339210013    0.124791230860
C    0.866817152396    0.133419288794    0.624704944863
C    0.866682845667    0.333315666521    0.124782380372
C    0.866788749230    0.333360895639    0.624694182763
C    0.866640233115    0.533290921838    0.124794801105
C    0.867735940581    0.533590252907    0.624421521368
C    0.866627587329    0.733290938059    0.124811019204
C    0.866352942553    0.733161889784    0.624847781922
C    0.866664617509    0.933304627655    0.124803626597
C    0.867747344411    0.934092036391    0.624448020752
C    0.133420557438    0.066674200518    0.374747204436
C    0.133210777086    0.066585908496    0.874817854385
C    0.133526381473    0.266760445685    0.374833708686
C    0.133300051129    0.266634929957    0.874760699415
C    0.133547178841    0.466733927984    0.374823937569
C    0.133317945916    0.466637975104    0.874752757170
C    0.133459076560    0.666701933759    0.374733582036
C    0.133231234705    0.666578008588    0.874808047618
C    0.133232405526    0.866592101755    0.374787937135
C    0.133206304211    0.866580818142    0.874833102192
C    0.333350198995    0.066684456609    0.374759906991
C    0.333151542130    0.066499672383    0.874868387667
C    0.333667178448    0.266893165436    0.374777548463
C    0.333171308995    0.266379573451    0.875035485985
C    0.333562954816    0.466774086486    0.374925109989
C    0.333266757912    0.466632737626    0.874935111863
C    0.333724126055    0.666743076806    0.374732169664
C    0.333173151078    0.666751038635    0.875034481370
C    0.333360983233    0.866607075790    0.374751611854
C    0.333150667857    0.866590880052    0.874863182731
C    0.533278131969    0.066622038866    0.374656707956
C    0.533205716255    0.066581047715    0.874853510749
C    0.533376901300    0.266661976767    0.374636839800
C    0.533115295723    0.266341801650    0.875047444172
C    0.533839762295    0.467109751359    0.374628213433
C    0.533364564169    0.466748057985    0.874814879563
C    0.533824300397    0.666703300947    0.374588793438
C    0.533339807309    0.666576106459    0.874813382032
C    0.533368469014    0.866672199988    0.374621589777
C    0.533094571752    0.866717620490    0.875053452780
C    0.733397052982    0.066728063253    0.374777943226
C    0.733259010786    0.066599978448    0.874736912105
C    0.733390066827    0.266623586520    0.374773678302
C    0.733255132512    0.266606733607    0.874734248515
C    0.733484744007    0.466510948661    0.374817232046
C    0.733238444974    0.466548017390    0.874876976103
C    0.732732481056    0.666345859128    0.374491164188
C    0.733224966434    0.666592133028    0.874819372489
C    0.733483741061    0.866937277627    0.374817017257
C    0.733237792231    0.866646667537    0.874883752717
C    0.933451522670    0.066751442020    0.374811002231
C    0.933230377729    0.066602047043    0.874725873521
C    0.933466320472    0.266710102132    0.374825905009
C    0.933284293934    0.266616786216    0.874721720573
C    0.933445918902    0.466651531240    0.374803247102
C    0.933226164338    0.466578035103    0.874722502054
C    0.933157564560    0.666622035430    0.374726992822
C    0.933389540218    0.666660642464    0.874961061798
C    0.933140967370    0.866485206774    0.374736957611
C    0.933391807514    0.866693828604    0.874964454022
C   -0.000045497304   -0.000001900766    0.000161457527
C   -0.000328876261   -0.000371193974    0.500029185057
C   -0.000027021802    0.199946636085    0.000094930897
C    0.000356997570    0.200151986982    0.500129371117
C   -0.000028194016    0.399956473414    0.000089982411
C    0.000354260200    0.400149095553    0.500122242519
C   -0.000049527351    0.599906539048    0.000159930179
C   -0.000268871829    0.600003892230    0.500016975435
C   -0.000040618577    0.799974463714    0.000211069963
C   -0.000465899102    0.799763518304    0.500160860430
C    0.199896457917   -0.000067474935    0.000155636643
C    0.199908684996   -0.000126215277    0.500114659035
C    0.199897870539    0.199919375655    0.000186037690
C    0.200587912674    0.200406572040    0.500087465137
C    0.199945576620    0.399947851127    0.000161028900
C    0.200797797814    0.400374269331    0.500182112272
C    0.199912683228    0.599928500526    0.000180903117
C    0.200681795901    0.600132161717    0.500066812699
C    0.199912168264    0.799929198919    0.000151219309
C    0.199937329124    0.800003547727    0.500108081017
C    0.399944536913   -0.000053243993    0.000163818586
C    0.399909429289   -0.000068689886    0.500077926896
C    0.399918701657    0.199878650601    0.000245964845
C    0.400195244893    0.200005361980    0.500138411553
C    0.399979606180    0.399937286803    0.000138669649
C    0.402305337511    0.402160306950    0.500340760390
C    0.399976962793    0.599994885115    0.000140754125
C    0.402387912015    0.600090756875    0.500295757659
C    0.399914651327    0.799987751090    0.000247597108
C    0.400206008717    0.800145556887    0.500127819832
C    0.600002791018    0.000018384329    0.000179125725
C    0.600037922135    0.000146836393    0.500015268320
C    0.600002234162    0.199933614976    0.000173092707
C    0.600040993630    0.199865034713    0.500011887681
C    0.599940922029    0.399920235812    0.000122043227
C    0.600721752933    0.400226139711    0.500177892162
C    0.599979074312    0.599968215208    0.000183749855
C    0.599941173696    0.799971221362    0.000128898920
C    0.600710478931    0.800470369233    0.500170315612
C    0.800003062532   -0.000001730808    0.000135227788
C    0.800167450800    0.000154271339    0.500159540888
C    0.799987183122    0.199966563344    0.000079720593
C    0.800168660656    0.200069282515    0.500120810853
C    0.799975251971    0.399930775904    0.000123399612
C    0.800144104349    0.399961509189    0.500146129886
C    0.799959919381    0.599954815171    0.000116489447
C    0.797779574077    0.599336156234    0.500107558091
C    0.799982246660    0.799980415890    0.000121284552
C    0.797686283367    0.798373533145    0.500121299702
C    0.000021844933   -0.000021447775    0.250145439429
C   -0.000151107061   -0.000085781704    0.750058864464
C    0.000100043888    0.200018593409    0.250155919593
C   -0.000001388172    0.199954385034    0.750026423707
C    0.000096760568    0.400014809025    0.250148358611
C   -0.000005474582    0.399984424220    0.750021465685
C    0.000024372025    0.599998711104    0.250142600234
C   -0.000161781596    0.599887484162    0.750054957532
C   -0.000007431778    0.799995480578    0.250082296550
C   -0.000178695047    0.799910677170    0.750115503397
C    0.199991649485   -0.000037392886    0.250115875210
C    0.199787204156   -0.000160335259    0.750141974015
C    0.200079519172    0.200001903154    0.250168227692
C    0.199938666383    0.199886770481    0.750137165768
C    0.200131271885    0.400038889644    0.250160554433
C    0.200144898768    0.400054602278    0.749997205459
C    0.200107349889    0.600027125655    0.250152432236
C    0.199957238151    0.600010189069    0.750124738265
C    0.200013101141    0.800003400842    0.250110664385
C    0.199797577002    0.799918080463    0.750134958325
C    0.399993825779   -0.000024786655    0.250085736298
C    0.399810327874   -0.000111593803    0.750168493911
C    0.400027039501    0.199979280164    0.250063515871
C    0.399768038972    0.199671327461    0.750192471888
C    0.400176130178    0.400097025677    0.250154171079
C    0.399854404390    0.399474262462    0.750840886115
C    0.400176366061    0.600021613516    0.250136014391
C    0.399852793611    0.600355545502    0.750835500498
C    0.400029427412    0.800001430405    0.250049742529
C    0.399761580622    0.800056282092    0.750188902171
C    0.600068436655    0.000026747391    0.250073170826
C    0.599868145841   -0.000006214179    0.750147333098
C    0.600068266340    0.200001704502    0.250075429252
C    0.599869843369    0.199838577694    0.750147318899
C    0.600075830132    0.400042486065    0.250083056159
C    0.599395317946    0.399196797313    0.750801081354
C    0.599996988890    0.599971018303    0.249788386624
C    0.600257825261    0.600116900132    0.749098590892
C    0.600077471921    0.799989409153    0.250073296630
C    0.599393099807    0.800167878775    0.750811364691
C    0.800098078236    0.000049978361    0.250103946385
C    0.799823549991   -0.000224202069    0.749901043332
C    0.800094122309    0.200024989110    0.250125125636
C    0.799945378163    0.199950583658    0.750014468194
C    0.800074038573    0.399983220680    0.250100364238
C    0.799795828071    0.399975772244    0.749899268010
C    0.799939160535    0.599965333168    0.250108967099
C    0.800149764842    0.600132422222    0.750637964530
C    0.799960449511    0.799947586652    0.250113972160
C    0.800159080885    0.799974642883    0.750653734063
