&control
    calculation = 'scf',
    prefix='pwscf',
    pseudo_dir='/home/jinyuchem/program/QE/pseudo-potential',
    outdir = './',
    verbosity='high',
    tprnfor=.TRUE.,
    wf_collect=.TRUE.
    max_seconds = 84000
    restart_mode = 'from_scratch'
    forc_conv_thr = 0.00039 
/
&system
    ibrav=0,
    nat = 511
    ntyp=2,
    ecutwfc = 60,
    nbnd = 2120,
/
&electrons
    diago_full_acc=.true.,
    conv_thr=1.0D-8
    electron_maxstep=300
    mixing_mode = 'plain'
    mixing_beta = 0.3
    diagonalization = 'david'
/
&IONS
    ion_dynamics='bfgs'
    ion_positions='default'
/
ATOMIC_SPECIES
Mg  24.305  Mg_ONCV_PBE-1.0.upf
O   15.999  O_ONCV_PBE-1.0.upf
K_POINTS gamma
CELL_PARAMETERS {angstrom}
        17.040000000       0.0000000000        0.0000000000
        0.0000000000       17.040000000        0.0000000000
        0.0000000000       0.0000000000        17.040000000
ATOMIC_POSITIONS {crystal}
Mg            0.0000007435        0.0000007435        0.0000007435
Mg            0.0000007435        0.0000007435        0.2499992565
Mg            0.0000019417        0.0000019417        0.4999934018
Mg            0.0000019417        0.0000019417        0.7500065982
Mg            0.0000007435        0.2499992565        0.0000007435
Mg            0.0000007435        0.2499992565        0.2499992565
Mg            0.0000019417        0.2499980583        0.4999934018
Mg            0.0000019417        0.2499980583        0.7500065982
Mg            0.0000019417        0.4999934018        0.0000019417
Mg            0.0000019417        0.4999934018        0.2499980583
Mg            0.0000429106        0.4999570335        0.4999570335
Mg            0.0000429106        0.4999570335        0.7500429665
Mg            0.0000019417        0.7500065982        0.0000019417
Mg            0.0000019417        0.7500065982        0.2499980583
Mg            0.0000429106        0.7500429665        0.4999570335
Mg            0.0000429106        0.7500429665        0.7500429665
Mg            0.2499992565        0.0000007435        0.0000007435
Mg            0.2499992565        0.0000007435        0.2499992565
Mg            0.2499980583        0.0000019417        0.4999934018
Mg            0.2499980583        0.0000019417        0.7500065982
Mg            0.2499992565        0.2499992565        0.0000007435
Mg            0.2499992565        0.2499992565        0.2499992565
Mg            0.2499980583        0.2499980583        0.4999934018
Mg            0.2499980583        0.2499980583        0.7500065982
Mg            0.2499980583        0.4999934018        0.0000019417
Mg            0.2499980583        0.4999934018        0.2499980583
Mg            0.2499570894        0.4999570335        0.4999570335
Mg            0.2499570894        0.4999570335        0.7500429665
Mg            0.2499980583        0.7500065982        0.0000019417
Mg            0.2499980583        0.7500065982        0.2499980583
Mg            0.2499570894        0.7500429665        0.4999570335
Mg            0.2499570894        0.7500429665        0.7500429665
Mg            0.4999934018        0.0000019417        0.0000019417
Mg            0.4999934018        0.0000019417        0.2499980583
Mg            0.4999570335        0.0000429106        0.4999570335
Mg            0.4999570335        0.0000429106        0.7500429665
Mg            0.4999934018        0.2499980583        0.0000019417
Mg            0.4999934018        0.2499980583        0.2499980583
Mg            0.4999570335        0.2499570894        0.4999570335
Mg            0.4999570335        0.2499570894        0.7500429665
Mg            0.4999570335        0.4999570335        0.0000429106
Mg            0.4999570335        0.4999570335        0.2499570894
Mg            0.5000458982        0.5000458982        0.5000458982
Mg            0.5000458982        0.5000458982        0.7499541018
Mg            0.4999570335        0.7500429665        0.0000429106
Mg            0.4999570335        0.7500429665        0.2499570894
Mg            0.5000458982        0.7499541018        0.5000458982
Mg            0.5000458982        0.7499541018        0.7499541018
Mg            0.7500065982        0.0000019417        0.0000019417
Mg            0.7500065982        0.0000019417        0.2499980583
Mg            0.7500429665        0.0000429106        0.4999570335
Mg            0.7500429665        0.0000429106        0.7500429665
Mg            0.7500065982        0.2499980583        0.0000019417
Mg            0.7500065982        0.2499980583        0.2499980583
Mg            0.7500429665        0.2499570894        0.4999570335
Mg            0.7500429665        0.2499570894        0.7500429665
Mg            0.7500429665        0.4999570335        0.0000429106
Mg            0.7500429665        0.4999570335        0.2499570894
Mg            0.7499541018        0.5000458982        0.5000458982
Mg            0.7499541018        0.5000458982        0.7499541018
Mg            0.7500429665        0.7500429665        0.0000429106
Mg            0.7500429665        0.7500429665        0.2499570894
Mg            0.7499541018        0.7499541018        0.5000458982
Mg            0.7499541018        0.7499541018        0.7499541018
Mg            0.0000003760        0.1250000000        0.1250000000
Mg            0.0000010348        0.1250000000        0.3749986871
Mg            0.0000168878        0.1250000000        0.6250000000
Mg            0.0000010348        0.1250000000        0.8750013129
Mg            0.0000010348        0.3749986871        0.1250000000
Mg            0.0000001415        0.3749956416        0.3749956416
Mg            0.0000501659        0.3749317800        0.6250000000
Mg            0.0000001415        0.3749956416        0.8750043584
Mg            0.0000168878        0.6250000000        0.1250000000
Mg            0.0000501659        0.6250000000        0.3749317800
Mg            0.0001036485        0.6250000000        0.6250000000
Mg            0.0000501659        0.6250000000        0.8750682200
Mg            0.0000010348        0.8750013129        0.1250000000
Mg            0.0000001415        0.8750043584        0.3749956416
Mg            0.0000501659        0.8750682200        0.6250000000
Mg            0.0000001415        0.8750043584        0.8750043584
Mg            0.2499996240        0.1250000000        0.1250000000
Mg            0.2499989652        0.1250000000        0.3749986871
Mg            0.2499831122        0.1250000000        0.6250000000
Mg            0.2499989652        0.1250000000        0.8750013129
Mg            0.2499989652        0.3749986871        0.1250000000
Mg            0.2499998585        0.3749956416        0.3749956416
Mg            0.2499498341        0.3749317800        0.6250000000
Mg            0.2499998585        0.3749956416        0.8750043584
Mg            0.2499831122        0.6250000000        0.1250000000
Mg            0.2499498341        0.6250000000        0.3749317800
Mg            0.2498963515        0.6250000000        0.6250000000
Mg            0.2499498341        0.6250000000        0.8750682200
Mg            0.2499989652        0.8750013129        0.1250000000
Mg            0.2499998585        0.8750043584        0.3749956416
Mg            0.2499498341        0.8750682200        0.6250000000
Mg            0.2499998585        0.8750043584        0.8750043584
Mg            0.4999988339        0.1250000000        0.1250000000
Mg            0.4999900005        0.1250000000        0.3749869414
Mg            0.4999766462        0.1250000000        0.6250000000
Mg            0.4999900005        0.1250000000        0.8750130586
Mg            0.4999900005        0.3749869414        0.1250000000
Mg            0.4999775226        0.3750047737        0.3750047737
Mg            0.4997666511        0.3746454458        0.6250000000
Mg            0.4999775226        0.3750047737        0.8749952263
Mg            0.4999766462        0.6250000000        0.1250000000
Mg            0.4997666511        0.6250000000        0.3746454458
Mg            0.4987188158        0.6250000000        0.6250000000
Mg            0.4997666511        0.6250000000        0.8753545542
Mg            0.4999900005        0.8750130586        0.1250000000
Mg            0.4999775226        0.8749952263        0.3750047737
Mg            0.4997666511        0.8753545542        0.6250000000
Mg            0.4999775226        0.8749952263        0.8749952263
Mg            0.7500011661        0.1250000000        0.1250000000
Mg            0.7500099995        0.1250000000        0.3749869414
Mg            0.7500233538        0.1250000000        0.6250000000
Mg            0.7500099995        0.1250000000        0.8750130586
Mg            0.7500099995        0.3749869414        0.1250000000
Mg            0.7500224774        0.3750047737        0.3750047737
Mg            0.7502333489        0.3746454458        0.6250000000
Mg            0.7500224774        0.3750047737        0.8749952263
Mg            0.7500233538        0.6250000000        0.1250000000
Mg            0.7502333489        0.6250000000        0.3746454458
Mg            0.7512811842        0.6250000000        0.6250000000
Mg            0.7502333489        0.6250000000        0.8753545542
Mg            0.7500099995        0.8750130586        0.1250000000
Mg            0.7500224774        0.8749952263        0.3750047737
Mg            0.7502333489        0.8753545542        0.6250000000
Mg            0.7500224774        0.8749952263        0.8749952263
Mg            0.1250000000        0.0000003760        0.1250000000
Mg            0.1250000000        0.0000010348        0.3749986871
Mg            0.1250000000        0.0000168878        0.6250000000
Mg            0.1250000000        0.0000010348        0.8750013129
Mg            0.1250000000        0.2499996240        0.1250000000
Mg            0.1250000000        0.2499989652        0.3749986871
Mg            0.1250000000        0.2499831122        0.6250000000
Mg            0.1250000000        0.2499989652        0.8750013129
Mg            0.1250000000        0.4999988339        0.1250000000
Mg            0.1250000000        0.4999900005        0.3749869414
Mg            0.1250000000        0.4999766462        0.6250000000
Mg            0.1250000000        0.4999900005        0.8750130586
Mg            0.1250000000        0.7500011661        0.1250000000
Mg            0.1250000000        0.7500099995        0.3749869414
Mg            0.1250000000        0.7500233538        0.6250000000
Mg            0.1250000000        0.7500099995        0.8750130586
Mg            0.3749986871        0.0000010348        0.1250000000
Mg            0.3749956416        0.0000001415        0.3749956416
Mg            0.3749317800        0.0000501659        0.6250000000
Mg            0.3749956416        0.0000001415        0.8750043584
Mg            0.3749986871        0.2499989652        0.1250000000
Mg            0.3749956416        0.2499998585        0.3749956416
Mg            0.3749317800        0.2499498341        0.6250000000
Mg            0.3749956416        0.2499998585        0.8750043584
Mg            0.3749869414        0.4999900005        0.1250000000
Mg            0.3750047737        0.4999775226        0.3750047737
Mg            0.3746454458        0.4997666511        0.6250000000
Mg            0.3750047737        0.4999775226        0.8749952263
Mg            0.3749869414        0.7500099995        0.1250000000
Mg            0.3750047737        0.7500224774        0.3750047737
Mg            0.3746454458        0.7502333489        0.6250000000
Mg            0.3750047737        0.7500224774        0.8749952263
Mg            0.6250000000        0.0000168878        0.1250000000
Mg            0.6250000000        0.0000501659        0.3749317800
Mg            0.6250000000        0.0001036485        0.6250000000
Mg            0.6250000000        0.0000501659        0.8750682200
Mg            0.6250000000        0.2499831122        0.1250000000
Mg            0.6250000000        0.2499498341        0.3749317800
Mg            0.6250000000        0.2498963515        0.6250000000
Mg            0.6250000000        0.2499498341        0.8750682200
Mg            0.6250000000        0.4999766462        0.1250000000
Mg            0.6250000000        0.4997666511        0.3746454458
Mg            0.6250000000        0.4987188158        0.6250000000
Mg            0.6250000000        0.4997666511        0.8753545542
Mg            0.6250000000        0.7500233538        0.1250000000
Mg            0.6250000000        0.7502333489        0.3746454458
Mg            0.6250000000        0.7512811842        0.6250000000
Mg            0.6250000000        0.7502333489        0.8753545542
Mg            0.8750013129        0.0000010348        0.1250000000
Mg            0.8750043584        0.0000001415        0.3749956416
Mg            0.8750682200        0.0000501659        0.6250000000
Mg            0.8750043584        0.0000001415        0.8750043584
Mg            0.8750013129        0.2499989652        0.1250000000
Mg            0.8750043584        0.2499998585        0.3749956416
Mg            0.8750682200        0.2499498341        0.6250000000
Mg            0.8750043584        0.2499998585        0.8750043584
Mg            0.8750130586        0.4999900005        0.1250000000
Mg            0.8749952263        0.4999775226        0.3750047737
Mg            0.8753545542        0.4997666511        0.6250000000
Mg            0.8749952263        0.4999775226        0.8749952263
Mg            0.8750130586        0.7500099995        0.1250000000
Mg            0.8749952263        0.7500224774        0.3750047737
Mg            0.8753545542        0.7502333489        0.6250000000
Mg            0.8749952263        0.7500224774        0.8749952263
Mg            0.1250000000        0.1250000000        0.0000003760
Mg            0.1250000000        0.1250000000        0.2499996240
Mg            0.1250000000        0.1250000000        0.4999988339
Mg            0.1250000000        0.1250000000        0.7500011661
Mg            0.1250000000        0.3749986871        0.0000010348
Mg            0.1250000000        0.3749986871        0.2499989652
Mg            0.1250000000        0.3749869414        0.4999900005
Mg            0.1250000000        0.3749869414        0.7500099995
Mg            0.1250000000        0.6250000000        0.0000168878
Mg            0.1250000000        0.6250000000        0.2499831122
Mg            0.1250000000        0.6250000000        0.4999766462
Mg            0.1250000000        0.6250000000        0.7500233538
Mg            0.1250000000        0.8750013129        0.0000010348
Mg            0.1250000000        0.8750013129        0.2499989652
Mg            0.1250000000        0.8750130586        0.4999900005
Mg            0.1250000000        0.8750130586        0.7500099995
Mg            0.3749986871        0.1250000000        0.0000010348
Mg            0.3749986871        0.1250000000        0.2499989652
Mg            0.3749869414        0.1250000000        0.4999900005
Mg            0.3749869414        0.1250000000        0.7500099995
Mg            0.3749956416        0.3749956416        0.0000001415
Mg            0.3749956416        0.3749956416        0.2499998585
Mg            0.3750047737        0.3750047737        0.4999775226
Mg            0.3750047737        0.3750047737        0.7500224774
Mg            0.3749317800        0.6250000000        0.0000501659
Mg            0.3749317800        0.6250000000        0.2499498341
Mg            0.3746454458        0.6250000000        0.4997666511
Mg            0.3746454458        0.6250000000        0.7502333489
Mg            0.3749956416        0.8750043584        0.0000001415
Mg            0.3749956416        0.8750043584        0.2499998585
Mg            0.3750047737        0.8749952263        0.4999775226
Mg            0.3750047737        0.8749952263        0.7500224774
Mg            0.6250000000        0.1250000000        0.0000168878
Mg            0.6250000000        0.1250000000        0.2499831122
Mg            0.6250000000        0.1250000000        0.4999766462
Mg            0.6250000000        0.1250000000        0.7500233538
Mg            0.6250000000        0.3749317800        0.0000501659
Mg            0.6250000000        0.3749317800        0.2499498341
Mg            0.6250000000        0.3746454458        0.4997666511
Mg            0.6250000000        0.3746454458        0.7502333489
Mg            0.6250000000        0.6250000000        0.0001036485
Mg            0.6250000000        0.6250000000        0.2498963515
Mg            0.6250000000        0.6250000000        0.4987188158
Mg            0.6250000000        0.6250000000        0.7512811842
Mg            0.6250000000        0.8750682200        0.0000501659
Mg            0.6250000000        0.8750682200        0.2499498341
Mg            0.6250000000        0.8753545542        0.4997666511
Mg            0.6250000000        0.8753545542        0.7502333489
Mg            0.8750013129        0.1250000000        0.0000010348
Mg            0.8750013129        0.1250000000        0.2499989652
Mg            0.8750130586        0.1250000000        0.4999900005
Mg            0.8750130586        0.1250000000        0.7500099995
Mg            0.8750043584        0.3749956416        0.0000001415
Mg            0.8750043584        0.3749956416        0.2499998585
Mg            0.8749952263        0.3750047737        0.4999775226
Mg            0.8749952263        0.3750047737        0.7500224774
Mg            0.8750682200        0.6250000000        0.0000501659
Mg            0.8750682200        0.6250000000        0.2499498341
Mg            0.8753545542        0.6250000000        0.4997666511
Mg            0.8753545542        0.6250000000        0.7502333489
Mg            0.8750043584        0.8750043584        0.0000001415
Mg            0.8750043584        0.8750043584        0.2499998585
Mg            0.8749952263        0.8749952263        0.4999775226
Mg            0.8749952263        0.8749952263        0.7500224774
O             0.0000002823        0.1250000000        0.0000002823
O             0.0000002823        0.1250000000        0.2499997177
O             0.0000019482        0.1250000000        0.4999990768
O             0.0000019482        0.1250000000        0.7500009232
O             0.0000007842        0.3749987048        0.0000007842
O             0.0000007842        0.3749987048        0.2499992158
O             0.0000167191        0.3749906933        0.4999963141
O             0.0000167191        0.3749906933        0.7500036859
O             0.0000252606        0.6250000000        0.0000252606
O             0.0000252606        0.6250000000        0.2499747394
O             0.0000589138        0.6250000000        0.4999855308
O             0.0000589138        0.6250000000        0.7500144692
O             0.0000007842        0.8750012952        0.0000007842
O             0.0000007842        0.8750012952        0.2499992158
O             0.0000167191        0.8750093067        0.4999963141
O             0.0000167191        0.8750093067        0.7500036859
O             0.2499997177        0.1250000000        0.0000002823
O             0.2499997177        0.1250000000        0.2499997177
O             0.2499980518        0.1250000000        0.4999990768
O             0.2499980518        0.1250000000        0.7500009232
O             0.2499992158        0.3749987048        0.0000007842
O             0.2499992158        0.3749987048        0.2499992158
O             0.2499832809        0.3749906933        0.4999963141
O             0.2499832809        0.3749906933        0.7500036859
O             0.2499747394        0.6250000000        0.0000252606
O             0.2499747394        0.6250000000        0.2499747394
O             0.2499410862        0.6250000000        0.4999855308
O             0.2499410862        0.6250000000        0.7500144692
O             0.2499992158        0.8750012952        0.0000007842
O             0.2499992158        0.8750012952        0.2499992158
O             0.2499832809        0.8750093067        0.4999963141
O             0.2499832809        0.8750093067        0.7500036859
O             0.4999990768        0.1250000000        0.0000019482
O             0.4999990768        0.1250000000        0.2499980518
O             0.4999998546        0.1250000000        0.4999998546
O             0.4999998546        0.1250000000        0.7500001454
O             0.4999963141        0.3749906933        0.0000167191
O             0.4999963141        0.3749906933        0.2499832809
O             0.4999787696        0.3749068042        0.4999787696
O             0.4999787696        0.3749068042        0.7500212304
O             0.4999855308        0.6250000000        0.0000589138
O             0.4999855308        0.6250000000        0.2499410862
O             0.4993563864        0.6250000000        0.4993563864
O             0.4993563864        0.6250000000        0.7506436136
O             0.4999963141        0.8750093067        0.0000167191
O             0.4999963141        0.8750093067        0.2499832809
O             0.4999787696        0.8750931958        0.4999787696
O             0.4999787696        0.8750931958        0.7500212304
O             0.7500009232        0.1250000000        0.0000019482
O             0.7500009232        0.1250000000        0.2499980518
O             0.7500001454        0.1250000000        0.4999998546
O             0.7500001454        0.1250000000        0.7500001454
O             0.7500036859        0.3749906933        0.0000167191
O             0.7500036859        0.3749906933        0.2499832809
O             0.7500212304        0.3749068042        0.4999787696
O             0.7500212304        0.3749068042        0.7500212304
O             0.7500144692        0.6250000000        0.0000589138
O             0.7500144692        0.6250000000        0.2499410862
O             0.7506436136        0.6250000000        0.4993563864
O             0.7506436136        0.6250000000        0.7506436136
O             0.7500036859        0.8750093067        0.0000167191
O             0.7500036859        0.8750093067        0.2499832809
O             0.7500212304        0.8750931958        0.4999787696
O             0.7500212304        0.8750931958        0.7500212304
O             0.0000002823        0.0000002823        0.1250000000
O             0.0000007842        0.0000007842        0.3749987048
O             0.0000252606        0.0000252606        0.6250000000
O             0.0000007842        0.0000007842        0.8750012952
O             0.0000002823        0.2499997177        0.1250000000
O             0.0000007842        0.2499992158        0.3749987048
O             0.0000252606        0.2499747394        0.6250000000
O             0.0000007842        0.2499992158        0.8750012952
O             0.0000019482        0.4999990768        0.1250000000
O             0.0000167191        0.4999963141        0.3749906933
O             0.0000589138        0.4999855308        0.6250000000
O             0.0000167191        0.4999963141        0.8750093067
O             0.0000019482        0.7500009232        0.1250000000
O             0.0000167191        0.7500036859        0.3749906933
O             0.0000589138        0.7500144692        0.6250000000
O             0.0000167191        0.7500036859        0.8750093067
O             0.2499997177        0.0000002823        0.1250000000
O             0.2499992158        0.0000007842        0.3749987048
O             0.2499747394        0.0000252606        0.6250000000
O             0.2499992158        0.0000007842        0.8750012952
O             0.2499997177        0.2499997177        0.1250000000
O             0.2499992158        0.2499992158        0.3749987048
O             0.2499747394        0.2499747394        0.6250000000
O             0.2499992158        0.2499992158        0.8750012952
O             0.2499980518        0.4999990768        0.1250000000
O             0.2499832809        0.4999963141        0.3749906933
O             0.2499410862        0.4999855308        0.6250000000
O             0.2499832809        0.4999963141        0.8750093067
O             0.2499980518        0.7500009232        0.1250000000
O             0.2499832809        0.7500036859        0.3749906933
O             0.2499410862        0.7500144692        0.6250000000
O             0.2499832809        0.7500036859        0.8750093067
O             0.4999990768        0.0000019482        0.1250000000
O             0.4999963141        0.0000167191        0.3749906933
O             0.4999855308        0.0000589138        0.6250000000
O             0.4999963141        0.0000167191        0.8750093067
O             0.4999990768        0.2499980518        0.1250000000
O             0.4999963141        0.2499832809        0.3749906933
O             0.4999855308        0.2499410862        0.6250000000
O             0.4999963141        0.2499832809        0.8750093067
O             0.4999998546        0.4999998546        0.1250000000
O             0.4999787696        0.4999787696        0.3749068042
O             0.4993563864        0.4993563864        0.6250000000
O             0.4999787696        0.4999787696        0.8750931958
O             0.4999998546        0.7500001454        0.1250000000
O             0.4999787696        0.7500212304        0.3749068042
O             0.4993563864        0.7506436136        0.6250000000
O             0.4999787696        0.7500212304        0.8750931958
O             0.7500009232        0.0000019482        0.1250000000
O             0.7500036859        0.0000167191        0.3749906933
O             0.7500144692        0.0000589138        0.6250000000
O             0.7500036859        0.0000167191        0.8750093067
O             0.7500009232        0.2499980518        0.1250000000
O             0.7500036859        0.2499832809        0.3749906933
O             0.7500144692        0.2499410862        0.6250000000
O             0.7500036859        0.2499832809        0.8750093067
O             0.7500001454        0.4999998546        0.1250000000
O             0.7500212304        0.4999787696        0.3749068042
O             0.7506436136        0.4993563864        0.6250000000
O             0.7500212304        0.4999787696        0.8750931958
O             0.7500001454        0.7500001454        0.1250000000
O             0.7500212304        0.7500212304        0.3749068042
O             0.7506436136        0.7506436136        0.6250000000
O             0.7500212304        0.7500212304        0.8750931958
O             0.1250000000        0.1250000000        0.1250000000
O             0.1250000000        0.1250000000        0.3749995881
O             0.1250000000        0.1250000000        0.6250000000
O             0.1250000000        0.1250000000        0.8750004119
O             0.1250000000        0.3749995881        0.1250000000
O             0.1250000000        0.3749981216        0.3749981216
O             0.1250000000        0.3749936905        0.6250000000
O             0.1250000000        0.3749981216        0.8750018784
O             0.1250000000        0.6250000000        0.1250000000
O             0.1250000000        0.6250000000        0.3749936905
O             0.1250000000        0.6250000000        0.6250000000
O             0.1250000000        0.6250000000        0.8750063095
O             0.1250000000        0.8750004119        0.1250000000
O             0.1250000000        0.8750018784        0.3749981216
O             0.1250000000        0.8750063095        0.6250000000
O             0.1250000000        0.8750018784        0.8750018784
O             0.3749995881        0.1250000000        0.1250000000
O             0.3749981216        0.1250000000        0.3749981216
O             0.3749936905        0.1250000000        0.6250000000
O             0.3749981216        0.1250000000        0.8750018784
O             0.3749981216        0.3749981216        0.1250000000
O             0.3749937840        0.3749937840        0.3749937840
O             0.3748531496        0.3748531496        0.6250000000
O             0.3749937840        0.3749937840        0.8750062160
O             0.3749936905        0.6250000000        0.1250000000
O             0.3748531496        0.6250000000        0.3748531496
O             0.3747715905        0.6250000000        0.6250000000
O             0.3748531496        0.6250000000        0.8751468504
O             0.3749981216        0.8750018784        0.1250000000
O             0.3749937840        0.8750062160        0.3749937840
O             0.3748531496        0.8751468504        0.6250000000
O             0.3749937840        0.8750062160        0.8750062160
O             0.6250000000        0.1250000000        0.1250000000
O             0.6250000000        0.1250000000        0.3749936905
O             0.6250000000        0.1250000000        0.6250000000
O             0.6250000000        0.1250000000        0.8750063095
O             0.6250000000        0.3749936905        0.1250000000
O             0.6250000000        0.3748531496        0.3748531496
O             0.6250000000        0.3747715905        0.6250000000
O             0.6250000000        0.3748531496        0.8751468504
O             0.6250000000        0.6250000000        0.1250000000
O             0.6250000000        0.6250000000        0.3747715905
O             0.6250000000        0.6250000000        0.8752284095
O             0.6250000000        0.8750063095        0.1250000000
O             0.6250000000        0.8751468504        0.3748531496
O             0.6250000000        0.8752284095        0.6250000000
O             0.6250000000        0.8751468504        0.8751468504
O             0.8750004119        0.1250000000        0.1250000000
O             0.8750018784        0.1250000000        0.3749981216
O             0.8750063095        0.1250000000        0.6250000000
O             0.8750018784        0.1250000000        0.8750018784
O             0.8750018784        0.3749981216        0.1250000000
O             0.8750062160        0.3749937840        0.3749937840
O             0.8751468504        0.3748531496        0.6250000000
O             0.8750062160        0.3749937840        0.8750062160
O             0.8750063095        0.6250000000        0.1250000000
O             0.8751468504        0.6250000000        0.3748531496
O             0.8752284095        0.6250000000        0.6250000000
O             0.8751468504        0.6250000000        0.8751468504
O             0.8750018784        0.8750018784        0.1250000000
O             0.8750062160        0.8750062160        0.3749937840
O             0.8751468504        0.8751468504        0.6250000000
O             0.8750062160        0.8750062160        0.8750062160
O             0.1250000000        0.0000002823        0.0000002823
O             0.1250000000        0.0000002823        0.2499997177
O             0.1250000000        0.0000019482        0.4999990768
O             0.1250000000        0.0000019482        0.7500009232
O             0.1250000000        0.2499997177        0.0000002823
O             0.1250000000        0.2499997177        0.2499997177
O             0.1250000000        0.2499980518        0.4999990768
O             0.1250000000        0.2499980518        0.7500009232
O             0.1250000000        0.4999990768        0.0000019482
O             0.1250000000        0.4999990768        0.2499980518
O             0.1250000000        0.4999998546        0.4999998546
O             0.1250000000        0.4999998546        0.7500001454
O             0.1250000000        0.7500009232        0.0000019482
O             0.1250000000        0.7500009232        0.2499980518
O             0.1250000000        0.7500001454        0.4999998546
O             0.1250000000        0.7500001454        0.7500001454
O             0.3749987048        0.0000007842        0.0000007842
O             0.3749987048        0.0000007842        0.2499992158
O             0.3749906933        0.0000167191        0.4999963141
O             0.3749906933        0.0000167191        0.7500036859
O             0.3749987048        0.2499992158        0.0000007842
O             0.3749987048        0.2499992158        0.2499992158
O             0.3749906933        0.2499832809        0.4999963141
O             0.3749906933        0.2499832809        0.7500036859
O             0.3749906933        0.4999963141        0.0000167191
O             0.3749906933        0.4999963141        0.2499832809
O             0.3749068042        0.4999787696        0.4999787696
O             0.3749068042        0.4999787696        0.7500212304
O             0.3749906933        0.7500036859        0.0000167191
O             0.3749906933        0.7500036859        0.2499832809
O             0.3749068042        0.7500212304        0.4999787696
O             0.3749068042        0.7500212304        0.7500212304
O             0.6250000000        0.0000252606        0.0000252606
O             0.6250000000        0.0000252606        0.2499747394
O             0.6250000000        0.0000589138        0.4999855308
O             0.6250000000        0.0000589138        0.7500144692
O             0.6250000000        0.2499747394        0.0000252606
O             0.6250000000        0.2499747394        0.2499747394
O             0.6250000000        0.2499410862        0.4999855308
O             0.6250000000        0.2499410862        0.7500144692
O             0.6250000000        0.4999855308        0.0000589138
O             0.6250000000        0.4999855308        0.2499410862
O             0.6250000000        0.4993563864        0.4993563864
O             0.6250000000        0.4993563864        0.7506436136
O             0.6250000000        0.7500144692        0.0000589138
O             0.6250000000        0.7500144692        0.2499410862
O             0.6250000000        0.7506436136        0.4993563864
O             0.6250000000        0.7506436136        0.7506436136
O             0.8750012952        0.0000007842        0.0000007842
O             0.8750012952        0.0000007842        0.2499992158
O             0.8750093067        0.0000167191        0.4999963141
O             0.8750093067        0.0000167191        0.7500036859
O             0.8750012952        0.2499992158        0.0000007842
O             0.8750012952        0.2499992158        0.2499992158
O             0.8750093067        0.2499832809        0.4999963141
O             0.8750093067        0.2499832809        0.7500036859
O             0.8750093067        0.4999963141        0.0000167191
O             0.8750093067        0.4999963141        0.2499832809
O             0.8750931958        0.4999787696        0.4999787696
O             0.8750931958        0.4999787696        0.7500212304
O             0.8750093067        0.7500036859        0.0000167191
O             0.8750093067        0.7500036859        0.2499832809
O             0.8750931958        0.7500212304        0.4999787696
O             0.8750931958        0.7500212304        0.7500212304
