&CONTROL
calculation = 'scf'
restart_mode = 'from_scratch'
prefix = 'pwscf'
pseudo_dir = '/home/jinyuchem/program/QE/pseudo-potential'
outdir = './'
wf_collect = .TRUE.
tstress = .TRUE.
tprnfor = .TRUE.
verbosity = 'high'
/
&SYSTEM
ibrav = 0
nat = 511
ntyp = 2
ecutwfc = 60
tot_charge = -1
nspin = 2
tot_magnetization = 2
nbnd = 1056
/
&ELECTRONS
electron_maxstep = 600
conv_thr = 1.0d-8
mixing_mode = 'plain'
mixing_beta = 0.7
diagonalization = 'david'
diago_full_acc = .TRUE.
startingpot = 'atomic'
startingwfc = 'atomic+random'
/
ATOMIC_SPECIES
C  12.0107 C_ONCV_PBE-1.0.upf
N  14.0000 N_ONCV_PBE-1.0.upf
CELL_PARAMETERS angstrom
14.272 0.0 0.0
0.0 14.272 0.0
0.0 0.0 14.272
K_POINTS gamma
ATOMIC_POSITIONS crystal
C        0.000007027   0.000007029   0.000007038
C       -0.000035075  -0.000035057   0.249994874
C       -0.000003903  -0.000003889   0.500006859
C        0.000050121   0.000050135   0.750016258
C       -0.000035074   0.249994859  -0.000035064
C       -0.000069725   0.249969827   0.249969836
C       -0.000098194   0.250042008   0.499979301
C       -0.000059225   0.250042978   0.749966381
C       -0.000003903   0.500006843  -0.000003893
C       -0.000098203   0.499979289   0.250042014
C       -0.000025005   0.500003339   0.500003344
C        0.000057051   0.500028210   0.749977531
C        0.000050125   0.750016260   0.000050138
C       -0.000059231   0.749966393   0.250042985
C        0.000057039   0.749977535   0.500028222
C        0.000161767   0.750047793   0.750047797
C        0.249994865  -0.000035061  -0.000035071
C        0.249969831  -0.000069712   0.249969833
C        0.250042011  -0.000098167   0.499979308
C        0.250042980  -0.000059209   0.749966394
C        0.249969830   0.249969823  -0.000069719
C        0.249994976   0.249994967   0.249994977
C        0.249580607   0.249580606   0.499989155
C        0.250016287   0.250016279   0.749899187
C        0.250042014   0.499979285  -0.000098192
C        0.249580595   0.499989147   0.249580588
C        0.250325185   0.499828008   0.499827996
C        0.249975223   0.499876690   0.749983214
C        0.250042982   0.749966390  -0.000059223
C        0.250016279   0.749899195   0.250016272
C        0.249975212   0.749983217   0.499876702
C        0.250302448   0.749809311   0.749809312
C        0.500006863  -0.000003892  -0.000003896
C        0.499979319  -0.000098169   0.250042011
C        0.500003356  -0.000024972   0.500003339
C        0.500028228   0.000057069   0.749977530
C        0.499979306   0.250042010  -0.000098185
C        0.499989161   0.249580603   0.249580597
C        0.499828014   0.250325197   0.499828006
C        0.499876713   0.249975222   0.749983207
C        0.500003351   0.500003337  -0.000024999
C        0.499828004   0.499828010   0.250325171
C        0.500115298   0.500115263   0.749554488
C        0.500028235   0.749977529   0.000057053
C        0.499876713   0.749983219   0.249975209
C        0.500115293   0.749554489   0.500115278
C        0.500316303   0.750427238   0.750427253
C        0.750016263   0.000050130   0.000050138
C        0.749966396  -0.000059215   0.250042986
C        0.749977533   0.000057070   0.500028225
C        0.750047789   0.000161775   0.750047794
C        0.749966386   0.250042979  -0.000059218
C        0.749899191   0.250016278   0.250016285
C        0.749983204   0.249975224   0.499876702
C        0.749809307   0.250302451   0.749809307
C        0.749977527   0.500028214   0.000057060
C        0.749983204   0.499876700   0.249975217
C        0.749554474   0.500115270   0.500115287
C        0.750427236   0.500316275   0.750427245
C        0.750047794   0.750047791   0.000161784
C        0.749809314   0.749809313   0.250302452
C        0.750427240   0.750427241   0.500316290
C        0.750223092   0.750223085   0.750223100
C       -0.000031972   0.124969284   0.124969294
C       -0.000058214   0.124973846   0.374979413
C       -0.000065088   0.125062327   0.624995426
C       -0.000011811   0.125015758   0.874997097
C       -0.000058213   0.374979395   0.124973845
C       -0.000103939   0.375006598   0.375006610
C       -0.000040656   0.375041294   0.624963426
C       -0.000024668   0.375017509   0.874959331
C       -0.000065094   0.624995428   0.125062325
C       -0.000040668   0.624963431   0.375041301
C        0.000092330   0.625009329   0.625009336
C        0.000119480   0.625032723   0.875039727
C       -0.000011812   0.874997104   0.125015766
C       -0.000024676   0.874959337   0.375017525
C        0.000119475   0.875039729   0.625032727
C        0.000086387   0.875045286   0.875045294
C        0.249972226   0.124965440   0.124965444
C        0.249976375   0.124916111   0.374963849
C        0.249951715   0.124922679   0.624958636
C        0.249994446   0.124984554   0.874943509
C        0.249976368   0.374963827   0.124916100
C        0.250079584   0.375046092   0.375046093
C        0.249993691   0.374918078   0.624839191
C        0.249998054   0.374985762   0.874927185
C        0.249951712   0.624958627   0.124922653
C        0.249993679   0.624839194   0.374918076
C        0.250465543   0.624635342   0.624635345
C        0.250269322   0.624963339   0.874757033
C        0.249994448   0.874943516   0.124984545
C        0.249998045   0.874927196   0.374985779
C        0.250269313   0.874757043   0.624963354
C        0.250072885   0.874940289   0.874940281
C        0.499998513   0.124846632   0.124846627
C        0.499948293   0.125001073   0.374977448
C        0.499950338   0.125114584   0.624899587
C        0.499971804   0.125003024   0.874992721
C        0.499948283   0.374977443   0.125001050
C        0.500270170   0.375117028   0.375117019
C        0.499223629   0.376034347   0.623528387
C        0.499997058   0.375142858   0.874779445
C        0.499950343   0.624899590   0.125114552
C        0.499223614   0.623528395   0.376034339
C        0.503084293   0.624874306   0.624874335
C        0.500109740   0.625019335   0.874970096
C        0.499971816   0.874992728   0.125003012
C        0.499997065   0.874779461   0.375142861
C        0.500109737   0.874970102   0.625019345
C        0.500091334   0.875137788   0.875137790
C        0.749970416   0.124999249   0.124999252
C        0.749958925   0.124990261   0.374990975
C        0.749890019   0.125166588   0.624948683
C        0.749975904   0.125142102   0.874947822
C        0.749958915   0.374990968   0.124990254
C        0.749804134   0.375028537   0.375028538
C        0.749191417   0.375784045   0.624800335
C        0.749910386   0.375112030   0.874901566
C        0.749890019   0.624948690   0.125166581
C        0.749191419   0.624800330   0.375784048
C        0.750563076   0.625416165   0.625416181
C        0.750185385   0.625143255   0.875242736
C        0.749975912   0.874947824   0.125142104
C        0.749910389   0.874901570   0.375112038
C        0.750185384   0.875242729   0.625143267
C        0.750087529   0.875123934   0.875123946
C        0.124969280  -0.000031964   0.124969289
C        0.124973836  -0.000058194   0.374979416
C        0.125062316  -0.000065070   0.624995434
C        0.125015754  -0.000011800   0.874997096
C        0.124965439   0.249972221   0.124965447
C        0.124916103   0.249976363   0.374963845
C        0.124922667   0.249951718   0.624958632
C        0.124984549   0.249994444   0.874943510
C        0.124846616   0.499998490   0.124846622
C        0.125001045   0.499948269   0.374977436
C        0.125114563   0.499950324   0.624899586
C        0.125003016   0.499971782   0.874992723
C        0.124999236   0.749970418   0.124999240
C        0.124990238   0.749958928   0.374990975
C        0.125166563   0.749890026   0.624948694
C        0.125142098   0.749975904   0.874947824
C        0.374979415  -0.000058202   0.124973839
C        0.375006618  -0.000103911   0.375006610
C        0.375041304  -0.000040629   0.624963431
C        0.375017527  -0.000024658   0.874959329
C        0.374963844   0.249976362   0.124916107
C        0.375046112   0.250079590   0.375046101
C        0.374918096   0.249993690   0.624839191
C        0.374985780   0.249998045   0.874927186
C        0.374977446   0.499948271   0.125001044
C        0.375117039   0.500270188   0.375117021
C        0.376034370   0.499223594   0.623528380
C        0.375142881   0.499997036   0.874779448
C        0.374990985   0.749958925   0.124990239
C        0.375028545   0.749804154   0.375028530
C        0.375784055   0.749191426   0.624800347
C        0.375112046   0.749910383   0.874901563
C        0.624995445  -0.000065078   0.125062325
C        0.624963442  -0.000040632   0.375041298
C        0.625009345   0.000092353   0.625009336
C        0.625032733   0.000119488   0.875039727
C        0.624958640   0.249951715   0.124922665
C        0.624839196   0.249993692   0.374918084
C        0.624635344   0.250465563   0.624635340
C        0.624963350   0.250269318   0.874757029
C        0.624899593   0.499950329   0.125114563
C        0.623528378   0.499223605   0.376034352
C        0.624874330   0.503084256   0.624874330
C        0.625019349   0.500109713   0.874970096
C        0.624948703   0.749890024   0.125166573
C        0.624800349   0.749191426   0.375784043
C        0.625416188   0.750563071   0.625416182
C        0.625143276   0.750185380   0.875242737
C        0.874997095  -0.000011804   0.125015770
C        0.874959326  -0.000024656   0.375017528
C        0.875039718   0.000119495   0.625032727
C        0.875045284   0.000086387   0.875045295
C        0.874943512   0.249994443   0.124984557
C        0.874927178   0.249998047   0.374985777
C        0.874757026   0.250269318   0.624963340
C        0.874940276   0.250072877   0.874940280
C        0.874992714   0.499971787   0.125003020
C        0.874779434   0.499997039   0.375142869
C        0.874970086   0.500109716   0.625019346
C        0.875137782   0.500091313   0.875137788
C        0.874947817   0.749975904   0.125142109
C        0.874901556   0.749910389   0.375112040
C        0.875242720   0.750185382   0.625143264
C        0.875123935   0.750087527   0.875123947
C        0.124969284   0.124969283  -0.000031969
C        0.124965436   0.124965443   0.249972234
C        0.124846623   0.124846636   0.499998512
C        0.124999242   0.124999253   0.749970408
C        0.124973840   0.374979391  -0.000058205
C        0.124916097   0.374963827   0.249976368
C        0.125001052   0.374977440   0.499948275
C        0.124990254   0.374990968   0.749958919
C        0.125062317   0.624995424  -0.000065084
C        0.124922650   0.624958632   0.249951713
C        0.125114552   0.624899589   0.499950333
C        0.125166573   0.624948685   0.749890022
C        0.125015757   0.874997105  -0.000011803
C        0.124984543   0.874943519   0.249994449
C        0.125003005   0.874992735   0.499971803
C        0.125142091   0.874947828   0.749975906
C        0.374979406   0.124973841  -0.000058207
C        0.374963853   0.124916108   0.249976373
C        0.374977455   0.125001074   0.499948279
C        0.374990981   0.124990263   0.749958919
C        0.375006612   0.375006599  -0.000103928
C        0.375046101   0.375046092   0.250079576
C        0.375117039   0.375117029   0.500270165
C        0.375028554   0.375028530   0.749804141
C        0.375041309   0.624963421  -0.000040660
C        0.374918091   0.624839195   0.249993664
C        0.376034366   0.623528386   0.499223595
C        0.375784059   0.624800329   0.749191430
C        0.375017530   0.874959335  -0.000024666
C        0.374985789   0.874927196   0.249998045
C        0.375142871   0.874779462   0.499997052
C        0.375112042   0.874901570   0.749910388
C        0.624995436   0.125062324  -0.000065081
C        0.624958649   0.124922675   0.249951720
C        0.624899596   0.125114583   0.499950332
C        0.624948693   0.125166587   0.749890016
C        0.624963430   0.375041297  -0.000040652
C        0.624839191   0.374918082   0.249993679
C        0.623528383   0.376034355   0.499223615
C        0.624800344   0.375784040   0.749191424
C        0.625009345   0.625009332   0.000092343
C        0.624635349   0.624635348   0.250465539
C        0.624874327   0.624874303   0.503084282
C        0.625416185   0.625416163   0.750563088
C        0.625032740   0.875039722   0.000119490
C        0.624963362   0.874757037   0.250269314
C        0.625019352   0.874970100   0.500109721
C        0.625143272   0.875242728   0.750185391
C        0.874997095   0.125015757  -0.000011797
C        0.874943512   0.124984556   0.249994457
C        0.874992719   0.125003023   0.499971799
C        0.874947813   0.125142104   0.749975900
C        0.874959326   0.375017512  -0.000024657
C        0.874927174   0.374985767   0.249998051
C        0.874779436   0.375142860   0.499997051
C        0.874901560   0.375112029   0.749910386
C        0.875039717   0.625032723   0.000119493
C        0.874757023   0.624963343   0.250269322
C        0.874970082   0.625019339   0.500109729
C        0.875242721   0.625143255   0.750185387
C        0.875045288   0.875045286   0.000086401
C        0.874940277   0.874940287   0.250072891
C        0.875137780   0.875137793   0.500091325
C        0.875123933   0.875123936   0.750087535
C        0.187456741   0.062451592   0.187456745
C        0.187448596   0.062398295   0.437464785
C        0.187510194   0.062443110   0.687483148
C        0.187489362   0.062477790   0.937471413
C        0.187446394   0.312447388   0.187446395
C        0.187403073   0.312389970   0.437408353
C        0.187457925   0.312499895   0.687417490
C        0.187473856   0.312476209   0.937441427
C        0.187231724   0.562404787   0.187231723
C        0.187581551   0.562371117   0.437467682
C        0.187682900   0.562439620   0.687377241
C        0.187606194   0.562478063   0.937372031
C        0.187497989   0.812443039   0.187497990
C        0.187432850   0.812539981   0.437525396
C        0.187694110   0.812371726   0.687445549
C        0.187554812   0.812487331   0.937466235
C        0.437464787   0.062398286   0.187448598
C        0.437469086   0.062458130   0.437469079
C        0.437514706   0.062531811   0.687456921
C        0.437509467   0.062468680   0.937486805
C        0.437408363   0.312389969   0.187403065
C        0.437419413   0.312696653   0.437419394
C        0.437665103   0.312272553   0.687638477
C        0.437501374   0.312534905   0.937365121
C        0.437467693   0.562371117   0.187581542
C        0.438729710   0.561926843   0.686207066
C        0.437548364   0.562508913   0.937429218
C        0.437525402   0.812539975   0.187432854
C        0.437570004   0.812237830   0.437570000
C        0.437733236   0.812367984   0.687496694
C        0.437558192   0.812491443   0.937503564
C        0.687483159   0.062443102   0.187510199
C        0.687456932   0.062531808   0.437514700
C        0.687507465   0.062628117   0.687507454
C        0.687517155   0.062596052   0.937499060
C        0.687417497   0.312499895   0.187457925
C        0.687638476   0.312272557   0.437665090
C        0.687184814   0.312935915   0.687184813
C        0.687473157   0.312581278   0.937414438
C        0.687377239   0.562439627   0.187682894
C        0.686207057   0.561926843   0.438729700
C        0.688482586   0.562894457   0.688482592
C        0.687553242   0.562569271   0.937581033
C        0.687445556   0.812371723   0.187694111
C        0.687496691   0.812367987   0.437733219
C        0.687762613   0.812886129   0.687762613
C        0.687593246   0.812621422   0.937686436
C        0.937471409   0.062477791   0.187489376
C        0.937486800   0.062468684   0.437509466
C        0.937499050   0.062596054   0.687517145
C        0.937518212   0.062530626   0.937518218
C        0.937441421   0.312476217   0.187473864
C        0.937365113   0.312534903   0.437501377
C        0.937414428   0.312581273   0.687473156
C        0.937462418   0.312520043   0.937462431
C        0.937372023   0.562478068   0.187606197
C        0.937429208   0.562508917   0.437548351
C        0.937581022   0.562569271   0.687553241
C        0.937592822   0.562532255   0.937592836
C        0.937466225   0.812487335   0.187554813
C        0.937503551   0.812491450   0.437558179
C        0.937686425   0.812621423   0.687593236
C        0.937585822   0.812562417   0.937585830
C        0.062476630   0.062476636   0.062476637
C        0.062459137   0.062459153   0.312473106
C        0.062434616   0.062434629   0.562478432
C        0.062515992   0.062516002   0.812506133
C        0.062459141   0.312473091   0.062459149
C        0.062390414   0.312447470   0.312447490
C        0.062447267   0.312499572   0.562458772
C        0.062466044   0.312510154   0.812465134
C        0.062434611   0.562478430   0.062434623
C        0.062447258   0.562458772   0.312499579
C        0.062560995   0.562487119   0.562487133
C        0.062587971   0.562516089   0.812484589
C        0.062515988   0.812506154   0.062515998
C        0.062466034   0.812465155   0.312510155
C        0.062587965   0.812484590   0.562516097
C        0.062632702   0.812521301   0.812521305
C        0.312473095   0.062459143   0.062459143
C        0.312447478   0.062390427   0.312447475
C        0.312499584   0.062447295   0.562458770
C        0.312510166   0.062466057   0.812465137
C        0.312447484   0.312447466   0.062390418
C        0.312482145   0.312482130   0.312482134
C        0.311811889   0.311811891   0.562064101
C        0.312521327   0.312521312   0.812416383
C        0.312499582   0.562458766   0.062447265
C        0.311811884   0.562064099   0.311811871
C        0.313106308   0.562095187   0.562095201
C        0.312859333   0.562407832   0.812094563
C        0.312510160   0.812465148   0.062466044
C        0.312521314   0.812416404   0.312521313
C        0.312859333   0.812094565   0.562407851
C        0.312612058   0.812412503   0.812412509
C        0.562478440   0.062434624   0.062434625
C        0.562458785   0.062447290   0.312499583
C        0.562487146   0.062561028   0.562487132
C        0.562516109   0.062587988   0.812484590
C        0.562458779   0.312499573   0.062447268
C        0.562064111   0.311811890   0.311811879
C        0.562095189   0.313106315   0.562095179
C        0.562407849   0.312859326   0.812094558
C        0.562487142   0.562487121   0.062561000
C        0.562095205   0.562095187   0.313106289
C        0.562629565   0.562629544   0.812504808
C        0.562516110   0.812484583   0.062587978
C        0.562407857   0.812094562   0.312859327
C        0.562629569   0.812504809   0.562629563
C        0.562628897   0.812827156   0.812827165
C        0.812506140   0.062515998   0.062516008
C        0.812465141   0.062466052   0.312510173
C        0.812484586   0.062587987   0.562516099
C        0.812521302   0.062632706   0.812521304
C        0.812465137   0.312510157   0.062466058
C        0.812416384   0.312521316   0.312521328
C        0.812094552   0.312859324   0.562407846
C        0.812412500   0.312612042   0.812412507
C        0.812484584   0.562516093   0.062587981
C        0.812094558   0.562407837   0.312859325
C        0.812504794   0.562629547   0.562629554
C        0.812827151   0.562628871   0.812827162
C        0.812521305   0.812521300   0.062632710
C        0.812412502   0.812412509   0.312612051
C        0.812827155   0.812827159   0.562628881
C        0.812662373   0.812662368   0.812662377
C        0.062451586   0.187456748   0.187456753
C        0.062398273   0.187448599   0.437464790
C        0.062443097   0.187510190   0.687483144
C        0.062477786   0.187489360   0.937471416
C        0.062398273   0.437464777   0.187448607
C        0.062458098   0.437469069   0.437469080
C        0.062531786   0.437514679   0.687456925
C        0.062468671   0.437509450   0.937486811
C        0.062443086   0.687483162   0.187510187
C        0.062531777   0.687456929   0.437514692
C        0.062628094   0.687507444   0.687507458
C        0.062596044   0.687517145   0.937499058
C        0.062477776   0.937471429   0.187489366
C        0.062468665   0.937486819   0.437509457
C        0.062596045   0.937499059   0.687517143
C        0.062530620   0.937518219   0.937518213
C        0.312447401   0.187446389   0.187446393
C        0.312389975   0.187403084   0.437408349
C        0.312499910   0.187457934   0.687417483
C        0.312476221   0.187473853   0.937441424
C        0.312389984   0.437408345   0.187403063
C        0.312696645   0.437419399   0.437419402
C        0.312272551   0.437665096   0.687638483
C        0.312534917   0.437501356   0.937365118
C        0.312499895   0.687417499   0.187457907
C        0.312272546   0.687638491   0.437665106
C        0.312935925   0.687184804   0.687184820
C        0.312581288   0.687473154   0.937414435
C        0.312476215   0.937441439   0.187473848
C        0.312534908   0.937365145   0.437501372
C        0.312581291   0.937414449   0.687473158
C        0.312520054   0.937462430   0.937462423
C        0.562404802   0.187231734   0.187231728
C        0.562371124   0.187581582   0.437467684
C        0.562439642   0.187682915   0.687377234
C        0.562478078   0.187606195   0.937372032
C        0.562371131   0.437467673   0.187581550
C        0.561926843   0.438729703   0.686207060
C        0.562508926   0.437548339   0.937429217
C        0.562439644   0.687377233   0.187682893
C        0.561926859   0.686207065   0.438729708
C        0.562894475   0.688482585   0.688482597
C        0.562569292   0.687553234   0.937581032
C        0.562478086   0.937372038   0.187606195
C        0.562508938   0.937429240   0.437548354
C        0.562569296   0.937581043   0.687553246
C        0.562532271   0.937592833   0.937592834
C        0.812443021   0.187498002   0.187498012
C        0.812539964   0.187432864   0.437525398
C        0.812371723   0.187694114   0.687445548
C        0.812487322   0.187554810   0.937466240
C        0.812539963   0.437525387   0.187432861
C        0.812237806   0.437569986   0.437569994
C        0.812367972   0.437733209   0.687496685
C        0.812491441   0.437558175   0.937503573
C        0.812371726   0.687445544   0.187694112
C        0.812367979   0.687496682   0.437733216
C        0.812886125   0.687762600   0.687762606
C        0.812621425   0.687593232   0.937686434
C        0.812487324   0.937466237   0.187554820
C        0.812491440   0.937503575   0.437558190
C        0.812621427   0.937686435   0.687593240
C        0.812562420   0.937585824   0.937585832
C        0.187456747   0.187456743   0.062451591
C        0.187446388   0.187446390   0.312447405
C        0.187231729   0.187231739   0.562404789
C        0.187498000   0.187498001   0.812443013
C        0.187448600   0.437464773   0.062398279
C        0.187403073   0.437408342   0.312389973
C        0.187581559   0.437467671   0.562371124
C        0.187432861   0.437525381   0.812539968
C        0.187510184   0.687483158   0.062443095
C        0.187457908   0.687417501   0.312499891
C        0.187682892   0.687377231   0.562439642
C        0.187694114   0.687445538   0.812371731
C        0.187489359   0.937471428   0.062477785
C        0.187473845   0.937441446   0.312476216
C        0.187606190   0.937372046   0.562478072
C        0.187554811   0.937466238   0.812487325
C        0.437464788   0.187448598   0.062398276
C        0.437408359   0.187403083   0.312389971
C        0.437467691   0.187581579   0.562371113
C        0.437525401   0.187432868   0.812539963
C        0.437469087   0.437469068   0.062458099
C        0.437419417   0.437419396   0.312696627
C        0.437569999   0.437569983   0.812237814
C        0.437514704   0.687456921   0.062531784
C        0.437665111   0.687638492   0.312272534
C        0.438729718   0.686207065   0.561926860
C        0.437733232   0.687496681   0.812367987
C        0.437509467   0.937486810   0.062468676
C        0.437501379   0.937365145   0.312534910
C        0.437548364   0.937429242   0.562508926
C        0.437558199   0.937503570   0.812491446
C        0.687483157   0.187510188   0.062443104
C        0.687417497   0.187457932   0.312499907
C        0.687377235   0.187682917   0.562439636
C        0.687445553   0.187694115   0.812371728
C        0.687456928   0.437514683   0.062531793
C        0.687638478   0.437665099   0.312272542
C        0.686207052   0.438729706   0.561926832
C        0.687496681   0.437733207   0.812367986
C        0.687507461   0.687507446   0.062628105
C        0.687184819   0.687184808   0.312935913
C        0.688482589   0.688482582   0.562894466
C        0.687762610   0.687762600   0.812886138
C        0.687517155   0.937499053   0.062596056
C        0.687473166   0.937414444   0.312581286
C        0.687553249   0.937581043   0.562569286
C        0.687593245   0.937686433   0.812621431
C        0.937471412   0.187489363   0.062477798
C        0.937441421   0.187473857   0.312476234
C        0.937372025   0.187606193   0.562478074
C        0.937466227   0.187554809   0.812487322
C        0.937486801   0.437509454   0.062468680
C        0.937365111   0.437501359   0.312534915
C        0.937429211   0.437548343   0.562508923
C        0.937503558   0.437558170   0.812491447
C        0.937499046   0.687517147   0.062596057
C        0.937414423   0.687473164   0.312581282
C        0.937581021   0.687553235   0.562569279
C        0.937686423   0.687593229   0.812621429
C        0.937518208   0.937518216   0.062530633
C        0.937462417   0.937462433   0.312520056
C        0.937592825   0.937592840   0.562532258
C        0.937585824   0.937585825   0.812562419
C        0.565031755   0.433027478   0.433027446
C        0.433027461   0.433027472   0.565031761
C        0.433027465   0.565031767   0.433027449
N        0.568531070   0.568531079   0.568531077
