&CONTROL
calculation = 'scf'
verbosity = 'high'
tprnfor=.TRUE.
tstress=.TRUE.
wf_collect = .true.
prefix='pwscf'
outdir = './'
pseudo_dir='/home/jinyuchem/program/QE/pseudo-potential'
/
&SYSTEM
ibrav = 0
ecutwfc = 85
tot_charge = -1
nspin = 2
tot_magnetization = 2.0
nbnd = 800
nat = 215
ntyp = 2
/
&ELECTRONS
conv_thr = 1D-10
diago_full_acc=.true.
/
K_POINTS gamma
CELL_PARAMETERS angstrom
10.70400  0.000000  0.000000
0.000000  10.70400  0.000000
0.000000  0.000000  10.70400
ATOMIC_SPECIES
C  12.01099968  C_ONCV_PBE-1.0.upf
N  14.00699997  N_ONCV_PBE-1.0.upf
ATOMIC_POSITIONS crystal
C    0.000020019001   -0.000001816291    0.000084689225
C    0.083283662957    0.083386910567    0.083414970386
C   -0.000166856612    0.166817476599    0.166825704457
C    0.082886523371    0.250234829475    0.250220130394
C    0.166603715648   -0.000051368937    0.166722307227
C    0.249844675495    0.083228067908    0.249986181205
C    0.166654734575    0.166718066410   -0.000012532965
C    0.249885451933    0.250048217984    0.083218549727
C   -0.000090853908    0.000176386616    0.333430408805
C    0.083113184314    0.083554416140    0.416680263842
C   -0.000374608647    0.167079431769    0.500149663834
C    0.083631419443    0.249739194592    0.583484190335
C    0.166925826345    0.000245976277    0.500123100827
C    0.250023976746    0.083346315000    0.583289380908
C    0.166319653088    0.166748487537    0.333355117734
C    0.249557406908    0.249970605551    0.416542504513
C    0.000193332015    0.000298587312    0.666778718389
C    0.083503031434    0.083441841456    0.750092385791
C    0.000135584944    0.166679282437    0.833468272509
C    0.083390272328    0.250151494908    0.916723562308
C    0.166752420741   -0.000002302725    0.833352405491
C    0.250082295980    0.083386634901    0.916616261114
C    0.166964671358    0.166592642947    0.666612902317
C    0.250230692152    0.250164080821    0.749918831784
C   -0.000036733109    0.333443386670    0.000243288587
C    0.083081513706    0.416762092575    0.083681855761
C   -0.000565309336    0.500231042595    0.167306315678
C    0.083088190632    0.583528066796    0.250272801944
C    0.166327103020    0.333410583531    0.166755005158
C    0.249544741441    0.416640072990    0.249942015319
C    0.166973801738    0.500144943416    0.000307659842
C    0.250046281997    0.583321529972    0.083380559786
C   -0.000694344303    0.333796619220    0.333815895774
C    0.082495329692    0.417215435259    0.417214589934
C   -0.001143582002    0.500602726326    0.500865542970
C    0.082763513454    0.583546959396    0.583584784089
C    0.166355412238    0.333493975937    0.500053619027
C    0.249922336391    0.416811686506    0.583266676169
C    0.166237679011    0.500100928314    0.333549395087
C    0.249845058090    0.583311797621    0.416795381752
C    0.000759479618    0.332512311135    0.666576448272
C    0.083553026385    0.416729330677    0.750135911525
C    0.001089586596    0.500354223390    0.834423864660
C    0.083933169078    0.583311439254    0.917267533073
C    0.166909200239    0.333443198840    0.833296299159
C    0.250347830575    0.416762055365    0.916415249118
C    0.166636702671    0.500155026973    0.666670371475
C    0.250269888695    0.583420717723    0.749817053361
C    0.000045967485    0.666715460903    0.000184935789
C    0.083323884218    0.750038511481    0.083486344764
C   -0.000047186653    0.833323529030    0.166850763571
C    0.083274712133    0.916636787620    0.250164290793
C    0.166680871234    0.666619657987    0.166776803037
C    0.250077271484    0.749904398172    0.250177564008
C    0.166711959128    0.833307828206    0.000044520157
C    0.250045015548    0.916596382303    0.083377207938
C   -0.000171508947    0.666634555856    0.333581579032
C    0.083183317972    0.750137227500    0.417005595050
C    0.000838206428    0.834478641684    0.500545377359
C    0.083874696003    0.917280185427    0.583344341368
C    0.166527313923    0.666656448747    0.500171816203
C    0.250181402814    0.749849669073    0.583371552668
C    0.166688241305    0.833222327526    0.333485052726
C    0.250195425002    0.916380760148    0.416691051474
C   -0.000554583237    0.666663717211    0.666569102488
C    0.083113056103    0.749857776687    0.749856692189
C   -0.000019859156    0.833361026855    0.833313479693
C    0.083362199377    0.916641250003    0.916695321871
C    0.166850632141    0.666715541124    0.833379660843
C    0.250152562670    0.750038404944    0.916657079584
C    0.166805435482    0.833373720944    0.666710131430
C    0.250113431710    0.916665866423    0.750026200871
C    0.333389975679   -0.000051051881   -0.000064163442
C    0.416653652416    0.083228459552    0.083177108833
C    0.333152128733    0.166534052227    0.166484690968
C    0.416327458523    0.249774037190    0.249660460055
C    0.499988009191   -0.000326792961    0.166641588771
C    0.583158990518    0.083009593971    0.249788150958
C    0.500022176281    0.166749103559   -0.000348181503
C    0.583209174253    0.249971296726    0.082890415371
C    0.333309409411   -0.000327232567    0.333320328176
C    0.416455926251    0.083009155207    0.416491321705
C    0.332918559944    0.166368310061    0.499830296463
C    0.416061596981    0.249415309451    0.582922922034
C    0.499956248001   -0.000111788407    0.499930756870
C    0.583332883913    0.083296637460    0.583237130118
C    0.499590046920    0.166114551555    0.332922498420
C    0.582723583174    0.249096222738    0.416056653483
C    0.333254620795    0.000180727467    0.666554955274
C    0.416763880494    0.083466308447    0.749908012720
C    0.333492020314    0.166817290557    0.833165225385
C    0.416886285457    0.250235228484    0.916219219810
C    0.500097329985    0.000176280922    0.833241261320
C    0.583347126885    0.083554821395    0.916445196854
C    0.499995006773    0.166786344742    0.666350460183
C    0.583579885973    0.250881177267    0.749005453706
C    0.333421163480    0.333410635206   -0.000339545680
C    0.416607532394    0.416640431703    0.082878851561
C    0.333035932101    0.499916196914    0.166369984649
C    0.416195367381    0.582973912668    0.249528740444
C    0.499670102773    0.333078801103    0.166065327695
C    0.582810495166    0.416126486378    0.249213180061
C    0.500214842504    0.500101086540   -0.000428079401
C    0.583461333723    0.583312001064    0.083178846671
C    0.332732146296    0.333078406184    0.333003893340
C    0.415879538395    0.416126277022    0.416144146999
C    0.333285096674    0.499918182716    0.499852691645
C    0.417347647066    0.583254901889    0.583124193307
C    0.498643525923    0.331860732886    0.499439847732
C    0.583508551006    0.416428644654    0.579305702609
C    0.498839097219    0.499471858618    0.332172509714
C    0.583822526789    0.579313806910    0.417155795820
C    0.333544100819    0.333465179969    0.666318312152
C    0.417852979070    0.417041047174    0.748879229926
C    0.333972424762    0.500230801778    0.832768250847
C    0.416938549483    0.583527642842    0.916421897622
C    0.500482139713    0.333796947453    0.832638739925
C    0.583880500409    0.417215297734    0.915829592460
C    0.501950992371    0.500799814354    0.664800124304
C    0.586278021441    0.584496755874    0.747449208837
C    0.333442581010    0.666619653562    0.000014463795
C    0.416843908108    0.749904363484    0.083410385207
C    0.333426689621    0.833149242895    0.166759531306
C    0.416799930641    0.916247978178    0.250132008384
C    0.500101176982    0.666371059881    0.166816418021
C    0.583609143262    0.748986789393    0.251090062831
C    0.500151444125    0.833222674035    0.000021233724
C    0.583358041729    0.916381474027    0.083528054311
C    0.333483110683    0.666370841640    0.333434752480
C    0.417756792701    0.748986537191    0.416941495986
C    0.333801283143    0.832876315737    0.500140722378
C    0.416512783343    0.916917908342    0.583407684812
C    0.501871847456    0.665178284180    0.500844824231
C    0.585242910929    0.749324504517    0.584325081960
C    0.500386701356    0.832778601616    0.333719045202
C    0.583663856836    0.916316003700    0.416996257392
C    0.333727607053    0.666625032129    0.666548541417
C    0.417044170325    0.750093132517    0.749802965999
C    0.333518008168    0.833323227169    0.833285830570
C    0.416831469225    0.916636711041    0.916607206462
C    0.500248330955    0.666634453609    0.833161935740
C    0.583672115142    0.750137501960    0.916517252708
C    0.499664415132    0.834068559223    0.666333285205
C    0.583486713656    0.916915934006    0.750035779067
C    0.666790063558    0.000246697063    0.000258377210
C    0.749956759757    0.083347395781    0.083356696941
C    0.666497809722    0.166368894176    0.166251594047
C    0.749590440878    0.249415555431    0.249394979336
C    0.833222504888    0.000181946829    0.166587138701
C    0.916575779299    0.083466647771    0.250096830003
C    0.833280603999    0.166592984944    0.000297837398
C    0.916586267896    0.250164189525    0.083564331400
C    0.666598129514   -0.000111713067    0.333288862126
C    0.749904394829    0.083296467112    0.416665293409
C    0.666472118611    0.166506582765    0.499804816786
C    0.749873786197    0.250244612935    0.583207068990
C    0.833307065740    0.000148001181    0.500099324894
C    0.916601109615    0.083546424261    0.583391421540
C    0.833017819437    0.166786511750    0.333328182579
C    0.915672394332    0.250881051999    0.416913442362
C    0.666766234926    0.000148016635    0.666639830692
C    0.750058412395    0.083546728729    0.749933640213
C    0.666816785222    0.167079517941    0.832957788396
C    0.750151537623    0.249739089589    0.916965084133
C    0.833445786442    0.000298881243    0.833526068750
C    0.916759563298    0.083442131992    0.916836075036
C    0.833343377854    0.166821581985    0.666676018040
C    0.916812483047    0.249889368893    0.750145579809
C    0.666720272908    0.333494224343   -0.000311069806
C    0.749933173399    0.416811903950    0.083256461187
C    0.666518641049    0.499918669629    0.166618928466
C    0.749790809875    0.583254522146    0.250681539302
C    0.832985300654    0.333465329327    0.166877682750
C    0.915545916049    0.417040723663    0.251186440299
C    0.833336606262    0.500155183130   -0.000028575245
C    0.916483069448    0.583420715573    0.083604586454
C    0.666106516426    0.331860467012    0.331976947112
C    0.745972388523    0.416428647448    0.416841680419
C    0.831777280022    0.334569766812    0.500762819908
C    0.915726041829    0.417581202871    0.584530747579
C    0.831467042415    0.500799566472    0.335284446046
C    0.914115156249    0.584497209999    0.419610750446
C    0.667429102755    0.334569858891    0.665111072428
C    0.751196564290    0.417580251759    0.749060950696
C    0.667531291046    0.500602718947    0.832191437178
C    0.750250885389    0.583546967916    0.916098382542
C    0.833243112518    0.332511875987    0.834093562474
C    0.916802120429    0.416728990268    0.916887303488
C    0.841046119099    0.493214032790    0.674381974613
C    0.916384499345    0.582664092213    0.749719299001
C    0.666838391614    0.666657133777   -0.000138636461
C    0.750038299021    0.749850521608    0.083514897155
C    0.666807919348    0.832877036270    0.167134070074
C    0.750075240547    0.916918785389    0.249845078125
C    0.833214832734    0.666625816663    0.167061472510
C    0.916469621032    0.750093734706    0.250377286714
C    0.833377526362    0.833374322385    0.000138751776
C    0.916693889361    0.916666735542    0.083446474508
C    0.667511744200    0.665178470806    0.335205179829
C    0.750992487861    0.749325039703    0.418575063168
C    0.666991566683    0.833160975459    0.500324377292
C    0.750150895742    0.916651132452    0.583484204718
C    0.837598305896    0.673599404861    0.497570835296
C    0.916000680395    0.750210377966    0.582929102722
C    0.833000150792    0.834069759112    0.332996528189
C    0.916702587693    0.916916139671    0.416819807294
C    0.664238061336    0.673600167345    0.670932389089
C    0.749596148281    0.750210214880    0.749334875871
C    0.667211810802    0.834478595048    0.834171886876
C    0.750011334157    0.917280840890    0.917207651380
C    0.833235000145    0.666664057840    0.832780398929
C    0.916523704144    0.749857651134    0.916447179708
C    0.833508694058    0.833717877303    0.666842212166
C    0.916644949786    0.916871957139    0.749978495132
N    0.659067844347    0.491438325792    0.492401417066
