&CONTROL
calculation = 'scf'
verbosity = 'high'
tprnfor=.TRUE.
tstress=.TRUE.
wf_collect = .true.
prefix='pwscf'
outdir = './'
pseudo_dir='/home/jinyuchem/program/QE/pseudo-potential'
/
&SYSTEM
ibrav = 0
ecutwfc = 60
tot_charge = 0
nspin = 2
tot_magnetization = 2.0
nbnd = 1080
nat = 511
ntyp = 2
/
&ELECTRONS
conv_thr = 1D-10
diago_full_acc=.true.
/
K_POINTS gamma
CELL_PARAMETERS angstrom
14.27200  0.000000  0.000000
0.000000  14.27200  0.000000
0.000000  0.000000  14.27200
ATOMIC_SPECIES
C  12.01099968  C_ONCV_PBE-1.0.upf
Si 28.0855      Si_ONCV_PBE-1.1.upf
ATOMIC_POSITIONS crystal
C       -0.000035798  -0.000035798  -0.000035798
C        0.000119902   0.000119902   0.249926504
C       -0.000028118  -0.000028118   0.499950901
C       -0.000197922  -0.000197922   0.750001447
C        0.000119902   0.249926504   0.000119902
C        0.000386855   0.250055357   0.250055357
C        0.000333957   0.249916910   0.500051345
C        0.000068130   0.249777684   0.750148321
C       -0.000028118   0.499950901  -0.000028118
C        0.000333957   0.500051345   0.249916910
C        0.000109851   0.499957147   0.499957147
C       -0.000209693   0.499872137   0.749993379
C       -0.000197922   0.750001447  -0.000197922
C        0.000068130   0.750148321   0.249777684
C       -0.000209693   0.749993379   0.499872137
C       -0.000486513   0.749843731   0.749843731
C        0.249926504   0.000119902   0.000119902
C        0.250055357   0.000386855   0.250055357
C        0.249916910   0.000333957   0.500051345
C        0.249777684   0.000068130   0.750148321
C        0.250055357   0.250055357   0.000386855
C        0.250504958   0.250504958   0.250504958
C        0.250574849   0.250574849   0.500451285
C        0.249891539   0.249891539   0.750330632
C        0.249916910   0.500051345   0.000333957
C        0.250574849   0.500451285   0.250574849
C        0.250306966   0.500549902   0.500549902
C        0.248989995   0.499986258   0.751045480
C        0.249777684   0.750148321   0.000068130
C        0.249891539   0.750330632   0.249891539
C        0.248989995   0.751045480   0.499986258
C        0.249338801   0.750251394   0.750251394
C        0.499950901  -0.000028118  -0.000028118
C        0.500051345   0.000333957   0.249916910
C        0.499957147   0.000109851   0.499957147
C        0.499872137  -0.000209693   0.749993379
C        0.500051345   0.249916910   0.000333957
C        0.500451285   0.250574849   0.250574849
C        0.500549902   0.250306966   0.500549902
C        0.499986258   0.248989995   0.751045480
C        0.499957147   0.499957147   0.000109851
C        0.500549902   0.500549902   0.250306966
C        0.499501438   0.499501438   0.750464224
C        0.499872137   0.749993379  -0.000209693
C        0.499986258   0.751045480   0.248989995
C        0.499501438   0.750464224   0.499501438
C        0.499102917   0.749474586   0.749474586
C        0.750001447  -0.000197922  -0.000197922
C        0.750148321   0.000068130   0.249777684
C        0.749993379  -0.000209693   0.499872137
C        0.749843731  -0.000486513   0.749843731
C        0.750148321   0.249777684   0.000068130
C        0.750330632   0.249891539   0.249891539
C        0.751045480   0.248989995   0.499986258
C        0.750251394   0.249338801   0.750251394
C        0.749993379   0.499872137  -0.000209693
C        0.751045480   0.499986258   0.248989995
C        0.750464224   0.499501438   0.499501438
C        0.749474586   0.499102917   0.749474586
C        0.749843731   0.749843731  -0.000486513
C        0.750251394   0.750251394   0.249338801
C        0.749474586   0.749474586   0.499102917
C        0.749223229   0.749223229   0.749223229
C        0.000159887   0.125017656   0.125017656
C        0.000302697   0.125069106   0.375011187
C        0.000095241   0.124761508   0.625058360
C       -0.000017310   0.124837781   0.875087469
C        0.000302697   0.375011187   0.125069106
C        0.000407646   0.375002643   0.375002643
C        0.000107772   0.374862563   0.625063187
C       -0.000014285   0.374862952   0.875149780
C        0.000095241   0.625058360   0.124761508
C        0.000107772   0.625063187   0.374862563
C       -0.000285658   0.624898335   0.624898335
C       -0.000383218   0.624908445   0.874831626
C       -0.000017310   0.875087469   0.124837781
C       -0.000014285   0.875149780   0.374862952
C       -0.000383218   0.874831626   0.624908445
C       -0.000275637   0.874908403   0.874908403
C        0.250129204   0.125257763   0.125257763
C        0.250349900   0.125532085   0.375233533
C        0.249963771   0.125042705   0.625210663
C        0.249927484   0.124980184   0.875244725
C        0.250349900   0.375233533   0.125532085
C        0.251154913   0.375861620   0.375861620
C        0.249798809   0.375082525   0.625660988
C        0.249771409   0.374913345   0.875482588
C        0.249963771   0.625210663   0.125042705
C        0.249798809   0.625660988   0.375082525
C        0.249459136   0.625321092   0.625321092
C        0.249345793   0.625077590   0.875569347
C        0.249927484   0.875244725   0.124980184
C        0.249771409   0.875482588   0.374913345
C        0.249345793   0.875569347   0.625077590
C        0.249727365   0.875092603   0.875092603
C        0.500105849   0.125204042   0.125204042
C        0.500236161   0.125307484   0.375201272
C        0.500063813   0.124861457   0.625188307
C        0.499965750   0.124611295   0.875360901
C        0.500236161   0.375201272   0.125307484
C        0.501884432   0.377235245   0.377235245
C        0.499818746   0.373148688   0.627822405
C        0.499886888   0.374618081   0.875470401
C        0.500063813   0.625188307   0.124861457
C        0.499818746   0.627822405   0.373148688
C        0.492261782   0.625916375   0.625916375
C        0.499643552   0.624783505   0.874916378
C        0.499965750   0.875360901   0.124611295
C        0.499886888   0.875470401   0.374618081
C        0.499643552   0.874916378   0.624783505
C        0.499734798   0.874768508   0.874768508
C        0.750156077   0.124922381   0.124922381
C        0.750302443   0.124795177   0.374908780
C        0.750143785   0.124546745   0.625058069
C        0.750045278   0.124602002   0.875039998
C        0.750302443   0.374908780   0.124795177
C        0.750873572   0.374587366   0.374587366
C        0.751541916   0.373299487   0.625235171
C        0.750125312   0.374636874   0.875195939
C        0.750143785   0.625058069   0.124546745
C        0.751541916   0.625235171   0.373299487
C        0.748386548   0.623586750   0.623586750
C        0.749457573   0.624567315   0.874315402
C        0.750045278   0.875039998   0.124602002
C        0.750125312   0.875195939   0.374636874
C        0.749457573   0.874315402   0.624567315
C        0.749751139   0.874595977   0.874595977
C        0.125017656   0.000159887   0.125017656
C        0.125069106   0.000302697   0.375011187
C        0.124761508   0.000095241   0.625058360
C        0.124837781  -0.000017310   0.875087469
C        0.125257763   0.250129204   0.125257763
C        0.125532085   0.250349900   0.375233533
C        0.125042705   0.249963771   0.625210663
C        0.124980184   0.249927484   0.875244725
C        0.125204042   0.500105849   0.125204042
C        0.125307484   0.500236161   0.375201272
C        0.124861457   0.500063813   0.625188307
C        0.124611295   0.499965750   0.875360901
C        0.124922381   0.750156077   0.124922381
C        0.124795177   0.750302443   0.374908780
C        0.124546745   0.750143785   0.625058069
C        0.124602002   0.750045278   0.875039998
C        0.375011187   0.000302697   0.125069106
C        0.375002643   0.000407646   0.375002643
C        0.374862563   0.000107772   0.625063187
C        0.374862952  -0.000014285   0.875149780
C        0.375233533   0.250349900   0.125532085
C        0.375861620   0.251154913   0.375861620
C        0.375082525   0.249798809   0.625660988
C        0.374913345   0.249771409   0.875482588
C        0.375201272   0.500236161   0.125307484
C        0.377235245   0.501884432   0.377235245
C        0.373148688   0.499818746   0.627822405
C        0.374618081   0.499886888   0.875470401
C        0.374908780   0.750302443   0.124795177
C        0.374587366   0.750873572   0.374587366
C        0.373299487   0.751541916   0.625235171
C        0.374636874   0.750125312   0.875195939
C        0.625058360   0.000095241   0.124761508
C        0.625063187   0.000107772   0.374862563
C        0.624898335  -0.000285658   0.624898335
C        0.624908445  -0.000383218   0.874831626
C        0.625210663   0.249963771   0.125042705
C        0.625660988   0.249798809   0.375082525
C        0.625321092   0.249459136   0.625321092
C        0.625077590   0.249345793   0.875569347
C        0.625188307   0.500063813   0.124861457
C        0.627822405   0.499818746   0.373148688
C        0.625916375   0.492261782   0.625916375
C        0.624783505   0.499643552   0.874916378
C        0.625058069   0.750143785   0.124546745
C        0.625235171   0.751541916   0.373299487
C        0.623586750   0.748386548   0.623586750
C        0.624567315   0.749457573   0.874315402
C        0.875087469  -0.000017310   0.124837781
C        0.875149780  -0.000014285   0.374862952
C        0.874831626  -0.000383218   0.624908445
C        0.874908403  -0.000275637   0.874908403
C        0.875244725   0.249927484   0.124980184
C        0.875482588   0.249771409   0.374913345
C        0.875569347   0.249345793   0.625077590
C        0.875092603   0.249727365   0.875092603
C        0.875360901   0.499965750   0.124611295
C        0.875470401   0.499886888   0.374618081
C        0.874916378   0.499643552   0.624783505
C        0.874768508   0.499734798   0.874768508
C        0.875039998   0.750045278   0.124602002
C        0.875195939   0.750125312   0.374636874
C        0.874315402   0.749457573   0.624567315
C        0.874595977   0.749751139   0.874595977
C        0.125017656   0.125017656   0.000159887
C        0.125257763   0.125257763   0.250129204
C        0.125204042   0.125204042   0.500105849
C        0.124922381   0.124922381   0.750156077
C        0.125069106   0.375011187   0.000302697
C        0.125532085   0.375233533   0.250349900
C        0.125307484   0.375201272   0.500236161
C        0.124795177   0.374908780   0.750302443
C        0.124761508   0.625058360   0.000095241
C        0.125042705   0.625210663   0.249963771
C        0.124861457   0.625188307   0.500063813
C        0.124546745   0.625058069   0.750143785
C        0.124837781   0.875087469  -0.000017310
C        0.124980184   0.875244725   0.249927484
C        0.124611295   0.875360901   0.499965750
C        0.124602002   0.875039998   0.750045278
C        0.375011187   0.125069106   0.000302697
C        0.375233533   0.125532085   0.250349900
C        0.375201272   0.125307484   0.500236161
C        0.374908780   0.124795177   0.750302443
C        0.375002643   0.375002643   0.000407646
C        0.375861620   0.375861620   0.251154913
C        0.377235245   0.377235245   0.501884432
C        0.374587366   0.374587366   0.750873572
C        0.374862563   0.625063187   0.000107772
C        0.375082525   0.625660988   0.249798809
C        0.373148688   0.627822405   0.499818746
C        0.373299487   0.625235171   0.751541916
C        0.374862952   0.875149780  -0.000014285
C        0.374913345   0.875482588   0.249771409
C        0.374618081   0.875470401   0.499886888
C        0.374636874   0.875195939   0.750125312
C        0.625058360   0.124761508   0.000095241
C        0.625210663   0.125042705   0.249963771
C        0.625188307   0.124861457   0.500063813
C        0.625058069   0.124546745   0.750143785
C        0.625063187   0.374862563   0.000107772
C        0.625660988   0.375082525   0.249798809
C        0.627822405   0.373148688   0.499818746
C        0.625235171   0.373299487   0.751541916
C        0.624898335   0.624898335  -0.000285658
C        0.625321092   0.625321092   0.249459136
C        0.625916375   0.625916375   0.492261782
C        0.623586750   0.623586750   0.748386548
C        0.624908445   0.874831626  -0.000383218
C        0.625077590   0.875569347   0.249345793
C        0.624783505   0.874916378   0.499643552
C        0.624567315   0.874315402   0.749457573
C        0.875087469   0.124837781  -0.000017310
C        0.875244725   0.124980184   0.249927484
C        0.875360901   0.124611295   0.499965750
C        0.875039998   0.124602002   0.750045278
C        0.875149780   0.374862952  -0.000014285
C        0.875482588   0.374913345   0.249771409
C        0.875470401   0.374618081   0.499886888
C        0.875195939   0.374636874   0.750125312
C        0.874831626   0.624908445  -0.000383218
C        0.875569347   0.625077590   0.249345793
C        0.874916378   0.624783505   0.499643552
C        0.874315402   0.624567315   0.749457573
C        0.874908403   0.874908403  -0.000275637
C        0.875092603   0.875092603   0.249727365
C        0.874768508   0.874768508   0.499734798
C        0.874595977   0.874595977   0.749751139
C        0.187582201   0.062754886   0.187582201
C        0.187647324   0.062872530   0.437580827
C        0.187326189   0.062498531   0.687639244
C        0.187392253   0.062494790   0.937643135
C        0.187889176   0.312739964   0.187889176
C        0.188168195   0.313021320   0.437918526
C        0.187281164   0.312352304   0.687862816
C        0.187435150   0.312433902   0.937893812
C        0.187708988   0.562760292   0.187708988
C        0.187571823   0.562848027   0.437701313
C        0.187006015   0.562601987   0.687874641
C        0.187117189   0.562529280   0.937885190
C        0.187382536   0.812771235   0.187382536
C        0.186899079   0.813159355   0.437404665
C        0.186994532   0.812725998   0.687585684
C        0.187228113   0.812571561   0.937511260
C        0.437580827   0.062872530   0.187647324
C        0.437585290   0.062779259   0.437585290
C        0.437420992   0.062379082   0.687637041
C        0.437431162   0.062387258   0.937736212
C        0.437918526   0.313021320   0.188168195
C        0.438891694   0.314092164   0.438891694
C        0.437255625   0.310922350   0.689215009
C        0.437426789   0.312330406   0.937952522
C        0.437701313   0.562848027   0.187571823
C        0.434694988   0.562656356   0.689324883
C        0.437293916   0.562429248   0.937638008
C        0.437404665   0.813159355   0.186899079
C        0.437158716   0.813043705   0.437158716
C        0.436834409   0.812700392   0.687418152
C        0.437277737   0.812538516   0.937453176
C        0.687639244   0.062498531   0.187326189
C        0.687637041   0.062379082   0.437420992
C        0.687500585   0.062074512   0.687500585
C        0.687494034   0.062177954   0.937424030
C        0.687862816   0.312352304   0.187281164
C        0.689215009   0.310922350   0.437255625
C        0.687893749   0.311622781   0.687893749
C        0.687590375   0.312175524   0.937699825
C        0.687874641   0.562601987   0.187006015
C        0.689324883   0.562656356   0.434694988
C        0.685237357   0.560612133   0.685237357
C        0.687304368   0.562262767   0.937190758
C        0.687585684   0.812725998   0.186994532
C        0.687418152   0.812700392   0.436834409
C        0.686644269   0.811336593   0.686644269
C        0.687275295   0.812153286   0.936957597
C        0.937643135   0.062494790   0.187392253
C        0.937736212   0.062387258   0.437431162
C        0.937424030   0.062177954   0.687494034
C        0.937460884   0.062316406   0.937460884
C        0.937893812   0.312433902   0.187435150
C        0.937952522   0.312330406   0.437426789
C        0.937699825   0.312175524   0.687590375
C        0.937569888   0.312323992   0.937569888
C        0.937885190   0.562529280   0.187117189
C        0.937638008   0.562429248   0.437293916
C        0.937190758   0.562262767   0.687304368
C        0.937288511   0.562395122   0.937288511
C        0.937511260   0.812571561   0.187228113
C        0.937453176   0.812538516   0.437277737
C        0.936957597   0.812153286   0.687275295
C        0.937233181   0.812374029   0.937233181
C        0.062511321   0.062511321   0.062511321
C        0.062681889   0.062681889   0.312485248
C        0.062512734   0.062512734   0.562548325
C        0.062358591   0.062358591   0.812569821
C        0.062681889   0.312485248   0.062681889
C        0.062976073   0.312637579   0.312637579
C        0.062701187   0.312484394   0.562622550
C        0.062413877   0.312329540   0.812722199
C        0.062512734   0.562548325   0.062512734
C        0.062701187   0.562622550   0.312484394
C        0.062378467   0.562534333   0.562534333
C        0.062149347   0.562446124   0.812585978
C        0.062358591   0.812569821   0.062358591
C        0.062413877   0.812722199   0.312329540
C        0.062149347   0.812585978   0.562446124
C        0.062090054   0.812448538   0.812448538
C        0.312485248   0.062681889   0.062681889
C        0.312637579   0.062976073   0.312637579
C        0.312484394   0.062701187   0.562622550
C        0.312329540   0.062413877   0.812722199
C        0.312637579   0.312637579   0.062976073
C        0.313263087   0.313263087   0.313263087
C        0.312993172   0.312993172   0.563384844
C        0.312221525   0.312221525   0.813165131
C        0.312484394   0.562622550   0.062701187
C        0.312993172   0.563384844   0.312993172
C        0.312051516   0.562988399   0.562988399
C        0.311446524   0.562499436   0.813483928
C        0.312329540   0.812722199   0.062413877
C        0.312221525   0.813165131   0.312221525
C        0.311446524   0.813483928   0.562499436
C        0.312147273   0.812608064   0.812608064
C        0.562548325   0.062512734   0.062512734
C        0.562622550   0.062701187   0.312484394
C        0.562534333   0.062378467   0.562534333
C        0.562446124   0.062149347   0.812585978
C        0.562622550   0.312484394   0.062701187
C        0.563384844   0.312993172   0.312993172
C        0.562988399   0.312051516   0.562988399
C        0.562499436   0.311446524   0.813483928
C        0.562534333   0.562534333   0.062378467
C        0.562988399   0.562988399   0.312051516
C        0.561952827   0.561952827   0.812208717
C        0.562446124   0.812585978   0.062149347
C        0.562499436   0.813483928   0.311446524
C        0.561952827   0.812208717   0.561952827
C        0.562052108   0.811920638   0.811920638
C        0.812569821   0.062358591   0.062358591
C        0.812722199   0.062413877   0.312329540
C        0.812585978   0.062149347   0.562446124
C        0.812448538   0.062090054   0.812448538
C        0.812722199   0.312329540   0.062413877
C        0.813165131   0.312221525   0.312221525
C        0.813483928   0.311446524   0.562499436
C        0.812608064   0.312147273   0.812608064
C        0.812585978   0.562446124   0.062149347
C        0.813483928   0.562499436   0.311446524
C        0.812208717   0.561952827   0.561952827
C        0.811920638   0.562052108   0.811920638
C        0.812448538   0.812448538   0.062090054
C        0.812608064   0.812608064   0.312147273
C        0.811920638   0.811920638   0.562052108
C        0.811999111   0.811999111   0.811999111
C        0.062754886   0.187582201   0.187582201
C        0.062872530   0.187647324   0.437580827
C        0.062498531   0.187326189   0.687639244
C        0.062494790   0.187392253   0.937643135
C        0.062872530   0.437580827   0.187647324
C        0.062779259   0.437585290   0.437585290
C        0.062379082   0.437420992   0.687637041
C        0.062387258   0.437431162   0.937736212
C        0.062498531   0.687639244   0.187326189
C        0.062379082   0.687637041   0.437420992
C        0.062074512   0.687500585   0.687500585
C        0.062177954   0.687494034   0.937424030
C        0.062494790   0.937643135   0.187392253
C        0.062387258   0.937736212   0.437431162
C        0.062177954   0.937424030   0.687494034
C        0.062316406   0.937460884   0.937460884
C        0.312739964   0.187889176   0.187889176
C        0.313021320   0.188168195   0.437918526
C        0.312352304   0.187281164   0.687862816
C        0.312433902   0.187435150   0.937893812
C        0.313021320   0.437918526   0.188168195
C        0.314092164   0.438891694   0.438891694
C        0.310922350   0.437255625   0.689215009
C        0.312330406   0.437426789   0.937952522
C        0.312352304   0.687862816   0.187281164
C        0.310922350   0.689215009   0.437255625
C        0.311622781   0.687893749   0.687893749
C        0.312175524   0.687590375   0.937699825
C        0.312433902   0.937893812   0.187435150
C        0.312330406   0.937952522   0.437426789
C        0.312175524   0.937699825   0.687590375
C        0.312323992   0.937569888   0.937569888
C        0.562760292   0.187708988   0.187708988
C        0.562848027   0.187571823   0.437701313
C        0.562601987   0.187006015   0.687874641
C        0.562529280   0.187117189   0.937885190
C        0.562848027   0.437701313   0.187571823
C        0.562656356   0.434694988   0.689324883
C        0.562429248   0.437293916   0.937638008
C        0.562601987   0.687874641   0.187006015
C        0.562656356   0.689324883   0.434694988
C        0.560612133   0.685237357   0.685237357
C        0.562262767   0.687304368   0.937190758
C        0.562529280   0.937885190   0.187117189
C        0.562429248   0.937638008   0.437293916
C        0.562262767   0.937190758   0.687304368
C        0.562395122   0.937288511   0.937288511
C        0.812771235   0.187382536   0.187382536
C        0.813159355   0.186899079   0.437404665
C        0.812725998   0.186994532   0.687585684
C        0.812571561   0.187228113   0.937511260
C        0.813159355   0.437404665   0.186899079
C        0.813043705   0.437158716   0.437158716
C        0.812700392   0.436834409   0.687418152
C        0.812538516   0.437277737   0.937453176
C        0.812725998   0.687585684   0.186994532
C        0.812700392   0.687418152   0.436834409
C        0.811336593   0.686644269   0.686644269
C        0.812153286   0.687275295   0.936957597
C        0.812571561   0.937511260   0.187228113
C        0.812538516   0.937453176   0.437277737
C        0.812153286   0.936957597   0.687275295
C        0.812374029   0.937233181   0.937233181
C        0.187582201   0.187582201   0.062754886
C        0.187889176   0.187889176   0.312739964
C        0.187708988   0.187708988   0.562760292
C        0.187382536   0.187382536   0.812771235
C        0.187647324   0.437580827   0.062872530
C        0.188168195   0.437918526   0.313021320
C        0.187571823   0.437701313   0.562848027
C        0.186899079   0.437404665   0.813159355
C        0.187326189   0.687639244   0.062498531
C        0.187281164   0.687862816   0.312352304
C        0.187006015   0.687874641   0.562601987
C        0.186994532   0.687585684   0.812725998
C        0.187392253   0.937643135   0.062494790
C        0.187435150   0.937893812   0.312433902
C        0.187117189   0.937885190   0.562529280
C        0.187228113   0.937511260   0.812571561
C        0.437580827   0.187647324   0.062872530
C        0.437918526   0.188168195   0.313021320
C        0.437701313   0.187571823   0.562848027
C        0.437404665   0.186899079   0.813159355
C        0.437585290   0.437585290   0.062779259
C        0.438891694   0.438891694   0.314092164
C        0.437158716   0.437158716   0.813043705
C        0.437420992   0.687637041   0.062379082
C        0.437255625   0.689215009   0.310922350
C        0.434694988   0.689324883   0.562656356
C        0.436834409   0.687418152   0.812700392
C        0.437431162   0.937736212   0.062387258
C        0.437426789   0.937952522   0.312330406
C        0.437293916   0.937638008   0.562429248
C        0.437277737   0.937453176   0.812538516
C        0.687639244   0.187326189   0.062498531
C        0.687862816   0.187281164   0.312352304
C        0.687874641   0.187006015   0.562601987
C        0.687585684   0.186994532   0.812725998
C        0.687637041   0.437420992   0.062379082
C        0.689215009   0.437255625   0.310922350
C        0.689324883   0.434694988   0.562656356
C        0.687418152   0.436834409   0.812700392
C        0.687500585   0.687500585   0.062074512
C        0.687893749   0.687893749   0.311622781
C        0.685237357   0.685237357   0.560612133
C        0.686644269   0.686644269   0.811336593
C        0.687494034   0.937424030   0.062177954
C        0.687590375   0.937699825   0.312175524
C        0.687304368   0.937190758   0.562262767
C        0.687275295   0.936957597   0.812153286
C        0.937643135   0.187392253   0.062494790
C        0.937893812   0.187435150   0.312433902
C        0.937885190   0.187117189   0.562529280
C        0.937511260   0.187228113   0.812571561
C        0.937736212   0.437431162   0.062387258
C        0.937952522   0.437426789   0.312330406
C        0.937638008   0.437293916   0.562429248
C        0.937453176   0.437277737   0.812538516
C        0.937424030   0.687494034   0.062177954
C        0.937699825   0.687590375   0.312175524
C        0.937190758   0.687304368   0.562262767
C        0.936957597   0.687275295   0.812153286
C        0.937460884   0.937460884   0.062316406
C        0.937569888   0.937569888   0.312323992
C        0.937288511   0.937288511   0.562395122
C        0.937233181   0.937233181   0.812374029
C        0.570237125   0.436520867   0.436520867
C        0.436520867   0.436520867   0.570237125
C        0.436520867   0.570237125   0.436520867
Si       0.531208938   0.531208938   0.531208938
