&control
    calculation = 'scf',
    prefix='pwscf',
    pseudo_dir='/home/jinyuchem/program/QE/pseudo-potential',
    outdir = './',
    verbosity='high',
    tprnfor=.TRUE.,
    tstress=.TRUE.,
    wf_collect=.TRUE.
    forc_conv_thr = 0.0000039
    etot_conv_thr = 1.0D-7
    nstep = 100
/
&system
    ibrav=0,
    nat = 215
    ntyp=2,
    ecutwfc = 60,
    nbnd = 900,
/
&electrons
    diago_full_acc=.true.,
    conv_thr=1.0D-10
/
&IONS
    ion_dynamics='bfgs'
    ion_positions='default'
/
ATOMIC_SPECIES
Mg  24.305  Mg_ONCV_PBE-1.0.upf
O   15.999  O_ONCV_PBE-1.0.upf
K_POINTS gamma
CELL_PARAMETERS {angstrom}
        12.78000000       0.000000000        0.000000000
        0.000000000       12.78000000        0.000000000
        0.000000000       0.000000000        12.78000000
ATOMIC_POSITIONS {crystal}
Mg    0.000000000000    0.000000000414    0.000000000000
Mg    0.000000000000    0.000000000170    0.333155667197
Mg    0.000000000000    0.000000000356    0.666844332558
Mg   -0.000000000869    0.333155667033   -0.000000000868
Mg    0.000000000000    0.333184253220    0.333184253385
Mg    0.000000000000    0.333184253220    0.666815745542
Mg    0.000000000000    0.666844332554    0.000000000001
Mg    0.000000000000    0.666815746602    0.333184254449
Mg    0.000000000000    0.666815746412    0.666815746200
Mg    0.333155667562   -0.000000000001    0.000000000001
Mg    0.333184255025   -0.000000000001    0.333184254449
Mg    0.333184255029   -0.000000000001    0.666815745331
Mg    0.333184255016    0.333184254094    0.000000000001
Mg    0.333293623005    0.333293621210    0.333293622023
Mg    0.333293622437    0.333293620799    0.666706377566
Mg    0.333184255025    0.666815746412    0.000000000046
Mg    0.333293623705    0.666706378836    0.333293622033
Mg    0.333293622438    0.666706378499    0.666706377732
Mg    0.666844332202    0.000000000360    0.000000000001
Mg    0.666815745628   -0.000000000001    0.333184253754
Mg    0.666815744925   -0.000000000001    0.666815745331
Mg    0.666815745141    0.333184254102    0.000000000001
Mg    0.666706376291    0.333293621912    0.333293622027
Mg    0.666706377563    0.333293621501    0.666706377964
Mg    0.666815744925    0.666815745493    0.000000000001
Mg    0.666706376295    0.666706377922    0.333293622078
Mg    0.666706377562    0.666706378494    0.666706377922
Mg    0.000000000000    0.166552069325    0.166552069991
Mg    0.000000000000    0.166485976624    0.499999999999
Mg    0.000000000000    0.166552070194    0.833447929654
Mg    0.000000000000    0.499999999587    0.166485977489
Mg    0.000000000000    0.499999999132    0.499999999999
Mg    0.000000000000    0.499999999587    0.833514022346
Mg    0.000000000000    0.833447931089    0.166552069491
Mg    0.000000000000    0.833514023389    0.499999999954
Mg    0.000000000000    0.833447931089    0.833447929640
Mg    0.333119891662    0.166572063272    0.166572063628
Mg    0.332776402843    0.165874532692    0.499999999946
Mg    0.333119891675    0.166572063060    0.833427935499
Mg    0.332776403009    0.500000000001    0.165874533268
Mg    0.328423514712    0.499999998934    0.499999999427
Mg    0.332776402429    0.499999999996    0.834125467143
Mg    0.333119891162    0.833427936894    0.166572063673
Mg    0.332776402835    0.834125467262    0.499999999755
Mg    0.333119891865    0.833427937998    0.833427935504
Mg    0.666880208139    0.166572063271    0.166572064331
Mg    0.667223697157    0.165874532696    0.499999999954
Mg    0.666880208134    0.166572063106    0.833427936368
Mg    0.667223697859    0.499999999640    0.165874533094
Mg    0.671576585032    0.499999999998    0.499999999187
Mg    0.667223697571    0.499999999595    0.834125467138
Mg    0.666880207915    0.833427936894    0.166572063673
Mg    0.667223697859    0.834125468176    0.499999999954
Mg    0.666880208081    0.833427937998    0.833427935454
Mg    0.166552070058    0.000000000414    0.166552069478
Mg    0.166485978461   -0.000000000001    0.499999999999
Mg    0.166552070761    0.000000000170    0.833447929649
Mg    0.166572064898    0.333119890740    0.166572063272
Mg    0.165874533615    0.332776400804    0.499999999991
Mg    0.166572063628    0.333119890235    0.833427936372
Mg    0.166572065259    0.666880208847    0.166572063462
Mg    0.165874534543    0.667223698796    0.499999999755
Mg    0.166572064903    0.666880209716    0.833427936372
Mg    0.500000000000   -0.000000000000    0.166485978105
Mg    0.500000000000   -0.000000000001    0.499999999999
Mg    0.500000000000   -0.000000000000    0.833514022408
Mg    0.500000000000    0.332776401205    0.165874533272
Mg    0.500000000517    0.328423511606    0.499999999191
Mg    0.500000000356    0.332776400803    0.834125467093
Mg    0.500000000000    0.667223698791    0.165874533504
Mg    0.499999999130    0.671576587729    0.499999999183
Mg    0.500000000000    0.667223699198    0.834125466948
Mg    0.833447928883    0.000000000405    0.166552069478
Mg    0.833514020670   -0.000000000001    0.499999999999
Mg    0.833447929073    0.000000000414    0.833447929649
Mg    0.833427934936    0.333119890235    0.166572063106
Mg    0.834125465504    0.332776400804    0.499999999999
Mg    0.833427935102    0.333119890235    0.833427936729
Mg    0.833427934741    0.666880209360    0.166572063272
Mg    0.834125465457    0.667223699197    0.499999999954
Mg    0.833427935097    0.666880209360    0.833427935670
Mg    0.166552070703    0.166552068613    0.000000000054
Mg    0.166572064898    0.166572063061    0.333119891095
Mg    0.166572064029    0.166572063106    0.666880209364
Mg    0.166485978416    0.499999999632    0.000000000001
Mg    0.165874534894    0.500000000001    0.332776402073
Mg    0.165874534323    0.499999999595    0.667223698439
Mg    0.166552070058    0.833447931089    0.000000000046
Mg    0.166572065267    0.833427936939    0.333119890590
Mg    0.166572064903    0.833427937998    0.666880208490
Mg    0.500000000165    0.166485976835    0.000000000001
Mg    0.500000000000    0.165874532737    0.332776402072
Mg    0.500000000000    0.165874531637    0.667223697566
Mg    0.500000000000    0.500000000001    0.000000000402
Mg    0.500000000024    0.499999999819    0.328423513678
Mg    0.499999999999    0.499999999129    0.671576588678
Mg    0.500000000000    0.833514022507    0.000000000001
Mg    0.500000000000    0.834125467253    0.332776401370
Mg    0.500000000000    0.834125468367    0.667223697570
Mg    0.833447929127    0.166552070185    0.000000000001
Mg    0.833427934932    0.166572063106    0.333119891094
Mg    0.833427935098    0.166572063060    0.666880209364
Mg    0.833514021539    0.499999999587    0.000000000001
Mg    0.834125465970    0.499999999830    0.332776400969
Mg    0.834125466372    0.499999999640    0.667223698795
Mg    0.833447928883    0.833447931089    0.000000000001
Mg    0.833427934932    0.833427937998    0.333119890640
Mg    0.833427935801    0.833427937295    0.666880209359
O   -0.000000000059    0.166786773979   -0.000000000249
O   -0.000000000000    0.166809504863    0.333504908345
O   -0.000000000000    0.166809505375    0.666495191904
O   -0.000000000000    0.500000001283   -0.000000000046
O   -0.000000000001    0.500000000873    0.333323100528
O   -0.000000000001    0.500000000405    0.666676899353
O   -0.000000000000    0.833213225438   -0.000000000059
O   -0.000000000000    0.833190494915    0.333504807570
O   -0.000000000000    0.833190494915    0.666495192310
O    0.333504907168    0.166809504267   -0.000000000415
O    0.333636808373    0.167002381644    0.333636809305
O    0.333636808178    0.167002381644    0.666363291300
O    0.333323098380    0.499999999999   -0.000000000410
O    0.334010137104    0.500000000405    0.334010138040
O    0.334010236021    0.500000000003    0.665989762705
O    0.333504806300    0.833190495329   -0.000000000410
O    0.333636807671    0.832997718356    0.333636809116
O    0.333636807476    0.832997718410    0.666363291308
O    0.666495192832    0.166809504101   -0.000000000245
O    0.666363291867    0.167002381649    0.333636809115
O    0.666363291875    0.167002381598    0.666363291300
O    0.666676900743    0.500000000405   -0.000000000411
O    0.665989764095    0.500000000413    0.334010238108
O    0.665989763994    0.500000000003    0.665989763423
O    0.666495193246    0.833190494626   -0.000000000411
O    0.666363292235    0.832997718766    0.333636808891
O    0.666363292281    0.832997718766    0.666363290650
O   -0.000000000058   -0.000000001287    0.166786773127
O   -0.000000000000   -0.000000000360    0.499999999835
O   -0.000000000000   -0.000000000413    0.833213226877
O   -0.000000000009    0.333504909623    0.166809503815
O   -0.000000000001    0.333323101053    0.499999998776
O   -0.000000000000    0.333504809155    0.833190495481
O   -0.000000000000    0.666495192264    0.166809503401
O   -0.000000000001    0.666676899828    0.499999999835
O   -0.000000000000    0.666495192323    0.833190495485
O    0.333504907583   -0.000000000868    0.166809502834
O    0.333323098848    0.000000000001    0.499999999132
O    0.333504807168    0.000000000001    0.833190496755
O    0.333636807729    0.333636809520    0.167002379856
O    0.334010236302    0.334010238627    0.500000000398
O    0.333636806908    0.333636809408    0.832998420682
O    0.333636808369    0.666363290898    0.167002379807
O    0.334010136703    0.665989861099    0.500000000911
O    0.333636807558    0.666363291006    0.832998420879
O    0.666495192827   -0.000000000413    0.166809503703
O    0.666676900962   -0.000000000872    0.499999999835
O    0.666495193535   -0.000000000413    0.833190496764
O    0.666363292330    0.333636810389    0.167002380212
O    0.665989764101    0.334010238461    0.500000000402
O    0.666363291876    0.333636809975    0.832997720397
O    0.666363292235    0.666363291307    0.167002379608
O    0.665989763751    0.665989861973    0.500000000042
O    0.666363293559    0.666363292123    0.832998420226
O    0.166818274965    0.166818176529    0.166818276596
O    0.166947096405    0.166947098607    0.499999999835
O    0.166818274957    0.166818176325    0.833181823819
O    0.166947096459    0.500000000360    0.166947097387
O    0.166023839013    0.500000000165    0.499999999132
O    0.166947096629    0.500000000414    0.833052902613
O    0.166818174132    0.833181722837    0.166818276182
O    0.166947096216    0.833052901223    0.500000000001
O    0.166818174322    0.833181722837    0.833181824696
O    0.499999999835    0.166947098422    0.166947096985
O    0.500000000000    0.166023840746    0.500000000001
O    0.499999999644    0.166947098611    0.833052902151
O    0.500000000000    0.500000000868    0.166023840238
O    0.499999999644    0.500000000360    0.833976259022
O    0.500000000000    0.833052901330    0.166947096986
O    0.500000000000    0.833976259320    0.500000000001
O    0.500000000000    0.833052900106    0.833052902803
O    0.833181825454    0.166818176326    0.166818276583
O    0.833052903595    0.166947098612    0.499999999835
O    0.833181825467    0.166818176325    0.833181823827
O    0.833052903541    0.500000000414    0.166947098255
O    0.833976260400    0.500000000873    0.500000000001
O    0.833052903375    0.500000001282    0.833052902448
O    0.833181825624    0.833181722837    0.166818275479
O    0.833052903594    0.833052901223    0.499999999132
O    0.833181825633    0.833181722837    0.833181824696
O    0.166786771496   -0.000000000413   -0.000000000249
O    0.166809502308   -0.000000000413    0.333504907984
O    0.166809502308   -0.000000000368    0.666495192260
O    0.166809503083    0.333504908919   -0.000000000410
O    0.167001677692    0.333636808895    0.333636808548
O    0.167002378159    0.333636810331    0.666363291308
O    0.166809502474    0.666495191205   -0.000000000410
O    0.167001677514    0.666363291713    0.333636808179
O    0.167001678337    0.666363291713    0.666363292115
O    0.499999999131   -0.000000000170   -0.000000000046
O    0.500000000000   -0.000000000003    0.333323100483
O    0.500000000000   -0.000000000003    0.666676900230
O    0.499999998726    0.333323100995   -0.000000000411
O    0.499999999996    0.334010237700    0.334010236426
O    0.500000000001    0.334010238044    0.665989763590
O    0.500000000000    0.666676899170   -0.000000000411
O    0.499999999996    0.665989861099    0.334010137681
O    0.500000000001    0.665989761947    0.665989762706
O    0.833213228504   -0.000000000413   -0.000000000055
O    0.833190497692   -0.000000000413    0.333504807570
O    0.833190497692   -0.000000000413    0.666495192310
O    0.833190497278    0.333504809155   -0.000000000245
O    0.832998422722    0.333636808895    0.333636808535
O    0.832998421867    0.333636808692    0.666363291876
O    0.833190497331    0.666495192318   -0.000000000245
O    0.832998422031    0.666363291879    0.333636808121
O    0.832998422077    0.666363291064    0.666363292289
