Si            0.0669721929        0.1340434694        0.4377823674
Si            0.0669193199        0.3329025495        0.4377600610
Si            0.0667867823        0.5333818316        0.4379042688
Si            0.0666601614        0.7333367381        0.4378987069
Si            0.0667876649        0.9334173405        0.4379229801
Si            0.2665995843        0.1331888906        0.4379206520
Si            0.2658609050        0.3329357895        0.4341795945
Si            0.2665942108        0.5334021345        0.4379061294
Si            0.2666124534        0.7332091581        0.4378997548
Si            0.2666055342        0.9334033093        0.4379141912
Si            0.4670867959        0.1340130312        0.4377556823
Si            0.4670746892        0.3329271993        0.4341578096
Si            0.4671103523        0.5341581239        0.4341987841
Si            0.4670831676        0.7330653736        0.4377520718
Si            0.4668598057        0.9334259705        0.4377387513
Si            0.6666555406        0.1333392468        0.4380731219
Si            0.6659794100        0.3329115770        0.4377557047
Si            0.6668197644        0.5334011414        0.4379178226
Si            0.6660229060        0.7330965308        0.4377784727
Si            0.6666687029        0.9333204868        0.4380822546
Si            0.8666815244        0.1333349612        0.4380838842
Si            0.8665576391        0.3331320509        0.4377386008
Si            0.8665913653        0.5333773839        0.4379017606
Si            0.8666010071        0.7332195033        0.4379173891
Si            0.8666206693        0.9334715837        0.4377693074
Si            0.1336301736        0.0672233442        0.9375240631
Si            0.1335834841        0.2667892724        0.9384151136
Si            0.1336419279        0.4664234027        0.9374769928
Si            0.1334024283        0.6665925748        0.9377175229
Si            0.1333970313        0.8668057988        0.9377286498
Si            0.3335687307        0.0672146799        0.9375150887
Si            0.3335204958        0.2670521752        0.9370136601
Si            0.3335252962        0.4664694894        0.9369956791
Si            0.3335843279        0.6663626648        0.9374711673
Si            0.3334179676        0.8667018673        0.9379306975
Si            0.5333341399        0.0666793210        0.9380908066
Si            0.5332024126        0.2667883801        0.9383989907
Si            0.5329370259        0.4664640581        0.9369996209
Si            0.5331989758        0.6664077725        0.9384048405
Si            0.5333259162        0.8666460794        0.9380863945
Si            0.7333364568        0.0666586488        0.9381043536
Si            0.7333149783        0.2666592044        0.9380885820
Si            0.7327744296        0.4664140113        0.9375050869
Si            0.7327865264        0.6663715860        0.9375218833
Si            0.7333209270        0.8666557077        0.9381013357
Si            0.9333482978        0.0666712358        0.9381053153
Si            0.9333433858        0.2666523315        0.9380994858
Si            0.9332822863        0.4665735845        0.9379341139
Si            0.9331946433        0.6666048058        0.9377310598
Si            0.9333004879        0.8667298837        0.9379486179
Si            0.0000134124       -0.0000145201        0.1876219741
Si           -0.0000433545        0.1999709207        0.1875652551
Si            0.0000033161        0.4000209211        0.1875981468
Si           -0.0000055240        0.6000020575        0.1874836178
Si            0.0000020496        0.7999965145        0.1874886724
Si            0.1999446210       -0.0000959331        0.1872452890
Si            0.1997168870        0.1994213027        0.1873286053
Si            0.1997194407        0.4002945117        0.1873129543
Si            0.1999526273        0.6000422878        0.1872362160
Si            0.1999865675        0.7999892539        0.1874818806
Si            0.3999741891       -0.0000095029        0.1876020250
Si            0.3997051335        0.1994250890        0.1873133022
Si            0.4000037883        0.3999962870        0.1856440488
Si            0.3997003579        0.6002741813        0.1873132967
Si            0.3999673156        0.7999796626        0.1875968065
Si            0.6000243483        0.0000168100        0.1877121353
Si            0.6000239545        0.1999912758        0.1875467099
Si            0.6005794274        0.4002864943        0.1873007096
Si            0.6005722911        0.6002669015        0.1873192496
Si            0.6000147302        0.8000348989        0.1875574117
Si            0.7999889474        0.0000083796        0.1877212126
Si            0.7999805248        0.1999710637        0.1877086361
Si            0.7999995988        0.4000190566        0.1875862864
Si            0.8000861409        0.6000391890        0.1872417026
Si            0.8000167642        0.7999892825        0.1876107959
Si           -0.0001567395        0.0000131644        0.6879612111
Si           -0.0000170646        0.1999849947        0.6883983363
Si           -0.0001560463        0.3998367194        0.6879203243
Si           -0.0000291234        0.5999375837        0.6877693040
Si           -0.0000343173        0.8000307428        0.6877752110
Si            0.2002695546        0.0005535596        0.6881295903
Si            0.2012173889        0.2016400342        0.6890773062
Si            0.2012133777        0.3995808029        0.6890354393
Si            0.2003038847        0.5997523883        0.6880868011
Si            0.2000558134        0.8000256149        0.6877660948
Si            0.4001627279       -0.0000017489        0.6879288817
Si            0.4004088309        0.2016407720        0.6890526581
Si            0.4004102049        0.5987815068        0.6890346132
Si            0.4001711709        0.8001716791        0.6878909993
Si            0.6000506339        0.0000153034        0.6879989533
Si            0.6000015778        0.1999903891        0.6883838983
Si            0.5983520902        0.3995817394        0.6890512064
Si            0.5983614934        0.5987859865        0.6890886943
Si            0.5999972355        0.8000064756        0.6883861642
Si            0.7999708613        0.0000265201        0.6880045712
Si            0.7999649292        0.1999360139        0.6879954381
Si            0.7999867456        0.3998244771        0.6879250822
Si            0.7994403689        0.5997159072        0.6881219300
Si            0.7999985903        0.8001669768        0.6879472039
C             0.0666853274        0.1334015469        0.2499799020
C             0.0666794879        0.3332719850        0.2499558871
C             0.0667061147        0.5333409162        0.2494779236
C             0.0666617768        0.7333311546        0.2494627490
C             0.0667013570        0.9333629744        0.2494992135
C             0.2666443263        0.1332932607        0.2497939035
C             0.2668760274        0.3334352019        0.2490320597
C             0.2666456621        0.5333495668        0.2497858135
C             0.2666526094        0.7332868070        0.2494800297
C             0.2666494350        0.9333606756        0.2494821415
C             0.4667379529        0.1334224185        0.2499524013
C             0.4665842226        0.3334391567        0.2489979769
C             0.4665618036        0.5331219505        0.2490368903
C             0.4667142720        0.7333093492        0.2499537539
C             0.4666844791        0.9333389096        0.2495574317
C             0.6666447536        0.1333668602        0.2497397829
C             0.6665982468        0.3332811435        0.2499551898
C             0.6666984485        0.5333254815        0.2497856133
C             0.6665960353        0.7333124024        0.2499639660
C             0.6666491864        0.9332970377        0.2497489344
C             0.8666964328        0.1333461089        0.2497527222
C             0.8666309096        0.3333072004        0.2495469177
C             0.8666137691        0.5333210358        0.2494686154
C             0.8666326310        0.7332887997        0.2494876826
C             0.8666629238        0.9333470041        0.2495836024
C             0.1325759432        0.0664367370        0.7490557932
C             0.1327816976        0.2663943776        0.7499776800
C             0.1326117208        0.4661918326        0.7489660337
C             0.1334083626        0.6666013782        0.7493132910
C             0.1333920396        0.8667902924        0.7493299015
C             0.3338482149        0.0664306038        0.7490334108
C             0.3280004888        0.2560296916        0.7555955191
C             0.3279881303        0.4719998813        0.7555812855
C             0.3338864874        0.6674655707        0.7489570281
C             0.3333944272        0.8666786696        0.7494397218
C             0.5334763243        0.0666088835        0.7496432002
C             0.5336002439        0.2663903729        0.7499671202
C             0.5439569244        0.4719848959        0.7555807616
C             0.5335850453        0.6672117997        0.7499721829
C             0.5334474396        0.8668390656        0.7496305772
C             0.7333308923        0.0666604245        0.7496602282
C             0.7333824830        0.2665164458        0.7496441167
C             0.7335601913        0.4661370793        0.7490308122
C             0.7335684836        0.6674217197        0.7490461388
C             0.7333826976        0.8668636325        0.7496519811
C             0.9331296969        0.0666044371        0.7496637857
C             0.9331327510        0.2665182748        0.7496468393
C             0.9332943178        0.4665967298        0.7494526636
C             0.9332033834        0.6666024515        0.7493294198
C             0.9333041309        0.8667050659        0.7494731376
C             0.0001177747        0.0001206319        0.0005216399
C            -0.0000379590        0.1999588858        0.0006113934
C             0.0001088307        0.3999961921        0.0004683158
C            -0.0000087906        0.5999842543        0.0003010406
C            -0.0000086855        0.8000264691        0.0003132227
C             0.2000893818        0.0002278799        0.0001139547
C             0.1999973326        0.2002610134        0.0014327906
C             0.2000057013        0.3997423439        0.0013994419
C             0.2001178172        0.5998856833        0.0000954936
C             0.2000089168        0.8000022332        0.0003009989
C             0.3999968336        0.0001051762        0.0004757599
C             0.4002589233        0.2002648613        0.0014072743
C             0.3999968864        0.3999992506        0.0003596349
C             0.4002543208        0.5999893571        0.0013966589
C             0.3999951509        0.7998811623        0.0004760702
C             0.6000148294        0.0000036119        0.0005960157
C             0.6000161094        0.1999826597        0.0005902071
C             0.5997287188        0.3997322626        0.0013958305
C             0.5997277344        0.5999863714        0.0014052018
C             0.6000131054        0.8000302072        0.0005954066
C             0.8000079486        0.0000062165        0.0006171422
C             0.7999850841        0.1999761700        0.0005995880
C             0.7998804680        0.3999924538        0.0004714077
C             0.7997695969        0.5998829546        0.0001104511
C             0.7999148399        0.7999175496        0.0004955998
C             0.0005135906        0.0004849425        0.5005623498
C             0.0002723055        0.2001195517        0.5008733038
C             0.0004333518        0.4000198390        0.5004852430
C            -0.0000429502        0.5999175392        0.5003907566
C            -0.0000396834        0.8000591713        0.5004045421
C             0.2001299916        0.0002948841        0.5005966567
C             0.2024194886        0.2019645891        0.5008877082
C             0.2023477944        0.4004278554        0.5008253687
C             0.2001486252        0.5998551019        0.5005638375
C             0.2000742988        0.8000346163        0.5003933128
C             0.3999708600        0.0004119441        0.5004907566
C             0.3995709721        0.2019188629        0.5008293699
C             0.3995729979        0.5976394423        0.5008258967
C             0.3999724076        0.7995543036        0.5004749135
C             0.5999990078       -0.0000023679        0.5006133372
C             0.5998649737        0.2001325517        0.5008533622
C             0.5980725064        0.4004283834        0.5008338109
C             0.5981473229        0.5976836388        0.5009001277
C             0.5998655872        0.7997309922        0.5008549783
C             0.8000207675        0.0000013533        0.5006320071
C             0.7999950568        0.1999945803        0.5006141123
C             0.7995742260        0.4000209199        0.5004934580
C             0.7997125430        0.5998529492        0.5005816746
C             0.7996477411        0.7996200075        0.5005268158
