&CONTROL
calculation = 'scf'
verbosity = 'high'
tprnfor=.TRUE.
tstress=.TRUE.
wf_collect = .true.
prefix='pwscf'
outdir = './'
pseudo_dir='/home/jinyuchem/program/QE/pseudo-potential'
/
&SYSTEM
ibrav = 0
ecutwfc = 85
tot_charge = -1
nspin = 2
tot_magnetization = 2.0
nbnd = 800
nat = 215
ntyp = 2
/
&ELECTRONS
conv_thr = 1D-10
diago_full_acc=.true.
/
K_POINTS gamma
CELL_PARAMETERS angstrom
10.70400  0.000000  0.000000
0.000000  10.70400  0.000000
0.000000  0.000000  10.70400
ATOMIC_SPECIES
C  12.01099968  C_ONCV_PBE-1.0.upf
N  14.00699997  N_ONCV_PBE-1.0.upf
ATOMIC_POSITIONS crystal
C    0.000004552639    0.000042805707    0.000042549298
C    0.083276570531    0.083393235666    0.083393307700
C   -0.000172994371    0.166800773578    0.166800995634
C    0.082895708859    0.250195471943    0.250196197262
C    0.166624512007   -0.000042501763    0.166721217194
C    0.249875029998    0.083207973730    0.250007117957
C    0.166624202472    0.166721213943   -0.000042188977
C    0.249874677965    0.250007114706    0.083208329014
C   -0.000079491832    0.000146704365    0.333452784679
C    0.083081104226    0.083587864513    0.416711221068
C   -0.000465305437    0.167173073039    0.500173895742
C    0.083435169224    0.249952038238    0.583473458664
C    0.166937862823    0.000270482580    0.500130470023
C    0.250028445844    0.083360862150    0.583300324301
C    0.166328906555    0.166714844100    0.333362354800
C    0.249593085886    0.249899860472    0.416558409667
C    0.000093573488    0.000207087914    0.666735029381
C    0.083386750593    0.083458057049    0.750052660788
C    0.000026116588    0.166793782230    0.833359205097
C    0.083322557210    0.250160182480    0.916656095916
C    0.166709509942    0.000042546047    0.833337851655
C    0.250059939901    0.083393304449    0.916609869547
C    0.166831495734    0.166651885057    0.666596121011
C    0.250147043450    0.250146037149    0.749910758945
C   -0.000079913014    0.333453020632    0.000147037694
C    0.083080291976    0.416711187816    0.083588468142
C   -0.000465933328    0.500173947570    0.167173473010
C    0.083434862775    0.583473527248    0.249952659048
C    0.166328364723    0.333362126834    0.166715606798
C    0.249592572413    0.416557953821    0.249900846854
C    0.166937186815    0.500130466772    0.000271161839
C    0.250027566385    0.583300321050    0.083361744860
C   -0.000647865848    0.333777032216    0.333777615617
C    0.082658110357    0.417141828525    0.417142348924
C   -0.000819254716    0.500597229059    0.500597710289
C    0.082948811222    0.583538447339    0.583538650004
C    0.166383008330    0.333443657694    0.500028712449
C    0.249910351798    0.416757202051    0.583272124776
C    0.166382742005    0.500028416869    0.333444389900
C    0.249910520652    0.583271797884    0.416757823961
C    0.000441526563    0.333030154265    0.666514784980
C    0.083439941327    0.416851515209    0.750103101149
C    0.001024506791    0.500481568021    0.834357989468
C    0.083918137035    0.583333469098    0.917252124078
C    0.166813408600    0.333452781428    0.833253807184
C    0.250254568748    0.416711217817    0.916414403242
C    0.166659824204    0.500142011998    0.666655957753
C    0.250221538443    0.583394576933    0.749867328950
C    0.000093054133    0.666734890430    0.000207518260
C    0.083386410298    0.750052522721    0.083458403578
C    0.000025906081    0.833359412353    0.166793785481
C    0.083322796900    0.916655852975    0.250160185731
C    0.166830947106    0.666596169925    0.166652570347
C    0.250147105517    0.749910657100    0.250146312098
C    0.166709250282    0.833337848404    0.000042808958
C    0.250060008684    0.916609866296    0.083393238917
C    0.000441339323    0.666514748698    0.333030390806
C    0.083439986895    0.750102806504    0.416851533747
C    0.001024690452    0.834357802556    0.500481571272
C    0.083918825062    0.917251432800    0.583333472349
C    0.166660053511    0.666655392738    0.500142178842
C    0.250222041072    0.749866557083    0.583394660967
C    0.166813738678    0.833253382751    0.333453023883
C    0.250255169126    0.916413587741    0.416711191067
C   -0.000240967262    0.666691407346    0.666691718884
C    0.083255199389    0.749897756159    0.749897531792
C   -0.000003982463    0.833329313302    0.833329316553
C    0.083344058823    0.916677354588    0.916677357839
C    0.166873792149    0.666735026130    0.833426872504
C    0.250124761284    0.750052657537    0.916720049609
C    0.166874219244    0.833426349898    0.666734893681
C    0.250125104562    0.916719706063    0.750052525972
C    0.333387918178   -0.000042192228   -0.000042498512
C    0.416673818941    0.083208325763    0.083207976981
C    0.333168092382    0.166501388147    0.166501391398
C    0.416365120329    0.249698416094    0.249698419345
C    0.500029055784   -0.000337797680    0.166714847351
C    0.583225110651    0.082926381651    0.249899863723
C    0.500028831069    0.166715603547   -0.000338336261
C    0.583224658056    0.249900843603    0.082925871429
C    0.333382307782   -0.000338339512    0.333362130085
C    0.416567547838    0.082925868178    0.416557957072
C    0.332996947996    0.166329709575    0.499859201789
C    0.416113099359    0.249446316228    0.582940192615
C    0.500111090884   -0.000283962230    0.500028420120
C    0.583424524945    0.083243816417    0.583271801135
C    0.499668715527    0.166081772687    0.333001436548
C    0.582775873923    0.249174077903    0.416108909313
C    0.333319271331    0.000164242871    0.666596173176
C    0.416813013082    0.083480401282    0.749910660351
C    0.333467477813    0.166800992383    0.833160304645
C    0.416862176178    0.250196194011    0.916229007875
C    0.500119724867    0.000147034443    0.833253386002
C    0.583377892051    0.083588464891    0.916413590992
C    0.500076164600    0.166826810229    0.666346634915
C    0.583631836947    0.251052567594    0.748957069737
C    0.333381548335    0.333362351549   -0.000337794429
C    0.416566564707    0.416558406416    0.082926384902
C    0.332996413810    0.499859198538    0.166330247012
C    0.416113020463    0.582940189364    0.249446398375
C    0.499668137532    0.333002011292    0.166081775938
C    0.582775610297    0.416109169688    0.249174081154
C    0.500110361929    0.500028709198   -0.000283692654
C    0.583423906286    0.583272121525    0.083243650814
C    0.332748476922    0.333001433297    0.333002014543
C    0.415840782138    0.416108906062    0.416109172939
C    0.333248004375    0.499858311022    0.499858927384
C    0.417202401507    0.583195357756    0.583195267973
C    0.498669969289    0.332003356577    0.499450508348
C    0.583475466498    0.416808714792    0.579308400103
C    0.498670060812    0.499450505097    0.332003268305
C    0.583475419027    0.579308396852    0.416808765514
C    0.333493478603    0.333409277348    0.666346831246
C    0.417719166373    0.416965641771    0.748957238639
C    0.333839777274    0.500173892491    0.832867993579
C    0.416618742473    0.583473455413    0.916768468240
C    0.500443736451    0.333777612366    0.832685433168
C    0.583808532760    0.417142345673    0.915991409373
C    0.501686448077    0.500802556992    0.665029725799
C    0.585255897566    0.584451094609    0.748611197545
C    0.333318589292    0.666596117760    0.000164794750
C    0.416812741384    0.749910755694    0.083480342466
C    0.333467696618    0.833160301394    0.166800776829
C    0.416862898246    0.916229004624    0.250195475194
C    0.500075981583    0.666346827995    0.166826777619
C    0.583632346006    0.748957235388    0.251052465389
C    0.500119485663    0.833253803933    0.000146707616
C    0.583377922052    0.916414399991    0.083587867764
C    0.333493514464    0.666346631664    0.333409463616
C    0.417719271829    0.748957066486    0.416965135963
C    0.333840173994    0.832867362437    0.500173950821
C    0.416619360032    0.916768158540    0.583473530499
C    0.501686519204    0.665029897179    0.500802265242
C    0.585255772784    0.748611301326    0.584450719505
C    0.500444316601    0.832685429917    0.333777035467
C    0.583809049908    0.915991406122    0.417141831776
C    0.333648022256    0.666616391806    0.666617012734
C    0.416881410384    0.750013875291    0.750014162006
C    0.333460486465    0.833359201846    0.833359415604
C    0.416826886715    0.916656092665    0.916655856226
C    0.499696858500    0.666514781729    0.833774825579
C    0.583518219444    0.750103097898    0.916773240343
C    0.499697091790    0.833774635088    0.666514751949
C    0.583518234731    0.916773282660    0.750102809755
C    0.666797171007    0.000271158588    0.000270485831
C    0.749967025285    0.083361741609    0.083360865401
C    0.666525902773    0.166330243761    0.166329712826
C    0.749606893599    0.249446395124    0.249446319479
C    0.833262821995    0.000164791499    0.166651888308
C    0.916577459929    0.083480339215    0.250146040400
C    0.833262874160    0.166652567096    0.000164246122
C    0.916577361335    0.250146308847    0.083480404533
C    0.666695413433   -0.000283695905    0.333443660945
C    0.749938825760    0.083243647563    0.416757205302
C    0.666525628368    0.166581300140    0.499858314273
C    0.749861968957    0.250535697272    0.583195361007
C    0.833322658737   -0.000006880031    0.500142015249
C    0.916534029934    0.083554834208    0.583394580184
C    0.833013532230    0.166826774368    0.333409280599
C    0.915623939623    0.251052462138    0.416965645022
C    0.666808879826   -0.000006650724    0.666655395989
C    0.750061361951    0.083555336837    0.749866560334
C    0.666840651805    0.167173469759    0.832867365688
C    0.750140231483    0.249952655797    0.916768161791
C    0.833401594665    0.000207515009    0.833426353149
C    0.916719226956    0.083458400327    0.916719709314
C    0.833283713718    0.166981318021    0.666616395057
C    0.916680862990    0.250214706149    0.750013878542
C    0.666695121104    0.333444386649   -0.000283958979
C    0.749938502119    0.416757820710    0.083243819668
C    0.666525015257    0.499858924133    0.166581303391
C    0.749862061991    0.583195264722    0.250535700523
C    0.833013335899    0.333409460365    0.166826813480
C    0.915623770721    0.416965132712    0.251052570845
C    0.833322096973    0.500142175591   -0.000006647473
C    0.916533261318    0.583394657716    0.083555340088
C    0.666117209332    0.332003265054    0.332003359828
C    0.745975101087    0.416808762263    0.416808718043
C    0.831696426783    0.335019743842    0.500802560243
C    0.915277898529    0.418589193331    0.584451097860
C    0.831696601414    0.500802261991    0.335019818220
C    0.915278005561    0.584450716254    0.418589071800
C    0.667468966226    0.335019814969    0.665029900430
C    0.751117420489    0.418589068549    0.748611304577
C    0.667263933294    0.500597707038    0.832514044300
C    0.750205151574    0.583538646753    0.916282110238
C    0.833181452933    0.333030387555    0.833774638339
C    0.916769510739    0.416851530496    0.916773285911
C    0.839637106090    0.496118740645    0.672971250040
C    0.916421052801    0.582840878576    0.749754498848
C    0.666808716233    0.666655954502   -0.000006876780
C    0.750061281168    0.749867325699    0.083554837459
C    0.666840596726    0.832867990328    0.167173076290
C    0.750140159648    0.916768464989    0.249952041489
C    0.833283096041    0.666617009483    0.166981321272
C    0.916680579526    0.750014158755    0.250214709400
C    0.833401730365    0.833426869253    0.000207091165
C    0.916719361772    0.916720046358    0.083458060300
C    0.667469261227    0.665029722548    0.335019747093
C    0.751117798844    0.748611194294    0.418589196582
C    0.667264411273    0.832514041049    0.500597232310
C    0.750205350988    0.916282106987    0.583538450590
C    0.839637951024    0.672970401855    0.496118743896
C    0.916421199832    0.749754348566    0.582840881827
C    0.833181485964    0.833774822328    0.333030157516
C    0.916769802133    0.916773237092    0.416851518460
C    0.662785444880    0.672971246789    0.672970405106
C    0.749507582811    0.749754495597    0.749754351817
C    0.667148272256    0.834357986217    0.834357805807
C    0.750000173333    0.917252120827    0.917251436051
C    0.833358111581    0.666691715633    0.833092331754
C    0.916564460394    0.749897528541    0.916588498405
C    0.833358419868    0.833092328503    0.666691410597
C    0.916564232776    0.916588495154    0.749897759410
N    0.658746997475    0.492080293240    0.492080296491
