C   -0.000021224631    0.000117175703   -0.000027683912
C    0.083264749821    0.083403777498    0.083357203225
C   -0.000183223969    0.166772935209    0.166759814262
C    0.082911018007    0.250129876057    0.250156308709
C    0.166659172605   -0.000027723140    0.166719400474
C    0.249925620836    0.083174483432    0.250042012544
C    0.166573315632    0.166726459832   -0.000091615664
C    0.249856721350    0.249938609244    0.083191294491
C   -0.000060555038    0.000097233945    0.333490077803
C    0.083027637412    0.083643611803    0.416762816443
C   -0.000616466753    0.167329141824    0.500214282256
C    0.083108085527    0.250306777648    0.583455572545
C    0.166957923619    0.000311326418    0.500142752015
C    0.250035894341    0.083385107401    0.583318563290
C    0.166344329001    0.166658771706    0.333374416575
C    0.249652550850    0.249781952008    0.416584918257
C   -0.000072690725    0.000054588918    0.666662214367
C    0.083192949192    0.083485083038    0.749986452449
C   -0.000156330673    0.166984615218    0.833177426078
C    0.083209698679    0.250174661767    0.916543651931
C    0.166637991944    0.000117294001    0.833313595261
C    0.250022679770    0.083404420364    0.916599216935
C    0.166609536360    0.166750621908    0.666568152169
C    0.250007628946    0.250115964361    0.749897304213
C   -0.000151879524    0.333469077235   -0.000013380462
C    0.083078255759    0.416626346551    0.083432822109
C   -0.000300306648    0.500078789194    0.166952068563
C    0.084012649681    0.583382628003    0.249419087554
C    0.166330467561    0.333281365673    0.166649942866
C    0.249672290699    0.416421088539    0.249832232747
C    0.166876161942    0.500106339031    0.000210331834
C    0.249996373700    0.583264972848    0.083330386650
C   -0.000570401756    0.333744387211    0.333713815354
C    0.082929411465    0.417019150634    0.417021947240
C   -0.000278709238    0.500588066948    0.500151322487
C    0.083257640837    0.583524260577    0.583461759864
C    0.166429001815    0.333359793955    0.499987201487
C    0.249890377475    0.416666394625    0.583281205789
C    0.166624513663    0.499907564460    0.333269381254
C    0.250019624922    0.583205131655    0.416695227641
C   -0.000088395195    0.333893226147    0.666412012826
C    0.083251466232    0.417055156096    0.750048417188
C    0.000916040451    0.500693809074    0.834248197481
C    0.083893083629    0.583370185504    0.917226442418
C    0.166653755867    0.333468752408    0.833182987226
C    0.250099132370    0.416626488570    0.916412993449
C    0.166698360091    0.500120320374    0.666631934883
C    0.250140954690    0.583351008948    0.749951121599
C    0.000171531879    0.666767272974    0.000245155712
C    0.083490620433    0.750075874788    0.083411834934
C    0.000147727305    0.833419217890    0.166698821998
C    0.083402938179    0.916687628566    0.250153343961
C    0.167081073559    0.666557023154    0.166445515865
C    0.250263495571    0.749921088648    0.250094225581
C    0.166704735539    0.833387882068    0.000039956960
C    0.250084997245    0.916632339618    0.083419957217
C    0.001462753106    0.666315070101    0.332111743763
C    0.083867768433    0.750045438176    0.416594764909
C    0.001335497158    0.834156404011    0.500375227795
C    0.083992373493    0.917203511754    0.583315357316
C    0.166881286157    0.666653632724    0.500092783240
C    0.250289771502    0.749894703766    0.583433174800
C    0.167022900966    0.833305141458    0.333399642477
C    0.250354742665    0.916468300395    0.416744757055
C    0.000281726030    0.666737557570    0.666896079545
C    0.083492104867    0.749964388612    0.749965597797
C    0.000022478692    0.833276457380    0.833355711320
C    0.083313824567    0.916737528897    0.916647417786
C    0.166912392163    0.666767501139    0.833505558604
C    0.250078425642    0.750076411858    0.916824999650
C    0.166988858848    0.833514064821    0.666776164099
C    0.250144559314    0.916809438798    0.750096401141
C    0.333384489010   -0.000027426139   -0.000006390296
C    0.416707429817    0.083174769447    0.083259423893
C    0.333194698464    0.166446948015    0.166529225449
C    0.416427890005    0.249572380934    0.249761684829
C    0.500097466771   -0.000356138878    0.166836944986
C    0.583335310873    0.082787694452    0.250086051665
C    0.500039922382    0.166659770194   -0.000321927524
C    0.583250464393    0.249783421732    0.082984964858
C    0.333503805068   -0.000356851087    0.333431799933
C    0.416753583817    0.082787056462    0.416669016016
C    0.333127594749    0.166265375430    0.499907377331
C    0.416198936654    0.249497994188    0.582968976918
C    0.500369162354   -0.000570918600    0.500191192202
C    0.583577259998    0.083155781346    0.583329586164
C    0.499799829873    0.166027141240    0.333133000095
C    0.582863025172    0.249303836511    0.416196002362
C    0.333427022226    0.000136768544    0.666664869678
C    0.416894900729    0.083503889339    0.749915073071
C    0.333426573644    0.166773828760    0.833152103412
C    0.416821994047    0.250131136556    0.916245321317
C    0.500157049669    0.000098290310    0.833273593804
C    0.583429167328    0.083644537384    0.916360914554
C    0.500211427644    0.166894252709    0.666340259467
C    0.583718421904    0.251338218138    0.748876429790
C    0.333315523095    0.333281878786   -0.000334875676
C    0.416498285230    0.416421697604    0.083005607138
C    0.332930549990    0.499764201244    0.166264017617
C    0.415975775598    0.582883983859    0.249309161592
C    0.499664862130    0.332874028274    0.166109189675
C    0.582717468848    0.416080308539    0.249108916308
C    0.499936227637    0.499908080295   -0.000043048076
C    0.583361527223    0.583205655627    0.083351657718
C    0.332775694631    0.332873145152    0.332998883216
C    0.415776188375    0.416079954461    0.416050882840
C    0.333186183876    0.499758524864    0.499869320282
C    0.416960325577    0.583096117534    0.583313725748
C    0.498714041567    0.332241062729    0.499468276041
C    0.583420325651    0.417442165022    0.579312895927
C    0.498388333467    0.499414915894    0.331721199291
C    0.582896906090    0.579299380088    0.416230381670
C    0.333409108243    0.333316106313    0.666394363069
C    0.417496145211    0.416839966098    0.749087253161
C    0.333618698129    0.500079043680    0.833034231465
C    0.416085730789    0.583383143031    0.917346085937
C    0.500379731015    0.333745387220    0.832763255241
C    0.583688586678    0.417020758903    0.916261104228
C    0.501245540921    0.500807128056    0.665412394959
C    0.583552357775    0.584374992501    0.750547845393
C    0.333111936430    0.666556891424    0.000415346340
C    0.416760796843    0.749921409376    0.083596937896
C    0.333536041613    0.833178732225    0.166869519367
C    0.416967844254    0.916197382035    0.250301253212
C    0.500033989251    0.666306441517    0.166844043616
C    0.583671017245    0.748907978714    0.250989802986
C    0.500066221559    0.833305687098    0.000355830768
C    0.583411055923    0.916469276598    0.083687556853
C    0.333510854100    0.666306281703    0.333367315509
C    0.417656737041    0.748907948646    0.417004535925
C    0.333904992078    0.832852440270    0.500229331559
C    0.416796987846    0.916518575537    0.583583273311
C    0.501377638784    0.664782585511    0.500731333593
C    0.585277209210    0.747422629340    0.584660115414
C    0.500540342009    0.832530143753    0.333873685909
C    0.584051038361    0.915450410159    0.417384455748
C    0.333515380927    0.666601991267    0.666731131595
C    0.416610143815    0.749881779913    0.750366155352
C    0.333364616960    0.833419159642    0.833482057327
C    0.416819249198    0.916688395372    0.916736939165
C    0.498777737740    0.666315328596    0.834796308644
C    0.583261726614    0.750045757793    0.917199886403
C    0.499751552887    0.833284761530    0.666817196521
C    0.583570769856    0.916535530417    0.750214527567
C    0.666809016755    0.000311927797    0.000290666865
C    0.749984134499    0.083385651322    0.083367812836
C    0.666572724524    0.166265826403    0.166459910790
C    0.749634314802    0.249497794611    0.249531886383
C    0.833330017174    0.000136199282    0.166759804320
C    0.916580260978    0.083503158288    0.250228057728
C    0.833233324428    0.166751870684   -0.000058406005
C    0.916562517068    0.250116507717    0.083340526421
C    0.666857553299   -0.000570333969    0.333701658976
C    0.749996210646    0.083155614981    0.416910391790
C    0.666614811297    0.166705829098    0.499947476751
C    0.749842273556    0.251020837834    0.583175847702
C    0.833348647065   -0.000265015386    0.500213165841
C    0.916422230466    0.083568850788    0.583399844590
C    0.833006386884    0.166893878731    0.333544443966
C    0.915543181776    0.251338145703    0.417052649455
C    0.666879954659   -0.000264429657    0.666681338151
C    0.750066277879    0.083569683684    0.749754760534
C    0.666880429442    0.167330056121    0.832716661175
C    0.750121387917    0.250308599476    0.916439957889
C    0.833327941702    0.000055237953    0.833260160479
C    0.916651999720    0.083485514218    0.916525766445
C    0.833184273490    0.167247544747    0.666517023417
C    0.916461496229    0.250756934908    0.749794376430
C    0.666653201430    0.333361323824   -0.000238774266
C    0.749947383319    0.416667681976    0.083222750469
C    0.666535638936    0.499759348306    0.166518594932
C    0.749980815518    0.583096502347    0.250292635892
C    0.833060061307    0.333316345427    0.166742031365
C    0.915753528509    0.416839147794    0.250829455088
C    0.833297914826    0.500120496360    0.000029898813
C    0.916616914434    0.583351227956    0.083473262811
C    0.666135030841    0.332241261791    0.332047381021
C    0.745979622027    0.417442286953    0.416753780750
C    0.831561671386    0.335769705558    0.500868794134
C    0.914530993030    0.420269177432    0.584318348329
C    0.832079199745    0.500806754521    0.334578771843
C    0.917216087746    0.584373226680    0.416886274058
C    0.667535405344    0.335769741766    0.664894613767
C    0.750985514155    0.420270429866    0.747861894377
C    0.666818337041    0.500589353856    0.833051722838
C    0.750128928549    0.583524778149    0.916588323065
C    0.833078686957    0.333894573502    0.833243098114
C    0.916715161254    0.417055764209    0.916583256616
C    0.837288751074    0.500959920404    0.670620042419
C    0.916481975226    0.583135522516    0.749813165259
C    0.666759257266    0.666653989044    0.000212722687
C    0.750099584746    0.749895332518    0.083621404633
C    0.666895059024    0.832852913758    0.167238086651
C    0.750248358149    0.916517930990    0.250130313763
C    0.833396868219    0.666602330849    0.166847735875
C    0.917032177015    0.749881532171    0.249943747209
C    0.833442070369    0.833514447365    0.000320990147
C    0.916761815789    0.916808897718    0.083477369954
C    0.667398456272    0.664781808786    0.334710692533
C    0.751326650484    0.747421451946    0.418612752273
C    0.667719152257    0.831435817034    0.501051990675
C    0.750296109733    0.915667064546    0.583628860377
C    0.843037359571    0.671922063510    0.493698591563
C    0.917122065560    0.748994299565    0.582693847003
C    0.833483711251    0.833283261021    0.333086206393
C    0.916881826198    0.916535066128    0.416904370403
C    0.660364417454    0.671923045863    0.676367098466
C    0.749359973696    0.748994963457    0.750453478392
C    0.667042374681    0.834156971498    0.834667670693
C    0.749981571959    0.917204254055    0.917324410502
C    0.833563297306    0.666737811956    0.833612219796
C    0.916632387477    0.749963990886    0.916824029568
C    0.833107962885    0.832049747170    0.666440074647
C    0.916429704426    0.916116058514    0.749763199873
N    0.658212252687    0.493150238986    0.491545095532
