&CONTROL
calculation = 'scf'
verbosity = 'high'
tprnfor=.TRUE.
tstress=.TRUE.
wf_collect = .true.
prefix='pwscf'
outdir = './'
pseudo_dir='/home/jinyuchem/program/QE/pseudo-potential'
/
&SYSTEM
ibrav = 0
ecutwfc = 85
tot_charge = -1
nspin = 2
tot_magnetization = 2.0
nbnd = 800
nat = 215
ntyp = 2
/
&ELECTRONS
conv_thr = 1D-10
diago_full_acc=.true.
/
K_POINTS gamma
CELL_PARAMETERS angstrom
10.70400  0.000000  0.000000
0.000000  10.70400  0.000000
0.000000  0.000000  10.70400
ATOMIC_SPECIES
C  12.01099968  C_ONCV_PBE-1.0.upf
N  14.00699997  N_ONCV_PBE-1.0.upf
ATOMIC_POSITIONS crystal
C    0.000038865747    0.000074521174    0.000005939427
C    0.083291870745    0.083422786038    0.083399715201
C   -0.000160693548    0.166851417223    0.166845109175
C    0.082873568155    0.250262888048    0.250274718498
C    0.166654161380   -0.000002320468    0.166717210357
C    0.249867398908    0.083240029846    0.250054283474
C    0.166614350755    0.166721958701   -0.000033000097
C    0.249835447148    0.250007707627    0.083247194919
C   -0.000022817687    0.000317034650    0.333420806363
C    0.083107101801    0.083705701919    0.416765659710
C   -0.000549050997    0.167305212122    0.500242859590
C    0.083052662341    0.250280566226    0.583565146913
C    0.166984789490    0.000307989981    0.500147085466
C    0.250053973004    0.083378478317    0.583324553344
C    0.166319087005    0.166801734334    0.333431121258
C    0.249492437830    0.250017393939    0.416672452065
C    0.000097680532    0.000241867018    0.666738662066
C    0.083379314931    0.083488377313    0.750061297807
C   -0.000002906203    0.166794200704    0.833387778591
C    0.083299783121    0.250160550020    0.916678191606
C    0.166745177253    0.000012191988    0.833302836084
C    0.250052468311    0.083365086785    0.916594029812
C    0.166702564732    0.166797178197    0.666645275004
C    0.250103730006    0.250207911486    0.749907131969
C   -0.000065340276    0.333411125229    0.000266159567
C    0.083129892873    0.416703008246    0.083608560414
C   -0.000403218149    0.500181154333    0.167131087058
C    0.083471176213    0.583532918752    0.249870298478
C    0.166312235722    0.333389183100    0.166797512312
C    0.249501163942    0.416597330313    0.250041008031
C    0.166946730555    0.500130668264    0.000261597033
C    0.250035555904    0.583300842871    0.083354141750
C   -0.000755533930    0.333851235988    0.333836852010
C    0.082283668307    0.417309292459    0.417310277126
C   -0.001565608135    0.501013085044    0.500811604322
C    0.082523301641    0.583615411738    0.583586975307
C    0.166139466909    0.333643251064    0.500159317749
C    0.249819805038    0.416856767514    0.583329329003
C    0.166229332610    0.500122959941    0.333601953081
C    0.249879590441    0.583294385595    0.416870002558
C   -0.000257318697    0.333480565827    0.666746500317
C    0.083132875497    0.416994395439    0.750181327108
C    0.000788364328    0.500481362068    0.834594389658
C    0.083862297796    0.583333693729    0.917308203358
C    0.166693969345    0.333494608020    0.833238589907
C    0.250234272901    0.416719744820    0.916364361559
C    0.166439167941    0.500197719167    0.666668869054
C    0.250197266364    0.583379316793    0.749802755192
C    0.000210329026    0.666787971266    0.000330801784
C    0.083517434447    0.750103838724    0.083454865973
C    0.000137559534    0.833500326918    0.166661363272
C    0.083389652534    0.916745430703    0.250149970417
C    0.166921095870    0.666641547916    0.166656471991
C    0.250222561118    0.749919551522    0.250197898934
C    0.166776214214    0.833338550867   -0.000024573820
C    0.250081818848    0.916610405817    0.083371160136
C    0.000460584332    0.666701907433    0.332656394918
C    0.083417944610    0.750179509703    0.416781467171
C    0.000982556477    0.834551021473    0.500334629334
C    0.083908578197    0.917296709927    0.583307922161
C    0.166524110515    0.666678544165    0.500185020109
C    0.250266577467    0.749776281248    0.583416990884
C    0.166865318699    0.833295956242    0.333462847243
C    0.250352957724    0.916390198024    0.416774060605
C   -0.000962640953    0.666480549016    0.666554746779
C    0.082928203068    0.749804231595    0.749804698167
C   -0.000040586788    0.833329282639    0.833365951542
C    0.083385680864    0.916677490475    0.916635599912
C    0.166750748194    0.666682762066    0.833309627756
C    0.250128325307    0.750002468544    0.916589497891
C    0.166786501490    0.833313341473    0.666685917978
C    0.250159137067    0.916581995090    0.750010689184
C    0.333391180258   -0.000081030481   -0.000072828091
C    0.416626060504    0.083177090946    0.083215151682
C    0.333130091565    0.166501955322    0.166538825041
C    0.416277686107    0.249698645098    0.249785624563
C    0.499986315911   -0.000343572888    0.166710250329
C    0.583149723762    0.082935507144    0.249922786371
C    0.499959349962    0.166629157484   -0.000328814871
C    0.583110146761    0.249783225767    0.083026806113
C    0.333386848332   -0.000331731900    0.333404554925
C    0.416545004498    0.082916341964    0.416633091874
C    0.332997784940    0.166420266634    0.499924705200
C    0.416200226720    0.249549228576    0.582978818137
C    0.500153558839   -0.000374761850    0.500064877588
C    0.583411803649    0.083183691867    0.583306694998
C    0.499611049001    0.166081863228    0.333059177461
C    0.582789466573    0.249173814131    0.416095427099
C    0.333460772063   -0.000054124202    0.666600605858
C    0.416823306261    0.083362036086    0.749898985952
C    0.333422869003    0.166750404321    0.833147066960
C    0.416783021963    0.250129297793    0.916250684716
C    0.500151796909   -0.000023667452    0.833196239772
C    0.583323202083    0.083470584020    0.916387379811
C    0.500052624029    0.166779642213    0.666386853305
C    0.583555448943    0.250978398421    0.749039688851
C    0.333299255124    0.333336324962   -0.000322199670
C    0.416426108594    0.416519750907    0.083017907466
C    0.332906563277    0.499859823827    0.166420343266
C    0.416097367830    0.582940818953    0.249462304517
C    0.499548117177    0.332940005872    0.166119580443
C    0.582722011569    0.416041993207    0.249084313639
C    0.499952462741    0.499934646910   -0.000130056723
C    0.583311210324    0.583249810922    0.083275085577
C    0.332710581874    0.333063712740    0.333121686490
C    0.415930813425    0.416175987003    0.416162756771
C    0.333334485633    0.499894586539    0.499946111319
C    0.417538745079    0.583131495042    0.583231787444
C    0.498910177370    0.332153813382    0.499475177699
C    0.584035223072    0.417050544023    0.579314652901
C    0.498759520063    0.499450480240    0.331913698434
C    0.583793371604    0.579308385251    0.416490684527
C    0.333516497958    0.333491102060    0.666362184667
C    0.417880060484    0.416987965917    0.748942688871
C    0.333881835359    0.500167391165    0.832805138727
C    0.416700249152    0.583415219422    0.916733111449
C    0.500384017442    0.333703792050    0.832792935907
C    0.583639807057    0.416974964838    0.916366593319
C    0.502175586743    0.500865852524    0.665081991409
C    0.586020969077    0.584293315787    0.748815735125
C    0.333314349619    0.666552163382    0.000075482286
C    0.416760969177    0.749903247470    0.083405409986
C    0.333474171139    0.833161238256    0.166794741994
C    0.416851273228    0.916229468488    0.250207213305
C    0.499970518440    0.666372082297    0.166756814441
C    0.583534113273    0.749054586976    0.250817504740
C    0.500109637387    0.833212347065    0.000095816585
C    0.583314956406    0.916438444099    0.083490326206
C    0.333563823993    0.666322105429    0.333514946887
C    0.417954260917    0.748859887935    0.417063317783
C    0.334014760470    0.832721255317    0.500236275095
C    0.417030209491    0.916349699311    0.583506811592
C    0.502236606150    0.664790696346    0.500830877145
C    0.586818848899    0.747370001764    0.584425585481
C    0.500458900523    0.832685595262    0.333762550705
C    0.583808502540    0.915990664226    0.417143093544
C    0.333832687565    0.666517944893    0.666577863030
C    0.417257007195    0.749750095684    0.749974098435
C    0.333592490201    0.833218974901    0.833247523829
C    0.416836734489    0.916567141342    0.916589052586
C    0.500069606459    0.666327721424    0.833757107646
C    0.583587865874    0.750026098759    0.916796193882
C    0.500520547076    0.833057356356    0.666559513971
C    0.583731162689    0.916487928059    0.750104204099
C    0.666780354071    0.000233796727    0.000223434688
C    0.749942274422    0.083343817559    0.083335259716
C    0.666459774072    0.166239310563    0.166329006299
C    0.749567638489    0.249343361620    0.249359059764
C    0.833257622382    0.000383034964    0.166510834842
C    0.916588595128    0.083598585138    0.250135938270
C    0.833213063486    0.166507164721    0.000292464430
C    0.916580141313    0.250084428831    0.083523314127
C    0.666658870422   -0.000193790417    0.333401966763
C    0.749903932137    0.083302759559    0.416770335800
C    0.666474835990    0.166580890009    0.499909310392
C    0.749761639267    0.250535240611    0.583296048007
C    0.833332846619    0.000076749654    0.500129190063
C    0.916508263563    0.083622800310    0.583432395039
C    0.832972924506    0.166873718190    0.333432919029
C    0.915541137805    0.251126528676    0.417041553609
C    0.666821681469   -0.000091953700    0.666645039650
C    0.750023513827    0.083486143621    0.749892197657
C    0.666771120766    0.167041269234    0.832950757628
C    0.750047558887    0.249624166907    0.917150307583
C    0.833397489532    0.000171949238    0.833422086679
C    0.916709747741    0.083427905426    0.916726396139
C    0.833224224703    0.166980881975    0.666675595499
C    0.916457026633    0.250214846735    0.750237286707
C    0.666564120563    0.333244355511   -0.000039749963
C    0.749881020545    0.416658363409    0.083334874429
C    0.666437743620    0.499822532577    0.166495232264
C    0.749825237705    0.583259074940    0.250199813613
C    0.832997643743    0.333327517664    0.166803671968
C    0.915638330159    0.416943338897    0.250891750929
C    0.833309301886    0.500086532681    0.000214598498
C    0.916597899829    0.583410175924    0.083579996909
C    0.666092564837    0.331852626844    0.331763443773
C    0.745968859890    0.416567086675    0.416248936234
C    0.831405173008    0.335080643947    0.500767745551
C    0.913833880752    0.419386904564    0.584582712359
C    0.831644859281    0.500738813151    0.334530776115
C    0.915075119232    0.584608357008    0.417822385334
C    0.667503803162    0.334958770128    0.665320843396
C    0.750984913761    0.417792678901    0.750055490467
C    0.667049657605    0.500181493480    0.833261721902
C    0.750156840497    0.583461213050    0.916708828463
C    0.832949532175    0.332580928158    0.834472672062
C    0.916691413196    0.416708669115    0.917080682797
C    0.837584033889    0.496119144833    0.675025512861
C    0.915747088471    0.582841143830    0.750429027729
C    0.666765834251    0.666632855319    0.000130149797
C    0.750038726452    0.749957665828    0.083511143437
C    0.666778134205    0.833014590740    0.166998879123
C    0.750106707390    0.917186328664    0.249542006823
C    0.833322342511    0.666715648201    0.166797092009
C    0.916720950967    0.750278058685    0.249838972002
C    0.833450361743    0.833540006956    0.000295356017
C    0.916760913744    0.916858033738    0.083424176014
C    0.667440780387    0.665268710714    0.334469708322
C    0.751143963168    0.749850674492    0.417026413838
C    0.667466730798    0.832512716866    0.500395652015
C    0.750234459389    0.916280898345    0.583509797267
C    0.840239784037    0.675623926036    0.492764474077
C    0.916043290109    0.750049122436    0.582636613891
C    0.833136830933    0.834491385522    0.332206997994
C    0.916768575312    0.917057349384    0.416638991800
C    0.666139310510    0.670315150955    0.672369953126
C    0.749711585494    0.749457876438    0.750133542276
C    0.667295420148    0.834163720002    0.834400729354
C    0.750025498890    0.917206288411    0.917261998161
C    0.833495514559    0.666901786905    0.833815301135
C    0.916657386993    0.749991102865    0.916916129496
C    0.833285320702    0.833091032814    0.666764865948
C    0.916563492077    0.916587860385    0.749898357374
N    0.659488382980    0.492080082543    0.491339121681
