&CONTROL
calculation = 'scf'
restart_mode = 'from_scratch'
prefix = 'pwscf'
pseudo_dir = '/home/jinyuchem/program/QE/pseudo-potential'
outdir = './'
wf_collect = .TRUE.
tprnfor = .TRUE.
verbosity = 'high'
forc_conv_thr = 0.00039
nstep = 100
/
&SYSTEM
ibrav = 0
nat = 999
ntyp = 2
ecutwfc = 60
tot_charge = 0
nspin = 2
tot_magnetization = 2
nbnd = 2016
/
&ELECTRONS
electron_maxstep = 600
conv_thr = 1.0d-8
mixing_mode = 'plain'
mixing_beta = 0.3
diagonalization = 'david'
diago_full_acc = .TRUE.
startingpot = 'atomic'
startingwfc = 'atomic+random'
/
&IONS
ion_dynamics='bfgs'
ion_positions='default'
/
ATOMIC_SPECIES
C  12.0107      C_ONCV_PBE-1.0.upf
Si 28.0855      Si_ONCV_PBE-1.1.upf
CELL_PARAMETERS angstrom
17.84 0.0 0.0
0.0 17.84 0.0
0.0 0.0 17.84
K_POINTS gamma
ATOMIC_POSITIONS crystal
C    0.000247172008    0.000222472259    0.000246955060
C    0.000513412170    0.100295901088    0.100361566171
C    0.100363756090    0.100295497051    0.000511811188
C    0.100364685535    0.000472170778    0.100363936931
C    0.150412002479    0.050552285739    0.150411370354
C    0.050312423428    0.050352961264    0.050313218763
C    0.050551819338    0.150405551133    0.150412130847
C    0.150413222216    0.150404680752    0.050550688735
C    0.000423514688    0.000390219697    0.200235664981
C    0.000525528251    0.100325248313    0.300349924103
C    0.100001864009    0.099980422171    0.800564601779
C    0.100054723197    0.000177087704    0.900403790737
C    0.200236607200    0.000389866661    0.000423078839
C    0.300367572311    0.000521514857    0.100363225650
C    0.800564702251    0.099978171481    0.099999785196
C    0.900420331423    0.100019377293    0.000205465405
C    0.000427037868    0.200165563057    0.000425460177
C    0.100320668480    0.300310271163    0.000512225265
C    0.099992542846    0.800569956407    0.099994012641
C    0.000186287272    0.900404651153    0.100051006202
C    0.150157745220    0.050271805180    0.950457199264
C    0.050018818048    0.050029221510    0.850382901146
C    0.050526602547    0.150377229128    0.350445621433
C    0.150621467613    0.150639109467    0.250556606291
C    0.150600882870    0.250560931705    0.150598461474
C    0.150362520887    0.350444550635    0.050477837828
C    0.050019363396    0.850436018808    0.050021675178
C    0.050241645660    0.950496066802    0.150158261520
C    0.350442641774    0.050549693421    0.150421692150
C    0.250558401884    0.150637906514    0.150619359343
C    0.950456928087    0.150168618398    0.050243238142
C    0.850382067181    0.050027014700    0.050018367802
C    0.050243391297    0.150168820602    0.950457055986
C    0.150423321822    0.050552312021    0.350440896653
C    0.950456658242    0.050271190172    0.150157887733
C    0.350447134441    0.150374721516    0.050525186558
C    0.150156679654    0.950495680100    0.050243136039
C    0.050480118400    0.350444931701    0.150359604474
C    0.100363282057    0.000523384221    0.300367077192
C    0.000206574707    0.100020101996    0.900420039745
C    0.100049971864    0.900405113160    0.000187499909
C    0.000513545883    0.300310442722    0.100318757091
C    0.900404060459    0.000176043196    0.100053731650
C    0.300351900393    0.100323398930    0.000524281607
C    0.200481153381    0.100527660414    0.100547768390
C    0.800287564332   -0.000087075925   -0.000081832661
C    0.100537009560    0.200436789460    0.100535261835
C   -0.000081005092    0.800296873482   -0.000078238344
C    0.150050526651    0.150045534990    0.850622735483
C    0.050469094516    0.050454398223    0.250315840548
C    0.250315781306    0.050453109342    0.050468481053
C    0.850622643039    0.150044308146    0.150048932126
C    0.150047134832    0.850640229119    0.150049783140
C    0.050459310102    0.250308673768    0.050458125641
C    0.100549375231    0.100528556076    0.200479053562
C   -0.000081038183   -0.000084331038    0.800287463186
C    0.000220450165    0.000205226447    0.400264296994
C    0.000158003015    0.099975571012    0.500399836585
C    0.099945927211    0.099967341819    0.600554254841
C    0.099820078770   -0.000037793091    0.700426582813
C    0.400264746843    0.000202470633    0.000219778255
C    0.500407350168    0.000170206333    0.099998380996
C    0.600555717814    0.099961853147    0.099942933939
C    0.700442525794    0.099801833481   -0.000054248193
C    0.000193619182    0.400233073514    0.000194062434
C    0.099975121749    0.500384204790    0.000168731333
C    0.099961649533    0.600535331812    0.099962343954
C   -0.000047730448    0.700438049955    0.099833921766
C    0.149894848241    0.049958698079    0.750517627965
C    0.049897078575    0.049870248090    0.650425041733
C    0.050036323727    0.149937714231    0.550505742459
C    0.150324335728    0.150406491180    0.450599533713
C    0.150226324381    0.450655160970    0.150225348471
C    0.149880656521    0.550537243642    0.049974107522
C    0.049843468800    0.650470940905    0.049845267609
C    0.049950631266    0.750552270382    0.149888195248
C    0.550500840040    0.050069794458    0.149968875401
C    0.450600601357    0.150402409853    0.150323476338
C    0.750517577245    0.149881474659    0.049949043821
C    0.650424936875    0.049866318810    0.049895254490
C    0.049951242208    0.149883926524    0.750518428854
C    0.149969601103    0.050075258785    0.550499990368
C    0.750517289308    0.049954328602    0.149894174887
C    0.550506251223    0.149933742397    0.050033185180
C    0.149886444449    0.750553257510    0.049952778016
C    0.049973583234    0.550537631498    0.149881150255
C    0.099999480487    0.000176610039    0.500405531074
C   -0.000051611097    0.099805407269    0.700442356535
C    0.099832036496    0.700439632045   -0.000044390968
C    0.000167562524    0.500383821964    0.099976010601
C    0.700427296632   -0.000043225493    0.099818845886
C    0.500401480488    0.099970450801    0.000153994760
C    0.400493350146    0.100411615080    0.100390162133
C    0.600294282032   -0.000135293325   -0.000114594866
C    0.100377666930    0.400465703017    0.100375944210
C   -0.000101236943    0.600290263909   -0.000098331963
C    0.149893498602    0.149919536698    0.650647125778
C    0.050228029867    0.050188806523    0.450382685183
C    0.450383397585    0.050184691834    0.050226157191
C    0.650647528704    0.149915809424    0.149891614335
C    0.149871929403    0.650654641971    0.149872350111
C    0.050144725790    0.450411607390    0.050144714896
C    0.100392620244    0.100416361209    0.400491145025
C   -0.000113319694   -0.000129856208    0.600293705013
C    0.000609363116    0.200345268513    0.200367721938
C    0.000139443908    0.900405413813    0.300072696066
C    0.099842359286    0.299985923864    0.800615471929
C    0.099741169737    0.800260060705    0.900054539023
C    0.200403113893    0.000611092819    0.200402899223
C    0.300069265566    0.000111579459    0.900390441738
C    0.800598942226    0.099838427777    0.299993748983
C    0.900069812543    0.099706676028    0.800258413352
C    0.200370434553    0.200344488021    0.000607853842
C    0.900406591910    0.300027814955    0.000133029252
C    0.300010045218    0.800596886078    0.099876317287
C    0.800230562006    0.900070660590    0.099737074264
C    0.350199490448    0.050131563381    0.950427387629
C    0.850076610979    0.049705546190    0.850076193253
C    0.250668002374    0.150889416889    0.350665161590
C    0.950610533534    0.150205613034    0.250243273799
C    0.150232696048    0.250219547944    0.950604400273
C    0.150617848358    0.350702096998    0.250609958900
C    0.049709394033    0.850089290821    0.850079829548
C    0.050177727278    0.950417873453    0.350195815790
C    0.350670144628    0.250720819905    0.150662256164
C    0.250236618940    0.950607642236    0.150237484069
C    0.950414706236    0.350184576824    0.050151580293
C    0.850077640975    0.850085860007    0.049710592991
C    0.050152558834    0.350185125127    0.950414794118
C    0.150237244069    0.950608250524    0.250236855324
C    0.150662303771    0.250723018649    0.350668442289
C    0.950429034715    0.050133320460    0.350199201979
C    0.250244310086    0.150204099183    0.950609665136
C    0.350667377284    0.150888094916    0.250666851664
C    0.350195654175    0.950416201077    0.050177337764
C    0.950605328935    0.250220177220    0.150230841923
C    0.250610980488    0.350701143995    0.150616555948
C    0.900391067748    0.000110970894    0.300068229700
C    0.800257908212    0.099705553901    0.900069027639
C    0.299994850210    0.099839851534    0.800597191633
C    0.099875118969    0.800597881133    0.300012175690
C    0.099736730253    0.900075248415    0.800232246788
C    0.000134703502    0.300028570724    0.900407462000
C    0.900051079840    0.800256543961    0.099742857792
C    0.800613261141    0.299982644779    0.099839501307
C    0.300071984290    0.900405393746    0.000140621269
C    0.000489541937    0.300318279831    0.300298895853
C    0.000021904896    0.800495261796    0.199892677841
C    0.100194190783    0.200111145196    0.900592612766
C    0.200590440329    0.100730065275    0.300551586918
C    0.800459869581    0.000026167990    0.199891182650
C    0.900090545965   -0.000102781173    0.900090559652
C    0.200552702549    0.300540978880    0.100648826911
C    0.900592798162    0.200110806484    0.100191232796
C    0.799978815982    0.799971104676   -0.000384761980
C    0.350089463953    0.149833579556    0.850575828802
C    0.850304627178    0.149869560611    0.950095338874
C    0.250468344511    0.050663118399    0.250466383795
C    0.149855228433    0.350066805370    0.850583599556
C    0.050037694198    0.950233703462    0.950197076842
C    0.050016447730    0.850552408878    0.250017763972
C    0.350363248204    0.350361929819    0.050277878019
C    0.250016127782    0.850552543630    0.050018878436
C    0.850315374205    0.950125745904    0.149873148892
C    0.050013496897    0.249995871013    0.850541787758
C    0.149873230309    0.850564117804    0.350084405682
C    0.250013933111    0.050027766571    0.850530620608
C    0.350368558623    0.050476123338    0.350366228467
C    0.350083154962    0.850562643320    0.149873319818
C    0.250451081735    0.250441291464    0.050594620778
C    0.900588044430    0.100144179984    0.200165762259
C    0.799976990361   -0.000433621941    0.799976657030
C    0.100205419775    0.900581046533    0.200177581809
C    0.000049508271    0.199858460366    0.800499547064
C    0.900083287368    0.900094044580   -0.000091698528
C    0.800498203262    0.199856814856    0.000046784211
C    0.100663468784    0.200596382514    0.300537659305
C   -0.000385124752    0.799974137955    0.799981134260
C    0.300340025434    0.000534413088    0.300339026718
C    0.199891987906    0.000029381768    0.800459952176
C    0.300539614994    0.200594443470    0.100661365614
C    0.199891484509    0.800496446948    0.000024523337
C    0.950189633381    0.050054126910    0.950190447726
C    0.850578452235    0.149834939950    0.350088154845
C    0.050280213972    0.350365058896    0.350361755364
C    0.149871807033    0.850359944215    0.950110637975
C    0.850581757437    0.350064517779    0.149852745840
C    0.950107591187    0.850357019319    0.149873715289
C    0.050596724820    0.250442772430    0.250448916248
C    0.850530825065    0.050025775727    0.250013169284
C    0.850540453779    0.249994395434    0.050011722726
C    0.200168288626    0.100144728933    0.900587227846
C   -0.000092801503    0.900095342491    0.900084609991
C    0.200177058437    0.900580641691    0.100207039304
C    0.100651921475    0.300541314971    0.200551026102
C    0.300553637675    0.100728542772    0.200589102358
C    0.300301517579    0.300316661299    0.000486068461
C    0.950096413875    0.149870672750    0.850305192756
C    0.149872798956    0.950130012013    0.850317014369
C    0.950195421117    0.950232750302    0.050038800538
C    0.000403800177    0.200180423777    0.400386941812
C   -0.000226734424    0.900071202225    0.500108345602
C    0.099653153144    0.299940584226    0.600679558855
C    0.099481547217    0.800047944619    0.700107959383
C    0.400406837191    0.000443478739    0.200204760311
C    0.500101242563   -0.000251611043    0.900071192936
C    0.600633096385    0.099786289948    0.299954513023
C    0.700109822508    0.099448808009    0.800045143531
C    0.200154044450    0.400383274822    0.000404611165
C    0.900078522687    0.500110432036   -0.000253864349
C    0.299968901251    0.600619206723    0.099668137532
C    0.800049458369    0.700116856124    0.099480376770
C    0.349922141159    0.049657518170    0.750514071079
C    0.849975509798    0.049506367735    0.650106777979
C    0.249958200281    0.149989115297    0.550660497700
C    0.950335899248    0.149916547505    0.450302441625
C    0.149925929300    0.450314947979    0.950290847992
C    0.149764053515    0.550689832621    0.249906688890
C    0.049498432106    0.650145222533    0.849954588620
C    0.049636942283    0.750527942580    0.349943245980
C    0.550695170263    0.250000340878    0.149791201910
C    0.450299120783    0.950332587240    0.150008617085
C    0.750573973285    0.349915900231    0.049607068222
C    0.650108424784    0.849970865949    0.049539203352
C    0.049538131228    0.849976247532    0.650110311475
C    0.049609484476    0.349919585180    0.750576879662
C    0.150008964124    0.950336822238    0.450298374342
C    0.149792840102    0.250004770878    0.550695202771
C    0.650106350345    0.049505580870    0.849973611697
C    0.750516296669    0.049655283139    0.349921329063
C    0.450302921466    0.149913671557    0.950332449311
C    0.550661682677    0.149984908432    0.249956743536
C    0.849950141480    0.650141327571    0.049498995815
C    0.349940715741    0.750527058265    0.049638917989
C    0.950290254444    0.450313813539    0.149923961673
C    0.249905559974    0.550688600411    0.149764995734
C    0.900073647386   -0.000249387467    0.500101068806
C    0.200204834838    0.000447758297    0.400405160808
C    0.800047024320    0.099449773731    0.700109685400
C    0.299957152853    0.099789402590    0.600630974228
C    0.099667369245    0.600620904459    0.299969474228
C    0.099479824638    0.700122236226    0.800054075352
C    0.000407302072    0.400382598545    0.200152302657
C   -0.000254638904    0.500112256873    0.900081224379
C    0.700105145206    0.800041487218    0.099481627534
C    0.600679348203    0.299935448956    0.099650458355
C    0.500107814048    0.900067890000   -0.000226455329
C    0.400389156576    0.200176206858    0.000399786321
C    0.000026525564    0.299995643668    0.500377555251
C   -0.000305812347    0.800339422329    0.399933005751
C    0.099871604567    0.199893233772    0.700637822380
C    0.099660011915    0.900069078001    0.600250306980
C    0.400535405880    0.100501767605    0.300421860721
C    0.500059165150    0.099473601494    0.800358529992
C    0.600448369249    0.000008369994    0.199846625358
C    0.700126062015   -0.000357372118    0.899887454230
C    0.200109729548    0.500565228311    0.100094635482
C    0.900426740563    0.400184596791    0.099889686270
C    0.299835523399    0.700470715901   -0.000227558198
C    0.799986396839    0.600002785581   -0.000542333165
C    0.349957569282    0.149426930297    0.650846260610
C    0.850045614216    0.149563602087    0.750164012856
C    0.250198191448    0.050362538479    0.450464112763
C    0.950043650641    0.049759996596    0.550254080219
C    0.149528343369    0.550200350040    0.850219318786
C    0.149982677370    0.450574115854    0.350334771868
C    0.049737740154    0.750296458662    0.949929695632
C    0.049806268244    0.650558340379    0.249849587277
C    0.550472781141    0.349995829495    0.049758404903
C    0.450071985653    0.850319051168    0.049699745578
C    0.750725691224    0.249912660694    0.149806845640
C    0.650350698269    0.949984242252    0.149725972162
C    0.049766361481    0.949931017710    0.750261621985
C    0.049799705486    0.249854131434    0.650568240689
C    0.149590315665    0.850201581073    0.550171347732
C    0.149992923726    0.350354715149    0.450617656335
C    0.650344898874    0.149683452806    0.949997508225
C    0.750710556748    0.149824515223    0.249926704956
C    0.450069218385    0.049661553838    0.850301719394
C    0.550404800328    0.049929064233    0.349990020915
C    0.850051441462    0.750196119042    0.149557163054
C    0.349967338192    0.650803232940    0.149331952877
C    0.949987363563    0.550294559677    0.049746362891
C    0.250133592961    0.450483074400    0.050177012014
C    0.900424931001    0.099910870492    0.400189696462
C    0.200111515100    0.100190567393    0.500590461776
C    0.799980424265   -0.000551442524    0.599982396388
C    0.299831048325   -0.000196334259    0.700407587470
C    0.099869393423    0.700624728567    0.199901858232
C    0.099648394917    0.600258218005    0.900091456116
C    0.000028417056    0.500363180438    0.300012823042
C   -0.000322217059    0.399927135422    0.800336347578
C    0.700125796771    0.899871423729   -0.000318905402
C    0.600478285948    0.199814471876   -0.000043363702
C    0.500079219445    0.800341187168    0.099483828986
C    0.400553147325    0.300401085636    0.100320248813
C    0.100078353541    0.200108589476    0.500609256974
C    0.099955853403    0.900415410293    0.400220702384
C   -0.000211829928    0.299805345554    0.700474357429
C   -0.000532278015    0.799976547998    0.599989117210
C    0.500344635516    0.000119996578    0.300021313431
C    0.399929357487   -0.000319998811    0.800296956836
C    0.700619162260    0.099894563279    0.199893507375
C    0.600248207158    0.099624278577    0.900065025490
C    0.300411328037    0.400520303363    0.100319218344
C    0.800392660518    0.500081473115    0.099425045400
C    0.199851641850    0.600464261924   -0.000028354317
C    0.899901024804    0.700129578972   -0.000307231617
C    0.249858584595    0.049867254233    0.650537072785
C    0.949946522397    0.049745413322    0.750255957118
C    0.350317935369    0.150370536301    0.450543213198
C    0.850231144704    0.149532536746    0.550163555428
C    0.049667751755    0.450075785129    0.850326418500
C    0.049768708158    0.550423073207    0.350012893405
C    0.149672762548    0.650392952405    0.949982664224
C    0.149814706187    0.750693849949    0.249933382774
C    0.450487381029    0.250166796143    0.050216495114
C    0.550252623892    0.950021666295    0.049825234686
C    0.650954569498    0.349967587215    0.149248760190
C    0.750178863964    0.850039231171    0.149572756001
C    0.149572192106    0.850045974959    0.750181385578
C    0.149249493150    0.349972045174    0.650956665622
C    0.049825209877    0.950026525100    0.550252445272
C    0.050219298380    0.250171385232    0.450486105757
C    0.750255777958    0.049743412401    0.949944958325
C    0.650538797316    0.049862675639    0.249857834025
C    0.550163269285    0.149530252543    0.850226307019
C    0.450545404826    0.150368568580    0.350316331549
C    0.949979759474    0.650390284852    0.149673443564
C    0.249931330084    0.750693306714    0.149815769375
C    0.850322350289    0.450072924195    0.049666134017
C    0.350010530955    0.550420976119    0.049768770364
C    0.800298582589   -0.000321462538    0.399929048117
C    0.300023036780    0.000124910863    0.500342095890
C    0.900069091543    0.099627484160    0.600248346397
C    0.199894925723    0.099897924894    0.700618019787
C   -0.000030691856    0.600463526930    0.199852876655
C   -0.000309478702    0.700131938709    0.899904288352
C    0.100322387265    0.400521762101    0.300409779832
C    0.099426363898    0.500086139086    0.800396496071
C    0.599987353493    0.799972240074   -0.000532272340
C    0.700470971483    0.299802011865   -0.000215694973
C    0.400219859882    0.900412459078    0.099956964873
C    0.500611249995    0.200102390821    0.100075100623
C    0.100323525981    0.300405457910    0.400551321367
C    0.099483270423    0.800345567765    0.500081215805
C   -0.000038859549    0.199818790327    0.600478488452
C   -0.000318817390    0.899876008678    0.700126702248
C    0.500593380124    0.100184939371    0.200108902618
C    0.400191230180    0.099909198253    0.900421552010
C    0.700408573535   -0.000200984877    0.299830318177
C    0.599982519090   -0.000552026209    0.799978113303
C    0.300013054071    0.500363146953    0.000027106342
C    0.800332511053    0.399924582369   -0.000324291938
C    0.199900903744    0.700624177502    0.099870596784
C    0.900087333858    0.600254204568    0.099649631063
C    0.249928106632    0.149826208336    0.750709364238
C    0.950001090052    0.149686110733    0.650345754533
C    0.349991865659    0.049932758776    0.550401671095
C    0.850304303773    0.049662308150    0.450069115289
C    0.049745212874    0.550296096215    0.949990137033
C    0.050178394451    0.450483818081    0.250131838082
C    0.149555665119    0.750202206556    0.850055654084
C    0.149330686564    0.650806017624    0.349969516165
C    0.450617924426    0.350349563630    0.149993139417
C    0.550169551259    0.850195629910    0.149590769626
C    0.650567406257    0.249850147735    0.049796490469
C    0.750261054895    0.949927258070    0.049766710460
C    0.149725643061    0.949990265417    0.650350603697
C    0.149808469676    0.249915721710    0.750727472681
C    0.049699377417    0.850322068827    0.450073754462
C    0.049763194908    0.350001963888    0.550474522168
C    0.750163906687    0.149562508653    0.850043496543
C    0.650849577567    0.149424509635    0.349956422433
C    0.550253933918    0.049757015985    0.950041209624
C    0.450466250173    0.050358393873    0.250197306601
C    0.949926913869    0.750294733116    0.049739683947
C    0.249847681900    0.650557500799    0.049807843872
C    0.850215014341    0.550195465966    0.149527373237
C    0.350333969256    0.450571229602    0.149983531624
C    0.800363079255    0.099474135191    0.500058410620
C    0.300424608269    0.100503670590    0.400532827740
C    0.899888833642   -0.000354468977    0.700126391020
C    0.199848048997    0.000015335828    0.600446776217
C   -0.000229888081    0.700470184765    0.299837408079
C   -0.000542788272    0.600006242778    0.799990302460
C    0.100096283789    0.500565682873    0.200108629833
C    0.099891372115    0.400187048285    0.900428267481
C    0.600250253813    0.900062328530    0.099660370429
C    0.700637343429    0.199889542253    0.099869210516
C    0.399931249623    0.800338564722   -0.000304616269
C    0.500377010244    0.299990016647    0.000020601709
C    0.000066094077    0.400197310122    0.400208646272
C   -0.000576518832    0.700168728054    0.499915132470
C    0.099304757423    0.500132485122    0.600370004944
C    0.099274192273    0.600089154836    0.700197983537
C    0.400200292691    0.000174882243    0.400197149914
C    0.499916617198   -0.000563870952    0.700123279302
C    0.600351129491    0.099413992200    0.500124626968
C    0.700183512628    0.099307510323    0.600065252688
C    0.400208032718    0.400193368420    0.000060861110
C    0.700146067741    0.499932190275   -0.000581669312
C    0.500130416639    0.600340084937    0.099317505044
C    0.600074058454    0.700172555320    0.099289955111
C    0.549988895378    0.049402767887    0.750120229854
C    0.650009732668    0.049332040959    0.650008007060
C    0.450150894244    0.149600570289    0.550499662816
C    0.750587054785    0.149384363414    0.450036845030
C    0.149315656034    0.450050037124    0.750653923157
C    0.149355495008    0.550482331430    0.450230561666
C    0.049309454194    0.650054698759    0.650046587193
C    0.049401448930    0.750164605884    0.550010412015
C    0.550613433691    0.450143303954    0.149327725359
C    0.450051494327    0.750564288079    0.149358177890
C    0.750158899071    0.550014106536    0.049386036193
C    0.650042268564    0.650049358811    0.049309311493
C    0.049386826404    0.550018572200    0.750164385056
C    0.149357597657    0.750568805631    0.450054349516
C    0.149328543939    0.450150239283    0.550616269932
C    0.750123120187    0.049402860985    0.549988055421
C    0.450037420474    0.149383501707    0.750583132508
C    0.550503385406    0.149599526303    0.450148166993
C    0.550007360261    0.750159394655    0.049401634564
C    0.750649615479    0.450045330305    0.149315103996
C    0.450227857030    0.550477324925    0.149356129534
C    0.700125014378   -0.000565146419    0.499915702215
C    0.600066401357    0.099307036042    0.700181012728
C    0.500125716785    0.099414434207    0.600348632394
C    0.099318420459    0.600343667801    0.500133455701
C    0.099290002497    0.700178294716    0.600077548312
C   -0.000579478610    0.499935809296    0.700150786350
C    0.700193291956    0.600083984044    0.099273344349
C    0.600366810995    0.500127354880    0.099302275590
C    0.499912509913    0.700166450662   -0.000576582785
C   -0.000405286560    0.500099326538    0.500109014550
C   -0.000373818589    0.600304132651    0.399927832577
C    0.099351908607    0.399956523066    0.700687888717
C    0.400224429796    0.099935118521    0.500449525768
C    0.600242375526   -0.000304656776    0.399916147200
C    0.699949644004   -0.000639936033    0.699948960522
C    0.400240075592    0.500432447049    0.099699418570
C    0.700684943007    0.399951661018    0.099349332917
C    0.599998792356    0.600023695874   -0.000658918677
C    0.550120294893    0.149294868762    0.650336478304
C    0.650096207304    0.149376467882    0.750126277269
C    0.450202430101    0.049991776799    0.450199368848
C    0.149189830229    0.550117276063    0.650401779206
C    0.049434173201    0.750024370158    0.750001952383
C    0.049441347848    0.650328546763    0.449988956881
C    0.550165476892    0.550115685221    0.049378733275
C    0.449986124941    0.650324799729    0.049442036882
C    0.650106069269    0.750101017255    0.149380919836
C    0.049427200086    0.449957288645    0.650390324818
C    0.149200563710    0.650325872363    0.550161106375
C    0.449930088475    0.049520726630    0.650291923064
C    0.550077111958    0.049491898896    0.550074080956
C    0.550157418206    0.650319778803    0.149200716272
C    0.450265884804    0.450220909272    0.049773325164
C    0.700642149712    0.099432862777    0.399947610381
C    0.599997406748   -0.000637366370    0.599996167856
C    0.099414203531    0.700618270022    0.399964349536
C   -0.000360373831    0.399908003405    0.600308670103
C    0.699950953170    0.699952963260   -0.000622696826
C    0.600304828996    0.399903475055   -0.000365594012
C    0.099699254504    0.400193738612    0.500498633786
C   -0.000657822805    0.600026757069    0.600002245283
C    0.500071068164   -0.000322054322    0.500068232872
C    0.399918266826   -0.000301358009    0.600240262627
C    0.500497804425    0.400188649156    0.099695697824
C    0.399925824510    0.600302789655   -0.000374425678
C    0.750004300841    0.049431996503    0.750003898190
C    0.650339539172    0.149295048695    0.550119035892
C    0.049380348352    0.550122207180    0.550169923567
C    0.149361594457    0.650113988653    0.750135748686
C    0.650397472819    0.550111009925    0.149189324964
C    0.750130591589    0.650107219898    0.149361784984
C    0.049776807814    0.450226165887    0.450268247138
C    0.650295779003    0.049519111518    0.449928363195
C    0.650385998402    0.449951074446    0.049424185455
C    0.399949073855    0.099434581377    0.700639245458
C   -0.000623119352    0.699956525607    0.699954065920
C    0.399962537542    0.700616043422    0.099414704649
C    0.099701148148    0.500435864230    0.400241114505
C    0.500452554954    0.099934142915    0.400221523505
C    0.500105772114    0.500095101444   -0.000409642838
C    0.750129535526    0.149377183574    0.650095157028
C    0.149380718269    0.750108655118    0.650109957043
C    0.749998287718    0.750019564794    0.049434536383
C    0.200706238056    0.200738410519    0.200704019379
C    0.800172312040    0.899974392453    0.299749242370
C    0.900011838402    0.299705489331    0.800253928518
C    0.299746329249    0.800245219332    0.899957785173
C    0.350251940316    0.250095961271    0.950473867895
C    0.849749154016    0.849778093772    0.849751016098
C    0.250167042158    0.950496745340    0.350257437040
C    0.950459927478    0.350235812282    0.250118596686
C    0.250121862534    0.350235119224    0.950458382540
C    0.350258467753    0.950495159859    0.250166319082
C    0.950476938332    0.250098261244    0.350250012812
C    0.899954879084    0.800241401235    0.299747564083
C    0.800252163006    0.299704297490    0.900010389923
C    0.299749323390    0.899978938419    0.800173545305
C    0.201113761630    0.300994509082    0.300970217812
C    0.800102564149    0.800131223230    0.199575457483
C    0.900286831455    0.199840303622    0.900286095861
C    0.349895206419    0.349904186919    0.850410910796
C    0.850088529543    0.949906625118    0.949912621764
C    0.250000856093    0.850635095430    0.250002250383
C    0.250003518500    0.249975212814    0.850660015061
C    0.349928752753    0.850318116626    0.349929288656
C    0.900240841415    0.900262488213    0.199883892151
C    0.800153970449    0.199530005091    0.800153312131
C    0.301015798581    0.201305306618    0.301013009076
C    0.199574868288    0.800137391639    0.800105608033
C    0.949905150387    0.850104852732    0.949906236443
C    0.850413993310    0.349903226296    0.349894612778
C    0.850660442052    0.249974794535    0.250001634147
C    0.199883402454    0.900264980421    0.900241878264
C    0.300972839270    0.300994603012    0.201110499022
C    0.949912103093    0.949907933934    0.850089153825
C    0.200650044159    0.200738446045    0.400764176320
C    0.799819510708    0.899581483079    0.499805816015
C    0.899958244872    0.299668122615    0.600221461932
C    0.299500491101    0.799930002806    0.700032161100
C    0.400768115461    0.200734778983    0.200646277766
C    0.499801670015    0.799868075454    0.899570059784
C    0.600162085834    0.899918563153    0.299694842835
C    0.700117003799    0.299461595107    0.800024498646
C    0.200624900440    0.400685174305    0.200622730233
C    0.899584824652    0.499814196725    0.799849015965
C    0.299683528737    0.600217057052    0.899942808213
C    0.799966807677    0.700062641445    0.299494884149
C    0.349870200360    0.249660495724    0.750681710799
C    0.849572187000    0.849610779589    0.649764859245
C    0.249838663591    0.950079547136    0.550304786647
C    0.950100729889    0.349981686693    0.450176652545
C    0.349986110287    0.450168959807    0.950091627589
C    0.950048056081    0.550333315369    0.249779698790
C    0.849571629681    0.649832491122    0.849574682128
C    0.249648062479    0.750584944212    0.349875470083
C    0.550316122987    0.249783287929    0.950059878649
C    0.450174169817    0.950136683748    0.350013574777
C    0.750698685320    0.349869671184    0.249633647761
C    0.649762857341    0.849609554633    0.849573633465
C    0.249633984527    0.349873324458    0.750699959148
C    0.350014901539    0.950139079291    0.450171984716
C    0.950065673375    0.249787744456    0.550316913055
C    0.750683877935    0.249659471492    0.349869416912
C    0.450176376841    0.349978038495    0.950095665929
C    0.550306178161    0.950073567569    0.249838655978
C    0.349873581842    0.750583866964    0.249648978662
C    0.950094197191    0.450169948102    0.349985969940
C    0.249779645017    0.550335554089    0.950049146168
C    0.899569286751    0.799868291528    0.499802813409
C    0.800027286023    0.299462186531    0.700117411503
C    0.299695157681    0.899925193449    0.600161373699
C    0.899940815580    0.600213481564    0.299685015847
C    0.299494229708    0.700068522605    0.799969647089
C    0.799845924114    0.499812947332    0.899585071400
C    0.700030322120    0.799923067973    0.299501184692
C    0.600219287257    0.299664444590    0.899952499572
C    0.499805470016    0.899582385842    0.799819841716
C    0.199747267619    0.300169651944    0.500980563690
C    0.799771862472    0.799810759157    0.399618496929
C    0.900021437016    0.199611164678    0.700325758870
C    0.402001262018    0.302205372282    0.301966674137
C    0.600142102867    0.800130872892    0.199462015057
C    0.700324507415    0.199608884510    0.900018025758
C    0.199775797001    0.500806706532    0.300169557890
C    0.899996153289    0.399911340731    0.899997660963
C    0.800204676893    0.600147610832    0.199432792222
C    0.349542451327    0.349645102791    0.650727946766
C    0.849809682389    0.949597031363    0.749948045706
C    0.249757378977    0.850303405540    0.450083251780
C    0.349623167391    0.550009268121    0.849983315098
C    0.849790681265    0.749980027860    0.949578416479
C    0.249730500516    0.650824353610    0.249731592242
C    0.549986476994    0.349635852369    0.849972277824
C    0.450082497119    0.850298509518    0.249757825503
C    0.650116522371    0.949737098460    0.949755584118
C    0.249725515876    0.249778007728    0.650911773518
C    0.349656766755    0.849878345086    0.549978738422
C    0.450074211681    0.249697320053    0.850374089390
C    0.549977917355    0.849871918173    0.349656856048
C    0.349605579596    0.650430350197    0.349607703389
C    0.249696031054    0.450097016703    0.850368764010
C    0.899979573590    0.899999647363    0.399924073014
C    0.800194390336    0.199444649587    0.600149385411
C    0.900000431234    0.700315547591    0.199654422657
C    0.799853763530    0.399587588416    0.799854235949
C    0.700273692521    0.900010275921    0.199649512381
C    0.600149772814    0.199442579315    0.800190220044
C    0.300166260135    0.200001409882    0.500914640082
C    0.199461764965    0.800138722059    0.600144316485
C    0.500918135201    0.199997700561    0.300162407406
C    0.399618354772    0.799814477261    0.799772809743
C    0.301868176979    0.401670421571    0.301865719315
C    0.199432419425    0.600153443565    0.800209651484
C    0.949592697156    0.849825506577    0.749945326947
C    0.849978851346    0.349637765173    0.549988298138
C    0.849982027913    0.550004819948    0.349625311978
C    0.949709934113    0.650159454884    0.949713386327
C    0.650727551595    0.349641354853    0.349542800237
C    0.749943532577    0.849823201341    0.949594452388
C    0.850379651313    0.249698896992    0.450074393366
C    0.650911680927    0.249774168458    0.249724461260
C    0.850367129488    0.450093402504    0.249694842983
C    0.199649525536    0.900017211353    0.700274688020
C    0.199653202458    0.700320113665    0.900005041658
C    0.399923764958    0.900000405418    0.899980089168
C    0.301971632590    0.302208657258    0.401995432948
C    0.500983011606    0.300164625406    0.199744705557
C    0.300170624579    0.500805514907    0.199775326375
C    0.949755601445    0.949739991101    0.650116942973
C    0.949575993357    0.749981547877    0.849793726657
C    0.749947602600    0.949596365710    0.849810167636
C    0.199857819440    0.199924822950    0.600734486023
C    0.799754694939    0.899504669751    0.699841335877
C    0.900344119468    0.299951094680    0.400102662036
C    0.299595877926    0.800069321603    0.500010189557
C    0.600735964333    0.199919951773    0.199855007299
C    0.699841570928    0.799727080602    0.899540839689
C    0.400149746223    0.900294674963    0.299981280586
C    0.499988212568    0.299578539441    0.800230468765
C    0.199871982768    0.600666759111    0.199872015150
C    0.899541622084    0.699830288911    0.799757660329
C    0.299913411761    0.400127114885    0.900348473924
C    0.800244937123    0.499999696283    0.299528729903
C    0.349945697417    0.248969777764    0.551533858534
C    0.849776974968    0.849795664654    0.449737379294
C    0.249750773175    0.949938000618    0.750338879111
C    0.949743339295    0.349754188279    0.650266760277
C    0.349760259815    0.650246188722    0.949759372351
C    0.949930742429    0.750374927773    0.249752430364
C    0.849803996858    0.449766050448    0.849805457912
C    0.248643911030    0.551479192352    0.349873477596
C    0.750348649732    0.249743994030    0.949910566702
C    0.650209675876    0.949766311266    0.349743350405
C    0.551793644954    0.350027823950    0.248500300351
C    0.449736251458    0.849797406277    0.849777741506
C    0.248499959492    0.350030365442    0.551794058629
C    0.349744253247    0.949771731468    0.650208031961
C    0.949913771785    0.249746264526    0.750350266116
C    0.551537172374    0.248964702557    0.349948465370
C    0.650264592801    0.349749517562    0.949738151778
C    0.750337932021    0.949932061390    0.249750820299
C    0.349869978110    0.551475354416    0.248647350910
C    0.949757299698    0.650244367631    0.349762542345
C    0.249751038174    0.750378842056    0.949934514109
C    0.899540759985    0.799729358427    0.699842785679
C    0.800237086340    0.299579507019    0.499988728065
C    0.299980854051    0.900297463016    0.400149440843
C    0.900350275455    0.400125435512    0.299912667676
C    0.299527996089    0.500004697823    0.800246329928
C    0.799755557777    0.699828920144    0.899542400615
C    0.500008850044    0.800062810801    0.299597790246
C    0.400103629955    0.299949439166    0.900337870197
C    0.699841631705    0.899504026387    0.799753938936
C    0.199604599903    0.299889214979    0.700811258605
C    0.799528393099    0.799544282478    0.599684519889
C    0.900247319823    0.199757816084    0.500239271662
C    0.601121197770    0.299646254279    0.299481582066
C    0.400070250930    0.800476784015    0.199705652400
C    0.500239739050    0.199754296474    0.900241368258
C    0.199659154126    0.700706192977    0.299880138105
C    0.899714887654    0.599972899891    0.899717338750
C    0.800577284757    0.400044645217    0.199613146351
C    0.349484656940    0.350713682495    0.456209349662
C    0.849856192799    0.949595646510    0.549928356626
C    0.249552408276    0.849992372656    0.650154710999
C    0.349599837353    0.750030845988    0.849846478703
C    0.849863484589    0.549970140889    0.949592301805
C    0.250315540173    0.451034242104    0.250318228098
C    0.750022353889    0.349614643968    0.849830051008
C    0.650152323689    0.849983850074    0.249553269223
C    0.450077492862    0.949999944325    0.950016420207
C    0.250533569784    0.250825411948    0.450897359721
C    0.349594832213    0.849829139116    0.750001474128
C    0.650145794838    0.249536064100    0.850028054235
C    0.749999677579    0.849822431896    0.349595484966
C    0.348686695710    0.456441961683    0.348702781682
C    0.249521350399    0.650188938352    0.850047373787
C    0.899714121798    0.899693619585    0.599962835758
C    0.800561864424    0.199675480790    0.400013668993
C    0.900262611868    0.500246620647    0.199735521427
C    0.799540526990    0.599688463634    0.799542056507
C    0.500257580020    0.900226061135    0.199790780722
C    0.400014649538    0.199675599967    0.800557108797
C    0.299844296334    0.199679455075    0.700797611231
C    0.199703697935    0.800480001374    0.400072060782
C    0.700799572227    0.199676866533    0.299842918586
C    0.599684395527    0.799544487608    0.799529199641
C    0.299580487357    0.600847579410    0.299582380834
C    0.199614766353    0.400049777025    0.800579039052
C    0.949605850535    0.849891335406    0.549933952287
C    0.849832386080    0.349615837321    0.750023083225
C    0.849843101428    0.750024827443    0.349601162113
C    0.950000926882    0.450088497820    0.950002607449
C    0.456208811844    0.350715250607    0.349504352197
C    0.549932325735    0.849888843655    0.949606417607
C    0.850032570428    0.249537792979    0.650145956991
C    0.450896418820    0.250822457216    0.250534605444
C    0.850043397915    0.650181895876    0.249522226939
C    0.199789958318    0.900232629177    0.500257105453
C    0.199735279955    0.500250349878    0.900264941785
C    0.599962553814    0.899691470093    0.899713505896
C    0.299483571983    0.299651395683    0.601119135871
C    0.700811171275    0.299884570767    0.199602743217
C    0.299877941798    0.700705409347    0.199660652298
C    0.950017103261    0.950001941298    0.450077716121
C    0.949591198617    0.549971994295    0.849867228854
C    0.549927962859    0.949595108405    0.849855730091
C    0.199960404731    0.199949643594    0.800691636144
C    0.799959121466    0.899767114648    0.899800550987
C    0.900593656888    0.300159148359    0.200054168030
C    0.299922146908    0.800504840214    0.299924142782
C    0.800691939785    0.199946834896    0.199958222031
C    0.899806215464    0.799946781843    0.899807427173
C    0.200128449354    0.900566788805    0.300223444765
C    0.299835682413    0.299883880347    0.800622602456
C    0.199988555550    0.800667874170    0.199990053340
C    0.899800449126    0.899768636888    0.799959666963
C    0.300168648486    0.200065275745    0.900590750538
C    0.800624899292    0.299881086291    0.299834321279
C    0.351320103079    0.251909993631    0.351318404141
C    0.850110678266    0.850132105816    0.249707955847
C    0.250037637146    0.950309308379    0.950282645936
C    0.949920099121    0.349889514312    0.850254211579
C    0.349899649532    0.850252664151    0.949925846286
C    0.950281523561    0.950308481654    0.250038449125
C    0.850098479101    0.249710201296    0.850098003166
C    0.251279754437    0.351374940810    0.351286913381
C    0.950282687699    0.250025885690    0.950282772890
C    0.850223135228    0.949930115369    0.349893511163
C    0.351287156897    0.351372913237    0.251283379152
C    0.249706663898    0.850137859080    0.850113659039
C    0.349893733566    0.949932719483    0.850223223828
C    0.850252332762    0.349888016451    0.949919299025
C    0.949923603453    0.850251087783    0.349901112170
C    0.300222516766    0.900565563965    0.200130132965
C    0.900593413150    0.200065969431    0.300165353781
C    0.200057233750    0.300160616510    0.900593211820
C    0.799685248371    0.799646072642    0.799685903997
C    0.250832010156    0.250967345277    0.250830546673
C    0.200166846803    0.400639478125    0.400731026606
C    0.799474257256    0.699621497349    0.499554303180
C    0.899544839110    0.499764100818    0.599883070538
C    0.299305323807    0.600001470609    0.700213580277
C    0.400695879020    0.200548286932    0.400692281277
C    0.499558034495    0.799447139415    0.699577416079
C    0.599833166959    0.899499240745    0.499741536532
C    0.700235735126    0.299311760837    0.600090912757
C    0.400732511887    0.400636556595    0.200165264669
C    0.699637222447    0.499553309533    0.799520905659
C    0.499749378061    0.599902144398    0.899526518546
C    0.600042710275    0.700007755315    0.299339437900
C    0.550029029186    0.249380948744    0.750329159063
C    0.649595775137    0.849384884998    0.649596041369
C    0.449850760414    0.949701220690    0.550016321023
C    0.750304854061    0.349566865134    0.449760757484
C    0.349502908886    0.449812016575    0.750307349452
C    0.949664954945    0.550051122672    0.449900300189
C    0.849391230687    0.649652535069    0.649633527334
C    0.249367069909    0.750215288070    0.550047498044
C    0.550087164986    0.449871624141    0.949654091738
C    0.449775597792    0.750059540224    0.349549567368
C    0.750351525652    0.550060855927    0.249322190625
C    0.649630366219    0.649651681975    0.849391916688
C    0.249321195337    0.550067152361    0.750355797352
C    0.349547231011    0.750063068250    0.449778623245
C    0.949658279531    0.449875956340    0.550090599714
C    0.750333909056    0.249381821366    0.550029277115
C    0.449759238172    0.349567708347    0.750300029645
C    0.550019207795    0.949698807174    0.449848435755
C    0.550043723002    0.750207394919    0.249368272111
C    0.750307809494    0.449807803994    0.349504485816
C    0.449897118923    0.550049731384    0.949663167786
C    0.699576587174    0.799445087914    0.499559074263
C    0.600092907860    0.299312118118    0.700232152857
C    0.499742041143    0.899501001134    0.599832920286
C    0.899527957214    0.599902519598    0.499752608822
C    0.299338879818    0.700014770094    0.600044898425
C    0.799521599597    0.499553442748    0.699638665719
C    0.700211270115    0.599996047134    0.299305500203
C    0.599878808245    0.499762062791    0.899542350497
C    0.499553413129    0.699623864190    0.799474793072
C    0.199273340449    0.500362130937    0.500458079871
C    0.799786878493    0.599828173763    0.399514952061
C    0.899713119074    0.399685866778    0.700076992279
C    0.399618421671    0.298712998795    0.502508032597
C    0.599801872863    0.799633445727    0.399536092727
C    0.700125837960    0.199345596284    0.700124121786
C    0.399980256388    0.502149663061    0.298413664718
C    0.700073060088    0.399684070590    0.899709924460
C    0.600276523401    0.600222472430    0.199087552060
C    0.549826805624    0.349196250476    0.650222783803
C    0.649821228815    0.949418666546    0.749791136405
C    0.449800643130    0.849821017883    0.449800800461
C    0.349016818084    0.549835501408    0.650258575619
C    0.849485151972    0.749702940853    0.749638397003
C    0.248829703150    0.650908581929    0.450056922114
C    0.549699324655    0.549680132884    0.849513880042
C    0.450052019097    0.650903876369    0.248831783033
C    0.649833302542    0.749853822369    0.949412503553
C    0.248715201271    0.450068980694    0.651188448571
C    0.349081480673    0.649999956303    0.549838681966
C    0.449984719949    0.248978419918    0.651028431566
C    0.549660376082    0.849461800544    0.549660386607
C    0.549833792457    0.649995848499    0.349084271256
C    0.449791911504    0.449804103192    0.849940273792
C    0.699990319032    0.899661097528    0.399702106641
C    0.600267050770    0.199177322830    0.600265301885
C    0.899666645195    0.700084295676    0.399699146551
C    0.799826923644    0.399515068699    0.599868203959
C    0.700108362091    0.700080765190    0.199352788329
C    0.599866415438    0.399515394024    0.799822136684
C    0.298055723598    0.399540799456    0.502849351919
C    0.199088373521    0.600228048155    0.600279699210
C    0.500392736907    0.199567465268    0.500390356160
C    0.399534292930    0.799638570477    0.599802958801
C    0.502853258725    0.399531740410    0.298051864999
C    0.399513016767    0.599832148833    0.799787545025
C    0.749632628169    0.849527005883    0.749634478975
C    0.650223238240    0.349195550094    0.549827767319
C    0.849514901069    0.549680657692    0.549702006089
C    0.949406866070    0.649889309316    0.749810727881
C    0.650255448608    0.549831407464    0.349019321102
C    0.749805899319    0.649886141987    0.949407594124
C    0.849944569006    0.449804010029    0.449794324755
C    0.651031188329    0.248977178909    0.449984967102
C    0.651184789023    0.450063209270    0.248716595005
C    0.399702595319    0.899665209678    0.699990659502
C    0.199352529292    0.700087678083    0.700112777328
C    0.399698074596    0.700086255524    0.899667875001
C    0.298411325376    0.502152544896    0.399975906586
C    0.502514218356    0.298706099496    0.399606067631
C    0.500456414394    0.500357290657    0.199272424031
C    0.749791073860    0.949418619040    0.649821912827
C    0.949411743813    0.749856966592    0.649836901646
C    0.749635515805    0.749702054707    0.849487101426
C    0.198816839549    0.399939510800    0.601285868433
C    0.799448065907    0.699592163505    0.699587909311
C    0.899909715032    0.500019575779    0.399826449690
C    0.298460727554    0.601035842280    0.500051519018
C    0.601168680631    0.199092109206    0.399943541297
C    0.699587206973    0.799444189681    0.699587029085
C    0.399826927584    0.899859412772    0.499984740481
C    0.500126400879    0.298526578301    0.601349736051
C    0.400013276644    0.601022389132    0.198969186175
C    0.699586668572    0.699591940518    0.799448530401
C    0.500014090269    0.399828914720    0.899909994286
C    0.601499789058    0.499972034747    0.298206376288
C    0.550416546921    0.249154101839    0.550414553345
C    0.649795316104    0.849549141814    0.449594175555
C    0.449781505951    0.949586130527    0.750040459381
C    0.749905474250    0.349434333190    0.649889610036
C    0.349389303108    0.649898042000    0.749929030500
C    0.949575975108    0.750091578176    0.449812363769
C    0.849596498840    0.449615653263    0.649847917986
C    0.248877993363    0.550356530121    0.550520358667
C    0.750108622457    0.449811659040    0.949573631416
C    0.649888863747    0.749806096213    0.349409541149
C    0.550517039048    0.550350089702    0.248879510521
C    0.449611716499    0.649822259655    0.849601366251
C    0.849600060926    0.649818958807    0.449614023695
C    0.349407573654    0.749814133513    0.649892055562
C    0.949575126498    0.449814794265    0.750112683906
C    0.449594170958    0.849553629336    0.649795393770
C    0.649889523990    0.349433759483    0.749902558604
C    0.750041553301    0.949583223590    0.449780665802
C    0.649845720824    0.449614347919    0.849593971706
C    0.749925363065    0.649891079653    0.349391867752
C    0.449810580549    0.750091169380    0.949577332644
C    0.399947522079    0.199095555838    0.601165089671
C    0.601353485275    0.298522971299    0.500123063022
C    0.499985796905    0.899856173690    0.399825694221
C    0.899915872321    0.399832052946    0.500016253365
C    0.298205902046    0.499974251594    0.601501095033
C    0.198967377968    0.601025194878    0.400013970802
C    0.500053454760    0.601030494326    0.298463615320
C    0.399823847967    0.500019927181    0.899906748662
C    0.601285357144    0.399933761787    0.198814906347
C    0.199046442323    0.500035136797    0.700755823884
C    0.799405382808    0.599555115654    0.599551236410
C    0.299495924641    0.700398433734    0.399851780671
C    0.699760984787    0.899388861468    0.599762737562
C    0.399797580736    0.800002990468    0.399799261251
C    0.500030878050    0.199197274777    0.700664526219
C    0.399848815473    0.700396101259    0.299498607147
C    0.699767676554    0.599776718394    0.899396077914
C    0.499637105792    0.499635453444    0.799723389993
C    0.551585250251    0.347849264576    0.450020434285
C    0.649870033734    0.949430612830    0.549776027782
C    0.750036503771    0.249464659829    0.750034446468
C    0.949409623564    0.649936633511    0.549837284497
C    0.849486569676    0.549687730166    0.749680823242
C    0.249425488080    0.450392993854    0.450701464489
C    0.749678443540    0.549686637471    0.849487272706
C    0.650145128433    0.650074586718    0.249264877014
C    0.551941523837    0.450462086536    0.347149146201
C    0.849473345098    0.749674838893    0.549651072048
C    0.949409650513    0.549840761940    0.649948866265
C    0.650126513555    0.249334421299    0.650125064304
C    0.749634822175    0.849474586479    0.549633358185
C    0.649944360873    0.549836526372    0.949408574020
C    0.750055460286    0.750032620181    0.249446144387
C    0.399771195242    0.299523930182    0.700642453295
C    0.499631640433    0.799519335736    0.499633123475
C    0.299386839580    0.399858449089    0.700674804841
C    0.199150541566    0.700577233900    0.500045847419
C    0.500043704933    0.700571099720    0.199151659862
C    0.399733995472    0.399777940609    0.800228249094
C    0.899389404459    0.699794597195    0.599759037577
C    0.799727522281    0.499634011215    0.499639440034
C    0.700668855932    0.199196192078    0.500029717419
C    0.599531514430    0.799332400110    0.599532712085
C    0.599757075166    0.699793704953    0.899389994759
C    0.700752269335    0.500029836400    0.199045900637
C    0.450473053561    0.250070036106    0.450468981617
C    0.549777505350    0.949431465783    0.649868440096
C    0.249264045799    0.650082072278    0.650149497443
C    0.347481526549    0.551294525800    0.450390658666
C    0.450377694297    0.551287630678    0.347488515643
C    0.549833829186    0.649933386764    0.949409844284
C    0.249444583881    0.750041578977    0.750059498300
C    0.549632384601    0.849475743755    0.749634930349
C    0.549649007185    0.749674947436    0.849474373838
C    0.700646347213    0.299520943017    0.399770861589
C    0.800233060946    0.399776169571    0.399735421218
C    0.700675225635    0.399852887793    0.299386799844
C    0.899395651259    0.599778357942    0.699770940753
C    0.599762925566    0.899389106948    0.699760982561
C    0.599549638978    0.599555996441    0.799405023057
C    0.450015161112    0.347852287125    0.551583773060
C    0.347144059732    0.450470703527    0.551946843729
C    0.450700897516    0.450387025689    0.249429104039
C    0.599331985535    0.699107383264    0.499333725420
C    0.699384299050    0.499295560093    0.599388974886
C    0.499329942613    0.599277864097    0.699339841061
C    0.549588759653    0.449478183539    0.749679844682
C    0.649294825127    0.649257790423    0.649295426966
C    0.449464135417    0.749495301004    0.549578124193
C    0.749681942987    0.549593877882    0.449449787652
C    0.449446665485    0.549597418277    0.749682346619
C    0.549574936806    0.749492305778    0.449466579221
C    0.749682769281    0.449477438521    0.549590720704
C    0.699340387485    0.599275225687    0.499331176918
C    0.599388849287    0.499296895347    0.699382352840
C    0.499332059394    0.699108821120    0.599332830610
C    0.393786815630    0.499286407954    0.500492569546
C    0.599467605385    0.599173451183    0.399101789131
C    0.699774218541    0.399343654693    0.699772111501
C    0.549026321940    0.549003329037    0.648889743270
C    0.649518750517    0.749469066005    0.749450264010
C    0.449302445187    0.649448840983    0.449306547456
C    0.449265280353    0.449365146504    0.649835749696
C    0.548984166633    0.648691732404    0.548986639499
C    0.699676849556    0.699591611427    0.399400766291
C    0.599680853666    0.398967112496    0.599678426310
C    0.501308421542    0.393558380992    0.501293453585
C    0.399102837223    0.599175880122    0.599466404485
C    0.749463037963    0.649560344423    0.749464545074
C    0.648886429808    0.549002195893    0.549027602755
C    0.649833780797    0.449361941762    0.449267684698
C    0.399399766744    0.699596567992    0.699677924410
C    0.500510905204    0.499288838266    0.393787551293
C    0.749449197259    0.749468688538    0.649520275964
C    0.399296311606    0.399615573252    0.600570557261
C    0.599441484921    0.699358785780    0.699379134485
C    0.700011094628    0.499646693528    0.399383124258
C    0.498678322604    0.598089500295    0.498679940094
C    0.600572511717    0.399609890791    0.399296685034
C    0.699401168097    0.599436495038    0.699401113581
C    0.399453987943    0.699627877487    0.499683929868
C    0.498709167273    0.498627406203    0.598715188027
C    0.399524373656    0.599928868826    0.399528751379
C    0.699378682718    0.699358008135    0.599442623923
C    0.499664928851    0.399430004432    0.700016563906
C    0.598717356142    0.498624789848    0.498709471821
C    0.548126553535    0.448330315402    0.548130024141
C    0.649351420795    0.649259265318    0.449234925928
C    0.449507110504    0.749586865904    0.749609032645
C    0.749349507825    0.549456204902    0.649448157051
C    0.549461173441    0.649403346867    0.749338861924
C    0.749607426224    0.749582178800    0.449509154498
C    0.649374386979    0.449313197579    0.649374975582
C    0.447996083763    0.547794806733    0.548031421647
C    0.749621871864    0.449533247627    0.749621458428
C    0.649408862046    0.749266458168    0.549447034630
C    0.548025941968    0.547791870905    0.448001429333
C    0.449231895424    0.649263126608    0.649354802128
C    0.549445785732    0.749268148161    0.649409914782
C    0.649447686990    0.549456359586    0.749349279819
C    0.749337585077    0.649401633423    0.549462452770
C    0.499681919654    0.699625198763    0.399456281983
C    0.700020552753    0.399427588957    0.499664975578
C    0.399381569932    0.499651131741    0.700009768353
C    0.599168384635    0.599029091686    0.599169239195
Si    0.424996891553    0.425000763597    0.424997777671
