&CONTROL
calculation = 'scf'
restart_mode = 'from_scratch'
verbosity = 'high'
wf_collect = .true.
pseudo_dir='/home/jinyuchem/program/QE/pseudo-potential'
tprnfor = .true.
/
&SYSTEM
ibrav = 0
ecutwfc = 60
tot_charge = -1
nspin = 2
tot_magnetization = 2.0
nbnd = 456
nat = 215
ntyp = 2
input_dft = 'PBE0'
exx_fraction = 0.18
ecutfock = 120
/
&ELECTRONS
conv_thr = 1D-8
diago_full_acc=.true.
mixing_beta = 0.3
/
K_POINTS gamma
CELL_PARAMETERS angstrom
10.65000  0.000000  0.000000
0.000000  10.65000  0.000000
0.000000  0.000000  10.65000
ATOMIC_SPECIES
C  12.01099968  C_ONCV_PBE-1.0.upf
N  14.00699997  N_ONCV_PBE-1.0.upf
ATOMIC_POSITIONS crystal
C    0.000011566134    0.000038078557    0.000038283525
C    0.083278524056    0.083387599691    0.083388153405
C   -0.000133491483    0.166807140171    0.166808332272
C    0.082965838654    0.250200548051    0.250200902615
C    0.166636721024   -0.000018357883    0.166723662675
C    0.249879869328    0.083252995885    0.250032939644
C    0.166638523863    0.166726956751   -0.000019479605
C    0.249880796957    0.250033737181    0.083249177284
C   -0.000051551288    0.000206124141    0.333403937514
C    0.083130067523    0.083578223433    0.416719529990
C   -0.000430117592    0.167131374769    0.500159304258
C    0.083294371589    0.250034647665    0.583469034923
C    0.166919351065    0.000241519956    0.500128718617
C    0.250015318152    0.083377801534    0.583322881298
C    0.166393856036    0.166769171089    0.333381764974
C    0.249613082171    0.250014799651    0.416631171482
C    0.000108446016    0.000248001610    0.666772616182
C    0.083413355795    0.083463233178    0.750069802669
C    0.000041036194    0.166737742423    0.833411662916
C    0.083319399338    0.250150277161    0.916686528137
C    0.166736198410    0.000015295315    0.833329595054
C    0.250049658833    0.083372958387    0.916624529431
C    0.166797728717    0.166735459765    0.666652883475
C    0.250136732645    0.250191852170    0.749930147677
C   -0.000051529871    0.333406932469    0.000207421704
C    0.083129698756    0.416719613751    0.083576816321
C   -0.000428069402    0.500158437665    0.167129855747
C    0.083293820209    0.583468224330    0.250035357794
C    0.166394729253    0.333381312318    0.166764853755
C    0.249610969404    0.416632843797    0.250015874629
C    0.166920033358    0.500127644278    0.000240938561
C    0.250015623168    0.583321991599    0.083377017609
C   -0.000625754656    0.333735621465    0.333736722391
C    0.082436717529    0.417213635317    0.417209748511
C   -0.001364666628    0.500801594241    0.500799473437
C    0.082658474873    0.583554696698    0.583557138182
C    0.166303908260    0.333557303984    0.500097519809
C    0.249902999487    0.416844081135    0.583308151584
C    0.166305353510    0.500099836462    0.333556030195
C    0.249902985498    0.583306745828    0.416844146797
C    0.000134828662    0.333039464090    0.666666012202
C    0.083261986649    0.416883800501    0.750123577529
C    0.000828628411    0.500398454937    0.834455244018
C    0.083809089499    0.583345750768    0.917234570810
C    0.166764346735    0.333462463818    0.833256843747
C    0.250245820284    0.416756942642    0.916407435796
C    0.166534501292    0.500167312506    0.666672393247
C    0.250208652728    0.583406272533    0.749828174301
C    0.000110458204    0.666776173523    0.000245037165
C    0.083412862445    0.750067231876    0.083464146383
C    0.000040210542    0.833410257465    0.166734136484
C    0.083318485136    0.916685826990    0.250146146330
C    0.166797686810    0.666653081092    0.166732739669
C    0.250136002544    0.749928016297    0.250192019428
C    0.166740052135    0.833330593610    0.000011042370
C    0.250050909962    0.916625653890    0.083370862943
C    0.000135854443    0.666665115122    0.333039728204
C    0.083264665227    0.750120834655    0.416880916905
C    0.000823547371    0.834459216440    0.500397485753
C    0.083806115720    0.917237040477    0.583349278321
C    0.166536223514    0.666673101723    0.500168006641
C    0.250210939566    0.749826965460    0.583405850506
C    0.166763608876    0.833256956404    0.333458371815
C    0.250247490975    0.916405240867    0.416754327671
C   -0.000774417428    0.666553555876    0.666557109743
C    0.083006503733    0.749860822878    0.749861247518
C   -0.000065369584    0.833362293988    0.833364073984
C    0.083351405207    0.916680994503    0.916679369707
C    0.166772884267    0.666709876012    0.833327025261
C    0.250114592580    0.750032518124    0.916630929268
C    0.166775559262    0.833326714969    0.666713875362
C    0.250115702767    0.916630142470    0.750032857213
C    0.333378841940   -0.000055370901   -0.000056767251
C    0.416642657424    0.083221824013    0.083220957499
C    0.333167755091    0.166563085605    0.166558883596
C    0.416378106033    0.249799681765    0.249797511679
C    0.499972771493   -0.000277289570    0.166694746726
C    0.583160134418    0.083030107037    0.249886542474
C    0.499969861410    0.166694013130   -0.000276208587
C    0.583159280887    0.249887785853    0.083028962639
C    0.333334809847   -0.000271128299    0.333374736574
C    0.416525054721    0.083025911557    0.416615530726
C    0.333004730581    0.166463855312    0.499922136614
C    0.416215217675    0.249577881100    0.583022309493
C    0.500018297828   -0.000199153643    0.500034129254
C    0.583343187399    0.083236417523    0.583298950874
C    0.499655274014    0.166183864415    0.333057671376
C    0.582816607294    0.249216304054    0.416130844099
C    0.333331716974    0.000059354138    0.666599376737
C    0.416769545739    0.083400721600    0.749938681685
C    0.333413003284    0.166788219412    0.833184775604
C    0.416791086360    0.250167049285    0.916313881664
C    0.500105159500    0.000048098828    0.833221805718
C    0.583291313311    0.083484985948    0.916458160977
C    0.500003908710    0.166792206464    0.666431682844
C    0.583505680260    0.250897648960    0.749106966712
C    0.333328885317    0.333377487681   -0.000270978505
C    0.416523979835    0.416618876107    0.083026860958
C    0.333006304005    0.499925104759    0.166464829235
C    0.416208893529    0.583025672187    0.249574252078
C    0.499654884921    0.333058182618    0.166183114813
C    0.582816878120    0.416129864723    0.249215737432
C    0.500015310266    0.500029952133   -0.000200726893
C    0.583344089876    0.583298577221    0.083236999239
C    0.332832385942    0.333123212568    0.333126680639
C    0.416034435401    0.416246098898    0.416247855986
C    0.333367107023    0.499952744277    0.499955060204
C    0.417492345014    0.583225822096    0.583227310954
C    0.498918604917    0.332138032122    0.499533078181
C    0.583979494168    0.416922995006    0.579278053414
C    0.498916948633    0.499530939540    0.332138617498
C    0.583975032803    0.579276995545    0.416922310757
C    0.333535404659    0.333500275041    0.666413790644
C    0.417893201954    0.417062994690    0.748965299452
C    0.333888678847    0.500206052763    0.832833581892
C    0.416786174558    0.583495861638    0.916631571340
C    0.500354134658    0.333722828864    0.832821660208
C    0.583654602468    0.417083148839    0.916227393364
C    0.502208573311    0.500936043254    0.665003251306
C    0.586362179832    0.584659855477    0.748079135231
C    0.333331032563    0.666596590448    0.000061669396
C    0.416766952235    0.749936788966    0.083398183216
C    0.333414670427    0.833187990442    0.166786232663
C    0.416795419712    0.916317987908    0.250168617870
C    0.500004714128    0.666431808495    0.166791722057
C    0.583505911370    0.749104771384    0.250896379547
C    0.500105704460    0.833220334709    0.000049045535
C    0.583291243707    0.916457941338    0.083487118351
C    0.333536257180    0.666411361453    0.333498743543
C    0.417891259832    0.748965983574    0.417061140199
C    0.333888360431    0.832835144611    0.500204371551
C    0.416783593951    0.916630787900    0.583497984641
C    0.502209108110    0.665000377588    0.500932284963
C    0.586360840917    0.748079398056    0.584655989819
C    0.500353868754    0.832822589382    0.333724489322
C    0.583656406517    0.916225466559    0.417081843091
C    0.333774466282    0.666596453397    0.666596072301
C    0.417165779134    0.749907943164    0.749907491063
C    0.333536646141    0.833253785477    0.833255042155
C    0.416818241635    0.916609312547    0.916610717265
C    0.500194988790    0.666423932204    0.833430928651
C    0.583581277830    0.750086384591    0.916639241499
C    0.500193272327    0.833430666452    0.666422249279
C    0.583580835064    0.916639000694    0.750086218677
C    0.666768638863    0.000248369008    0.000248743244
C    0.749923018865    0.083341523537    0.083342621379
C    0.666505569182    0.166324873646    0.166323584360
C    0.749623068107    0.249337583274    0.249338933822
C    0.833227738027    0.000266541887    0.166550334445
C    0.916597018162    0.083488454422    0.250096401137
C    0.833227889732    0.166549825163    0.000266839998
C    0.916598419575    0.250095195562    0.083486706387
C    0.666599207859   -0.000116817034    0.333351161060
C    0.749906747485    0.083291334565    0.416724023921
C    0.666485233019    0.166556363644    0.499890458827
C    0.749817838024    0.250328190687    0.583266740675
C    0.833289490317    0.000097130767    0.500119413336
C    0.916566051782    0.083540811815    0.583394558518
C    0.833017047122    0.166790006061    0.333342038768
C    0.915678881286    0.250916869771    0.416928150629
C    0.666754772297   -0.000001656584    0.666668892956
C    0.750000223443    0.083478921794    0.749928982715
C    0.666749524848    0.167032958675    0.832981985320
C    0.750024863048    0.249675292435    0.917072824999
C    0.833364982364    0.000214636370    0.833478895253
C    0.916707516512    0.083422890002    0.916774133457
C    0.833254383344    0.166875851305    0.666680740578
C    0.916575891911    0.250039689826    0.750181027600
C    0.666599174054    0.333350423898   -0.000117365996
C    0.749904671192    0.416721088820    0.083290775046
C    0.666486741103    0.499888037013    0.166559405515
C    0.749817510171    0.583264340476    0.250326335618
C    0.833016816361    0.333341371175    0.166792058796
C    0.915677233819    0.416922953177    0.250913999339
C    0.833290341147    0.500118087268    0.000096337589
C    0.916565624561    0.583393183050    0.083538489683
C    0.666160597449    0.331801455507    0.331799733859
C    0.745903703884    0.416386461500    0.416385340916
C    0.831536925472    0.334743857774    0.500634689342
C    0.914635921132    0.418473686753    0.584365596467
C    0.831537566442    0.500635924783    0.334745012707
C    0.914637207201    0.584357976987    0.418475643154
C    0.667421244688    0.334753675607    0.665232836192
C    0.750797790975    0.417565834519    0.749780460957
C    0.667130470248    0.500405041814    0.832842982764
C    0.750147635595    0.583491477411    0.916462225265
C    0.833034207403    0.332514321357    0.834306954795
C    0.916690644909    0.416718045223    0.916964075180
C    0.839207555068    0.494440672052    0.675123960500
C    0.915972409270    0.582967457849    0.750189069540
C    0.666755925264    0.666669141169   -0.000000130819
C    0.750004101404    0.749924521062    0.083481201182
C    0.666750345532    0.832983580756    0.167034136522
C    0.750026044507    0.917071955729    0.249674987693
C    0.833254857484    0.666679523867    0.166871075534
C    0.916575233982    0.750179212848    0.250038986983
C    0.833368806396    0.833481008586    0.000217952263
C    0.916706341251    0.916770138800    0.083423518594
C    0.667422859223    0.665233347360    0.334751993230
C    0.750792473336    0.749776713862    0.417565445120
C    0.667125841885    0.832839763156    0.500408791329
C    0.750146198664    0.916462680385    0.583492105069
C    0.839213843448    0.675128504315    0.494429348582
C    0.915971297500    0.750187735323    0.582974095352
C    0.833035348535    0.834305848376    0.332514575269
C    0.916692639067    0.916963954246    0.416719740557
C    0.666624559591    0.670858330860    0.670863117675
C    0.749396443615    0.749762709348    0.749765860094
C    0.667277560797    0.834290379141    0.834291257118
C    0.749948899662    0.917244215269    0.917248461745
C    0.833250865157    0.666915570412    0.833390183440
C    0.916574909167    0.749957021720    0.916747772078
C    0.833250201681    0.833389570962    0.666917197531
C    0.916573023286    0.916749235233    0.749956256861
N    0.659502869510    0.491569866528    0.491563676771
