&CONTROL
calculation = 'scf'
verbosity = 'high'
tprnfor=.TRUE.
tstress=.TRUE.
wf_collect = .true.
prefix='pwscf'
outdir = './'
pseudo_dir='/home/jinyuchem/program/QE/pseudo-potential'
/
&SYSTEM
ibrav = 0
ecutwfc = 85
tot_charge = -1
nspin = 2
tot_magnetization = 2.0
nbnd = 800
nat = 215
ntyp = 2
/
&ELECTRONS
conv_thr = 1D-10
diago_full_acc=.true.
/
K_POINTS gamma
CELL_PARAMETERS angstrom
10.70400  0.000000  0.000000
0.000000  10.70400  0.000000
0.000000  0.000000  10.70400
ATOMIC_SPECIES
C  12.01099968  C_ONCV_PBE-1.0.upf
N  14.00699997  N_ONCV_PBE-1.0.upf
ATOMIC_POSITIONS crystal
C   -0.000017253506    0.000111988525   -0.000018385575
C    0.083266047087    0.083404150267    0.083362232908
C   -0.000182670010    0.166776763881    0.166764954611
C    0.082908132858    0.250137463692    0.250161252866
C    0.166656484955   -0.000028390919    0.166721193130
C    0.249919804861    0.083177111595    0.250039238359
C    0.166579213680    0.166727547005   -0.000085894566
C    0.249857795323    0.249946175630    0.083192241100
C   -0.000061513831    0.000103657262    0.333487722010
C    0.083032235749    0.083638616721    0.416759718185
C   -0.000603035669    0.167317165703    0.500212266897
C    0.083140220663    0.250273964928    0.583454495440
C    0.166957663787    0.000309066703    0.500143848154
C    0.250035071667    0.083382693919    0.583316897889
C    0.166341584243    0.166664399921    0.333373900463
C    0.249644196063    0.249793597368    0.416581490527
C   -0.000057139531    0.000070406160    0.666669542402
C    0.083212623522    0.083484325261    0.749993908257
C   -0.000136526444    0.166966699198    0.833197184559
C    0.083220182597    0.250176454085    0.916554070506
C    0.166647392751    0.000112094921    0.833317414420
C    0.250027821842    0.083404728847    0.916600397477
C    0.166631905341    0.166742182323    0.666571980068
C    0.250021503910    0.250120772757    0.749898402182
C   -0.000143705802    0.333468821433    0.000004103915
C    0.083077792261    0.416636895070    0.083448905476
C   -0.000318491502    0.500090322761    0.166977799484
C    0.083954328652    0.583388845248    0.249475043315
C    0.166329108947    0.333290154651    0.166656453590
C    0.249661961927    0.416434043473    0.249838849821
C    0.166884078239    0.500111075855    0.000218171063
C    0.249999503090    0.583268666233    0.083333444663
C   -0.000581383365    0.333751881628    0.333724366963
C    0.082892160419    0.417038356697    0.417040873982
C   -0.000339699654    0.500600617889    0.500207548223
C    0.083223883723    0.583528098740    0.583471848589
C    0.166421248711    0.333370537320    0.499992855741
C    0.249892086475    0.416675905809    0.583280626242
C    0.166597209342    0.499921182059    0.333289165961
C    0.250008409183    0.583212159001    0.416701855802
C   -0.000028767932    0.333803516320    0.666431505999
C    0.083268687417    0.417038408373    0.750052436159
C    0.000937144417    0.500665973619    0.834269425834
C    0.083897237998    0.583369489339    0.917230583695
C    0.166671186623    0.333468529117    0.833191004273
C    0.250115254834    0.416637022887    0.916412386141
C    0.166698771258    0.500123040254    0.666634800959
C    0.250151587760    0.583355972522    0.749942226726
C    0.000162660813    0.666764094724    0.000241915888
C    0.083480527705    0.750074388144    0.083418401447
C    0.000137125675    0.833414797152    0.166709484853
C    0.083394098220    0.916683649757    0.250157267781
C    0.167056288882    0.666561963280    0.166467586449
C    0.250251783901    0.749919807962    0.250101207582
C    0.166707461981    0.833384272473    0.000042491209
C    0.250083907642    0.916630208098    0.083418711500
C    0.001367266050    0.666344282488    0.332200181758
C    0.083823359221    0.750049754763    0.416624056517
C    0.001314655700    0.834186811938    0.500379251308
C    0.083986599070    0.917209946571    0.583320144196
C    0.166863404657    0.666654328629    0.500098257286
C    0.250285522891    0.749891433159    0.583429922274
C    0.167003417212    0.833300943015    0.333406330217
C    0.250345304099    0.916462162622    0.416743464736
C    0.000231791627    0.666723472418    0.666866142338
C    0.083464040160    0.749955419027    0.749956507744
C    0.000019724294    0.833281645070    0.833352973622
C    0.083318584577    0.916733258662    0.916652158427
C    0.166909098823    0.666764300148    0.833496624822
C    0.250085003129    0.750074871518    0.916814798954
C    0.166977918772    0.833504280411    0.666772097131
C    0.250144523439    0.916800794355    0.750092862079
C    0.333386442897   -0.000028123618   -0.000009191734
C    0.416704783937    0.083177369008    0.083253557562
C    0.333191577969    0.166451942905    0.166525992250
C    0.416420267110    0.249583649155    0.249754022492
C    0.500091305595   -0.000355496480    0.166824755527
C    0.583323503762    0.082799155775    0.250067286841
C    0.500039515645    0.166665298560   -0.000324706709
C    0.583247141930    0.249794920114    0.082976698627
C    0.333491599607   -0.000356137468    0.333425545485
C    0.416734725744    0.082798581584    0.416657178481
C    0.333112977385    0.166270293165    0.499902635535
C    0.416187281603    0.249489773665    0.582965093873
C    0.500345638908   -0.000545349338    0.500176447384
C    0.583562354867    0.083164290328    0.583324168579
C    0.499785195536    0.166029950371    0.333118378780
C    0.582850852472    0.249285759468    0.416183871961
C    0.333417612212    0.000139754739    0.666659025689
C    0.416888485314    0.083501468690    0.749914394160
C    0.333431698066    0.166777568039    0.833152454633
C    0.416827039674    0.250138598141    0.916242335718
C    0.500154656643    0.000104607990    0.833272550159
C    0.583426093929    0.083639449744    0.916365515165
C    0.500199162927    0.166889102698    0.666339810424
C    0.583714200475    0.251315248665    0.748881880611
C    0.333322145831    0.333290616453   -0.000336360046
C    0.416504957088    0.416434591632    0.082995276673
C    0.332935637035    0.499773776638    0.166269070715
C    0.415986436653    0.582888599629    0.249319824050
C    0.499663724568    0.332885304068    0.166103793582
C    0.582719851775    0.416079747308    0.249110331079
C    0.499955997662    0.499921646311   -0.000070266314
C    0.583368195370    0.583212630611    0.083340578615
C    0.332770318055    0.332884509259    0.332997673589
C    0.415777545937    0.416079428644    0.416053264391
C    0.333191358239    0.499766891131    0.499866607460
C    0.416987499912    0.583102969871    0.583298817682
C    0.498702657741    0.332210306802    0.499462414273
C    0.583419053228    0.417372038639    0.579296009644
C    0.498409520524    0.499414389723    0.331742429803
C    0.582947975684    0.579283845165    0.416281433729
C    0.333419132340    0.333326713773    0.666388503666
C    0.417524052750    0.416856930055    0.749071621587
C    0.333644426111    0.500090551755    0.833015932762
C    0.416141682282    0.583389318718    0.917287761183
C    0.500390361014    0.333752781671    0.832752237889
C    0.583707509383    0.417039804133    0.916224050106
C    0.501294116315    0.500805398731    0.665359957698
C    0.583758354765    0.584390803111    0.750314760185
C    0.333134035001    0.666561844782    0.000390474332
C    0.416767791744    0.749920096550    0.083585211949
C    0.333530219305    0.833176420593    0.166863689205
C    0.416958304889    0.916199190605    0.250291702919
C    0.500039468374    0.666309373950    0.166843914169
C    0.583671536209    0.748910274236    0.251001674756
C    0.500072911309    0.833301434079    0.000336394022
C    0.583409793665    0.916463041240    0.083678166746
C    0.333510703611    0.666309220085    0.333372802049
C    0.417668585402    0.748910247201    0.417005043111
C    0.333902090622    0.832852320681    0.500225811270
C    0.416781813689    0.916543001974    0.583569436295
C    0.501413004220    0.664793128843    0.500737184155
C    0.585310721818    0.747502073798    0.584647395297
C    0.500534910903    0.832542437549    0.333868250491
C    0.584033715874    0.915494399432    0.417367131639
C    0.333532422772    0.666601560381    0.666717787034
C    0.416641773604    0.749893050491    0.750328988665
C    0.333375370403    0.833414744761    0.833471352678
C    0.416823252492    0.916684339917    0.916728029095
C    0.498866246702    0.666344515117    0.834700795712
C    0.583290981984    0.750050042424    0.917155595385
C    0.499742680520    0.833340402958    0.666796188009
C    0.583569120902    0.916557675372    0.750201935500
C    0.666810146312    0.000309607883    0.000290472693
C    0.749982581995    0.083383183448    0.083367128230
C    0.666568107915    0.166270699003    0.166445374571
C    0.749630567846    0.249489594046    0.249520276362
C    0.833324318319    0.000139242407    0.166750446009
C    0.916579733239    0.083500810744    0.250221656616
C    0.833237294975    0.166743306221   -0.000035902837
C    0.916563763653    0.250121261812    0.083354441543
C    0.666842842348   -0.000544823208    0.333678215838
C    0.749990790598    0.083164140605    0.416895503565
C    0.666604219318    0.166692379307    0.499936948283
C    0.749841170688    0.250975301167    0.583174727519
C    0.833346511948   -0.000234936256    0.500206601627
C    0.916432877427    0.083570034617    0.583399925085
C    0.833005957910    0.166888766147    0.333532217661
C    0.915548627357    0.251315183436    0.417048345317
C    0.666873371479   -0.000234409141    0.666679263900
C    0.750066357786    0.083570784296    0.749765501739
C    0.666878459309    0.167317988637    0.832730119466
C    0.750120399376    0.250275604576    0.916472245818
C    0.833335366950    0.000070990324    0.833275766509
C    0.916659560797    0.083484713294    0.916545489040
C    0.833192284693    0.167224710550    0.666525089674
C    0.916481455335    0.250707225883    0.749814387563
C    0.666658925672    0.333371914274   -0.000246419856
C    0.749946845937    0.416677064453    0.083224562097
C    0.666532964165    0.499767632229    0.166523868116
C    0.749965858381    0.583103316209    0.250319919306
C    0.833054282100    0.333326928976    0.166752103143
C    0.915737939283    0.416856193515    0.250857361647
C    0.833300852861    0.500123198636    0.000030486076
C    0.916608093065    0.583356169624    0.083484014155
C    0.666129153543    0.332210485958    0.332035993360
C    0.745962723093    0.417372148403    0.416752492873
C    0.831560976412    0.335699194238    0.500860898564
C    0.914566261324    0.420136823178    0.584339821821
C    0.832026752101    0.500805062494    0.334627353994
C    0.916982837284    0.584389214569    0.417092210342
C    0.667527518687    0.335699226910    0.664893954489
C    0.751006931636    0.420137949922    0.747897403899
C    0.666874521315    0.500601776144    0.832991001915
C    0.750138960312    0.583528564598    0.916554827673
C    0.833098198692    0.333804728933    0.833302906183
C    0.916719175792    0.417038955675    0.916600628684
C    0.837575111721    0.500427721680    0.670906596567
C    0.916447344287    0.583089308580    0.749778745265
C    0.666764743819    0.666654649346    0.000195027484
C    0.750096333960    0.749892016202    0.083617341766
C    0.666891625933    0.832852746814    0.167235215734
C    0.750234672740    0.916542422016    0.250115146961
C    0.833383619949    0.666601865976    0.166864882184
C    0.916995068042    0.749892827480    0.249975356853
C    0.833438082684    0.833504624707    0.000310166851
C    0.916758395254    0.916800307421    0.083477382965
C    0.667404264488    0.664792429826    0.334746082557
C    0.751313955395    0.747501004645    0.418646040923
C    0.667685255137    0.831536686697    0.501018149699
C    0.750289423406    0.915725695064    0.583622239123
C    0.842748862617    0.672078440137    0.493892522605
C    0.917023424946    0.749041765219    0.582691799984
C    0.833462720158    0.833339052910    0.333077198332
C    0.916869174241    0.916557257413    0.416902701490
C    0.660558428707    0.672079305620    0.676078948568
C    0.749357974239    0.749042363214    0.750355026934
C    0.667046353556    0.834187322565    0.834646951896
C    0.749986407374    0.917210614618    0.917318755113
C    0.833533298268    0.666723701255    0.833562566118
C    0.916623278343    0.749955061144    0.916796112379
C    0.833123497428    0.832156340610    0.666455737959
C    0.916440863498    0.916158938636    0.749774349505
N    0.658247568695    0.493025085941    0.491580457157
