&CONTROL
calculation = 'scf'
verbosity = 'high'
tprnfor=.TRUE.
tstress=.TRUE.
wf_collect = .true.
prefix='pwscf'
outdir = './'
pseudo_dir='/home/jinyuchem/program/QE/pseudo-potential'
/
&SYSTEM
ibrav = 0
ecutwfc = 85
tot_charge = -1
nspin = 2
tot_magnetization = 2.0
nbnd = 800
nat = 215
ntyp = 2
/
&ELECTRONS
conv_thr = 1D-10
diago_full_acc=.true.
/
K_POINTS gamma
CELL_PARAMETERS angstrom
10.70400  0.000000  0.000000
0.000000  10.70400  0.000000
0.000000  0.000000  10.70400
ATOMIC_SPECIES
C  12.01099968  C_ONCV_PBE-1.0.upf
N  14.00699997  N_ONCV_PBE-1.0.upf
ATOMIC_POSITIONS crystal
C   -0.000005758269    0.000072553705    0.000014456014
C    0.083271842247    0.083397452399    0.083378865910
C   -0.000177086210    0.166789638230    0.166784523085
C    0.082901832518    0.250169233589    0.250180241841
C    0.166638376246   -0.000036590314    0.166720490506
C    0.249895266333    0.083194577611    0.250021075792
C    0.166603847736    0.166723312299   -0.000061959652
C    0.249867495319    0.249979712521    0.083201515205
C   -0.000071917114    0.000126916197    0.333467701929
C    0.083059717500    0.083610163429    0.416731859218
C   -0.000525769963    0.167235500553    0.500190050348
C    0.083304335745    0.250093934002    0.583466304216
C    0.166945887141    0.000286820115    0.500135382820
C    0.250031425243    0.083370560251    0.583307619897
C    0.166335075534    0.166692415143    0.333367179510
C    0.249616871872    0.249852697087    0.416569013103
C    0.000027067803    0.000146088316    0.666705903375
C    0.083309230033    0.083468867445    0.750026177452
C   -0.000046862317    0.166870115425    0.833286493490
C    0.083277413797    0.250165974195    0.916611118322
C    0.166680902743    0.000072445229    0.833328149097
C    0.250045035849    0.083397750815    0.916605608502
C    0.166742711984    0.166691379798    0.666584933474
C    0.250091277648    0.250134008034    0.749905377052
C   -0.000108699618    0.333459443273    0.000082870431
C    0.083079477489    0.416677251310    0.083526209729
C   -0.000399682656    0.500135884219    0.167084911231
C    0.083665977538    0.583437167550    0.249739230450
C    0.166329205858    0.333329822370    0.166689341225
C    0.249624459727    0.416503207708    0.249873401211
C    0.166912776866    0.500120815675    0.000246829837
C    0.250015089311    0.583286181769    0.083349201576
C   -0.000616880211    0.333763974214    0.333752095512
C    0.082766630800    0.417092757368    0.417094188250
C   -0.000603036525    0.500593564215    0.500419155168
C    0.083072343068    0.583532772634    0.583507893948
C    0.166401405724    0.333410112198    0.500012108064
C    0.249902362069    0.416720879080    0.583275757181
C    0.166479450668    0.499980075905    0.333374386441
C    0.249954162360    0.583245131392    0.416732785433
C    0.000229557860    0.333375383018    0.666473676118
C    0.083364551289    0.416932971564    0.750081227564
C    0.000981120255    0.500566464442    0.834314072673
C    0.083908115672    0.583348155660    0.917241851414
C    0.166749547507    0.333459169820    0.833225479201
C    0.250192394197    0.416677326118    0.916413839325
C    0.166675238559    0.500133335349    0.666646348605
C    0.250189304942    0.583377149739    0.749900846010
C    0.000124445231    0.666747843447    0.000222573241
C    0.083428094352    0.750061863548    0.083439776120
C    0.000074634571    0.833383334568    0.166755800088
C    0.083354853412    0.916668563211    0.250157449023
C    0.166930997687    0.666580511216    0.166569748554
C    0.250193661538    0.749914829719    0.250125477491
C    0.166707444385    0.833357861870    0.000041668159
C    0.250070004109    0.916618855625    0.083403926237
C    0.000849904836    0.666434877259    0.332662931989
C    0.083611099510    0.750079859173    0.416748826212
C    0.001149013134    0.834277243138    0.500439033881
C    0.083948244434    0.917232264381    0.583326226336
C    0.166748546569    0.666654688733    0.500122420601
C    0.250249133244    0.749877815756    0.583410066500
C    0.166897403593    0.833274086234    0.333431671320
C    0.250294998541    0.916435472802    0.416724617462
C   -0.000031889945    0.666709867435    0.666773463149
C    0.083349961580    0.749924409140    0.749924758194
C    0.000006601999    0.833308170933    0.833339874460
C    0.083331965121    0.916701424312    0.916665381818
C    0.166889232155    0.666748016133    0.833458346944
C    0.250106227027    0.750062159265    0.916762029625
C    0.166920075086    0.833461435867    0.666751401848
C    0.250132886463    0.916755599157    0.750070076040
C    0.333386546511   -0.000036285792   -0.000028055226
C    0.416687263292    0.083194903236    0.083228555746
C    0.333178734815    0.166479612094    0.166512525019
C    0.416390228199    0.249648002030    0.249723725539
C    0.500056420179   -0.000345134159    0.166763686405
C    0.583269190740    0.082870906772    0.249974338900
C    0.500033267594    0.166693270206   -0.000331772766
C    0.583234980591    0.249853874855    0.082949508800
C    0.333430906697   -0.000345744142    0.333389998024
C    0.416641962230    0.082870343491    0.416602380649
C    0.333049206697    0.166303975917    0.499878472006
C    0.416147434277    0.249466987412    0.582951706336
C    0.500214319472   -0.000398744778    0.500093528953
C    0.583485618966    0.083208602389    0.583294915147
C    0.499721161266    0.166059920108    0.333054061967
C    0.582810734423    0.249225981346    0.416143746532
C    0.333362371689    0.000153253140    0.666623651777
C    0.416845768141    0.083489796505    0.749912425439
C    0.333451116145    0.166790126934    0.833157024152
C    0.416846103326    0.250170171029    0.916235533252
C    0.500134654788    0.000127536790    0.833261469123
C    0.583398402162    0.083610893888    0.916392520417
C    0.500130269817    0.166853787221    0.666344084736
C    0.583666470930    0.251166827811    0.748924813758
C    0.333355138239    0.333330162444   -0.000336626928
C    0.416539252916    0.416503722891    0.082958073797
C    0.332970068282    0.499821199620    0.166303755254
C    0.416058122517    0.582917707162    0.249391503662
C    0.499666827371    0.332950818085    0.166092741433
C    0.582752353717    0.416097625229    0.249148015215
C    0.500040708212    0.499980457637   -0.000187434823
C    0.583398954661    0.583245535166    0.083286853575
C    0.332759364005    0.332950118039    0.333000762012
C    0.415814944633    0.416097325421    0.416085856900
C    0.333223276175    0.499818396559    0.499863084543
C    0.417105571135    0.583155661667    0.583242651083
C    0.498687598200    0.332098439038    0.499457615425
C    0.583453410159    0.417062094884    0.579310198433
C    0.498557369874    0.499436269416    0.331890440700
C    0.583244013852    0.579304790146    0.416577411976
C    0.333459730459    0.333372008934    0.666365843975
C    0.417629957908    0.416915371502    0.749009244448
C    0.333751345616    0.500135952967    0.832934488733
C    0.416405537799    0.583437330460    0.916999515319
C    0.500418134277    0.333764722307    0.832716561997
C    0.583760554327    0.417093710965    0.916099287315
C    0.501510085215    0.500804385418    0.665182793463
C    0.584574481650    0.584420653766    0.749385856684
C    0.333235928147    0.666580427226    0.000265015386
C    0.416791963567    0.749915017167    0.083526980638
C    0.333495034616    0.833167673726    0.166828273844
C    0.416904876649    0.916216355589    0.250237786401
C    0.500059184650    0.666330673404    0.166833684018
C    0.583647814501    0.748937532719    0.251027400428
C    0.500098180021    0.833274557199    0.000230356877
C    0.583391175600    0.916436350634    0.083627743400
C    0.333500450319    0.666330491679    0.333392604373
C    0.417694257914    0.748937419350    0.416980895948
C    0.333866101227    0.832861393570    0.500196103116
C    0.416690411157    0.916668325339    0.583517427624
C    0.501562967036    0.664930972512    0.500773892582
C    0.585264347355    0.748135832531    0.584534477869
C    0.500482726764    0.832623315452    0.333815695644
C    0.583905845289    0.915775007737    0.417238881365
C    0.333594965724    0.666610631590    0.666662660278
C    0.416772903756    0.749961037140    0.750154959345
C    0.333422138663    0.833383184965    0.833408472293
C    0.416823831708    0.916669013748    0.916688289401
C    0.499329210196    0.666435000476    0.834183418805
C    0.583415622312    0.750080161856    0.916943898767
C    0.499718876229    0.833578685665    0.666635729778
C    0.583539248781    0.916678181763    0.750147496880
C    0.666801909306    0.000287466272    0.000278558244
C    0.749973868971    0.083371305494    0.083363644375
C    0.666544631473    0.166304476818    0.166381792011
C    0.749617862080    0.249466954919    0.249480546240
C    0.833289700067    0.000153354612    0.166695054713
C    0.916578580348    0.083489466844    0.250178847331
C    0.833251054267    0.166692288531    0.000075185271
C    0.916571423628    0.250134388395    0.083424453288
C    0.666760269380   -0.000398351131    0.333546860157
C    0.749961779715    0.083208434530    0.416818479897
C    0.666561301540    0.166631111723    0.499893979264
C    0.749854090796    0.250729753497    0.583187555685
C    0.833333054068   -0.000110134173    0.500170475486
C    0.916489310147    0.083560440840    0.583396685946
C    0.833010674091    0.166853616113    0.333463345946
C    0.915591636484    0.251166735564    0.417000446795
C    0.666837309759   -0.000109762297    0.666665772854
C    0.750063328322    0.083561075576    0.749821840414
C    0.666856562860    0.167236104304    0.832807083883
C    0.750132694057    0.250095033268    0.916636880230
C    0.833372133480    0.000146604187    0.833359876081
C    0.916692336062    0.083469245883    0.916642132167
C    0.833243937627    0.167087808711    0.666576646401
C    0.916593116286    0.250431597652    0.749926077697
C    0.666678353234    0.333411161519   -0.000265885094
C    0.749942054599    0.416721765216    0.083235391988
C    0.666529264728    0.499819093802    0.166556220007
C    0.749909563402    0.583155759772    0.250438474671
C    0.833032026062    0.333372214390    0.166792900634
C    0.915675673836    0.416914738745    0.250963324542
C    0.833312424114    0.500133503899    0.000007971041
C    0.916566722564    0.583377285812    0.083522509177
C    0.666124337935    0.332098463749    0.332020968305
C    0.745976909463    0.417062172139    0.416786743126
C    0.831642524624    0.335319728528    0.500829053799
C    0.914979136330    0.419261186972    0.584397998048
C    0.831849640746    0.500804059003    0.334843399669
C    0.916053238435    0.584419720425    0.417907952703
C    0.667495541873    0.335319785688    0.664975785765
C    0.751064657956    0.419261613076    0.748311540497
C    0.667085694793    0.500594365765    0.832729115715
C    0.750174662364    0.583533099312    0.916404595369
C    0.833140346542    0.333376061934    0.833562022249
C    0.916747770945    0.416933223981    0.916697274193
C    0.838697764083    0.498055212549    0.672030766992
C    0.916445421771    0.582958736152    0.749777965412
C    0.666788932646    0.666655168319    0.000080963007
C    0.750076602599    0.749878528427    0.083581464329
C    0.666862381645    0.832861959700    0.167199080435
C    0.750183439048    0.916668251390    0.250023350399
C    0.833328604912    0.666611138029    0.166927887113
C    0.916821218521    0.749961108122    0.250106324523
C    0.833417866366    0.833461900498    0.000252650758
C    0.916736343379    0.916755586902    0.083465784162
C    0.667440939245    0.664930557043    0.334896125269
C    0.751201339500    0.748135297355    0.418598618859
C    0.667446307667    0.832082751443    0.500779135656
C    0.750241654486    0.916036090011    0.583574614505
C    0.840997714443    0.672551066517    0.495150682963
C    0.916701546123    0.749450328965    0.582782067898
C    0.833302376079    0.833578197805    0.333052577067
C    0.916814611759    0.916677968707    0.416872659237
C    0.661817033910    0.672551966419    0.674329082450
C    0.749448539165    0.749450682741    0.750034002447
C    0.667105913226    0.834277580329    0.834481751762
C    0.749992732783    0.917232974118    0.917280625831
C    0.833440185871    0.666710154162    0.833300286971
C    0.916591631227    0.749924113479    0.916682710870
C    0.833258237075    0.832675295970    0.666590876217
C    0.916510421436    0.916399520498    0.749843935595
N    0.658533099560    0.492508271538    0.491866216107
