&control
    calculation = 'scf',
    prefix='pwscf',
    pseudo_dir='/home/jinyuchem/program/QE/pseudo-potential',
    outdir = './',
    verbosity='high',
    tprnfor=.TRUE.,
    wf_collect=.TRUE.
    nstep = 100
    forc_conv_thr = 0.00039
    nstep = 100
    max_seconds = 84000
/
&system
    ibrav=0,
    nat = 249
    ntyp=2,
    ecutwfc = 60,
    nbnd = 1032,
    input_dft = 'PBE0'
    exx_fraction = 0.36
    ecutfock = 120
/
&electrons
    diago_full_acc=.true.,
    conv_thr=1.0D-8
/
&IONS
    ion_dynamics='bfgs'
    ion_positions='default'
/
ATOMIC_SPECIES
Mg  24.305  Mg_ONCV_PBE-1.0.upf
O   15.999  O_ONCV_PBE-1.0.upf
K_POINTS gamma
CELL_PARAMETERS {angstrom}
       14.8138866425         0.0000000000         0.0000000000
        7.4069433212        12.8292021611         0.0000000000
        7.4069433212         4.2764007204        12.0954877938
ATOMIC_POSITIONS {crystal}
Mg            0.0999316600        0.0999316600        0.1000239352
Mg            0.0999867279        0.0999867279        0.2999595299
Mg            0.1000359116        0.1000359116        0.4999257152
Mg            0.1000016905        0.1000016905        0.7000047665
Mg            0.0999556066        0.0999556066        0.9000468224
Mg            0.1000351980        0.2999673372        0.0999216503
Mg            0.1000566611        0.3000275429        0.2999015928
Mg            0.0997926521        0.3000241002        0.4999719077
Mg            0.0997677258        0.2999056971        0.7002859047
Mg            0.0999841707        0.2999249801        0.9000310386
Mg            0.0999752120        0.5000599422        0.0999226205
Mg            0.0997085076        0.5001658784        0.2998736249
Mg            0.1000117461        0.5000573595        0.4999534074
Mg            0.0996762806        0.5000501276        0.7002960078
Mg            0.0999689948        0.5000126449        0.9000108833
Mg            0.0998758265        0.7001813993        0.0999055004
Mg            0.0996395871        0.7003193481        0.2999475038
Mg            0.0995926804        0.7003336154        0.5000803626
Mg            0.0998707355        0.7001164798        0.7000813263
Mg            0.0999442631        0.7001330716        0.8999676073
Mg            0.0998712647        0.9000931437        0.0999980381
Mg            0.0998701074        0.9000519440        0.2999970995
Mg            0.0999424350        0.9001047559        0.4999751038
Mg            0.0999779816        0.9001330158        0.6999861357
Mg            0.0999635571        0.9001096510        0.8999740737
Mg            0.2999673372        0.1000351980        0.0999216503
Mg            0.3000275429        0.1000566611        0.2999015928
Mg            0.3000241002        0.0997926521        0.4999719077
Mg            0.2999056971        0.0997677258        0.7002859047
Mg            0.2999249801        0.0999841707        0.9000310386
Mg            0.3000070408        0.3000070408        0.0999161292
Mg            0.3000834944        0.3000834944        0.2999170966
Mg            0.2993320674        0.2993320674        0.5006655807
Mg            0.3000334551        0.3000334551        0.6998971059
Mg            0.2999754849        0.2999754849        0.8999661993
Mg            0.2999352945        0.5001328964        0.0996516360
Mg            0.2992743242        0.5008638467        0.2991554687
Mg            0.2992273757        0.5008611993        0.5007368243
Mg            0.2999027924        0.5000977848        0.7002561443
Mg            0.2999917205        0.5000276476        0.8999627890
Mg            0.2998649807        0.7003999569        0.0996834473
Mg            0.2999266903        0.7000757556        0.2999889095
Mg            0.2998292035        0.7004178774        0.5000576307
Mg            0.2999194437        0.7001048032        0.7000432082
Mg            0.2999056462        0.7001056870        0.8999628717
Mg            0.2998608520        0.9000818254        0.1000273426
Mg            0.2999241119        0.9001110355        0.2999507419
Mg            0.2999839277        0.9001053214        0.4999692387
Mg            0.2999941942        0.9000047466        0.7000186495
Mg            0.2998807116        0.9000724749        0.9000397808
Mg            0.5000599422        0.0999752120        0.0999226205
Mg            0.5001658784        0.0997085076        0.2998736249
Mg            0.5000573595        0.1000117461        0.4999534074
Mg            0.5000501276        0.0996762806        0.7002960078
Mg            0.5000126449        0.0999689948        0.9000108833
Mg            0.5001328964        0.2999352945        0.0996516360
Mg            0.5008638467        0.2992743242        0.2991554687
Mg            0.5008611993        0.2992273757        0.5007368243
Mg            0.5000977848        0.2999027924        0.7002561443
Mg            0.5000276476        0.2999917205        0.8999627890
Mg            0.5000038556        0.5000038556        0.1000207345
Mg            0.5007878279        0.5007878279        0.2992571875
Mg            0.4999916024        0.4999916024        0.4999979055
Mg            0.4999776165        0.4999776165        0.7000045370
Mg            0.5000031049        0.5000031049        0.8999680184
Mg            0.5000247151        0.7003090243        0.0997458741
Mg            0.5000180653        0.7003342861        0.2999914281
Mg            0.4999460438        0.6999856773        0.5000742212
Mg            0.4999086650        0.6999494090        0.7000835706
Mg            0.4999383766        0.7000095575        0.9000222676
Mg            0.4999472647        0.9000732233        0.1000280109
Mg            0.5000043473        0.9000198633        0.3000152117
Mg            0.4999541068        0.8999734460        0.5000569730
Mg            0.4999081963        0.8999633785        0.7000663528
Mg            0.4999112429        0.9000021288        0.9000525950
Mg            0.7001813993        0.0998758265        0.0999055004
Mg            0.7003193481        0.0996395871        0.2999475038
Mg            0.7003336154        0.0995926804        0.5000803626
Mg            0.7001164798        0.0998707355        0.7000813263
Mg            0.7001330716        0.0999442631        0.8999676073
Mg            0.7003999569        0.2998649807        0.0996834473
Mg            0.7000757556        0.2999266903        0.2999889095
Mg            0.7004178774        0.2998292035        0.5000576307
Mg            0.7001048032        0.2999194437        0.7000432082
Mg            0.7001056870        0.2999056462        0.8999628717
Mg            0.7003090243        0.5000247151        0.0997458741
Mg            0.7003342861        0.5000180653        0.2999914281
Mg            0.6999856773        0.4999460438        0.5000742212
Mg            0.6999494090        0.4999086650        0.7000835706
Mg            0.7000095575        0.4999383766        0.9000222676
Mg            0.7000598272        0.7000598272        0.1000161459
Mg            0.7000006642        0.7000006642        0.3000958197
Mg            0.6999346146        0.6999346146        0.5000797731
Mg            0.6999176323        0.6999176323        0.7000860134
Mg            0.6999983835        0.6999983835        0.9000164876
Mg            0.7000669956        0.9000151401        0.0999917900
Mg            0.7000635151        0.8998851542        0.3000161043
Mg            0.6999185477        0.8998878603        0.5000996460
Mg            0.6999795946        0.8998775671        0.7000992058
Mg            0.7000320017        0.8999690802        0.9000757773
Mg            0.9000931437        0.0998712647        0.0999980381
Mg            0.9000519440        0.0998701074        0.2999970995
Mg            0.9001047559        0.0999424350        0.4999751038
Mg            0.9001330158        0.0999779816        0.6999861357
Mg            0.9001096510        0.0999635571        0.8999740737
Mg            0.9000818254        0.2998608520        0.1000273426
Mg            0.9001110355        0.2999241119        0.2999507419
Mg            0.9001053214        0.2999839277        0.4999692387
Mg            0.9000047466        0.2999941942        0.7000186495
Mg            0.9000724749        0.2998807116        0.9000397808
Mg            0.9000732232        0.4999472647        0.1000280109
Mg            0.9000198633        0.5000043473        0.3000152117
Mg            0.8999734460        0.4999541068        0.5000569730
Mg            0.8999633785        0.4999081963        0.7000663528
Mg            0.9000021288        0.4999112429        0.9000525950
Mg            0.9000151401        0.7000669956        0.0999917900
Mg            0.8998851542        0.7000635151        0.3000161043
Mg            0.8998878603        0.6999185477        0.5000996460
Mg            0.8998775671        0.6999795946        0.7000992058
Mg            0.8999690802        0.7000320017        0.9000757773
Mg            0.9000246003        0.9000246003        0.1000021143
Mg            0.8999500505        0.8999500505        0.3000504574
Mg            0.8999447871        0.8999447871        0.5000374513
Mg            0.9000194129        0.9000194129        0.7000296011
Mg            0.9000738658        0.9000738658        0.8999719730
O            -0.0000038520       -0.0000038520       -0.0000065942
O            -0.0000841133       -0.0000841133        0.2000242493
O            -0.0000205339       -0.0000205339        0.3999772493
O             0.0000272109        0.0000272109        0.6000347672
O             0.0000859060        0.0000859060        0.7999535209
O            -0.0000062700        0.1998207606        0.0000701203
O             0.0000289439        0.1998921323        0.1999535315
O             0.0000980298        0.1999787278        0.3999348514
O             0.0000534688        0.2000153476        0.6000090383
O             0.0000125535        0.1999346542        0.8000441740
O             0.0000254503        0.3999138396        0.0000204859
O             0.0000595280        0.4000197332        0.1999121340
O            -0.0001089882        0.4000691545        0.3999516123
O            -0.0000781213        0.3999456399        0.6000702093
O            -0.0001397900        0.3998665141        0.8002269126
O            -0.0000226573        0.6001091379       -0.0000222329
O            -0.0000603789        0.6001718321        0.1998933495
O            -0.0001310137        0.6000958191        0.3999647476
O            -0.0001593382        0.6000028314        0.6001140697
O            -0.0000955543        0.6000210632        0.8001038845
O             0.0000057662        0.8001673488       -0.0000760117
O            -0.0000929236        0.8000730802        0.1999573571
O            -0.0002517014        0.8001112472        0.4000223715
O            -0.0001321692        0.8000460359        0.6000969572
O            -0.0000152282        0.8001125996        0.8000403301
O             0.1998207606       -0.0000062700        0.0000701203
O             0.1998921323        0.0000289439        0.1999535315
O             0.1999787278        0.0000980298        0.3999348514
O             0.2000153476        0.0000534688        0.6000090383
O             0.1999346542        0.0000125535        0.8000441740
O             0.1999370102        0.1999370102        0.0000015329
O             0.2000215984        0.2000215984        0.1998721786
O             0.2000270288        0.2000270288        0.3999307262
O             0.1999618224        0.1999618224        0.6000585018
O             0.1999022095        0.1999022095        0.8000808113
O             0.1999509832        0.4000590677       -0.0000636191
O             0.1999411433        0.4001341173        0.1998414733
O             0.1993617085        0.4001060371        0.3998983597
O             0.1993236570        0.4000716098        0.6006351683
O             0.1999283592        0.4000196691        0.8000398686
O             0.1998847608        0.6002045695       -0.0000818245
O             0.1998271533        0.6002585399        0.1998076966
O             0.1992971804        0.6007597617        0.3999675209
O             0.1997617893        0.6002315370        0.6001142566
O             0.1998859065        0.6001207909        0.8000269819
O             0.1998076837        0.8001974328       -0.0000412841
O             0.1997967235        0.8001749771        0.1999233832
O             0.1997854776        0.8002302933        0.4000054774
O             0.1998435949        0.8001943049        0.6000509336
O             0.1999035668        0.8001496355        0.8000153049
O             0.3999138396        0.0000254503        0.0000204859
O             0.4000197332        0.0000595280        0.1999121340
O             0.4000691545       -0.0001089882        0.3999516123
O             0.3999456399       -0.0000781213        0.6000702093
O             0.3998665141       -0.0001397900        0.8002269126
O             0.4000590677        0.1999509832       -0.0000636191
O             0.4001341173        0.1999411433        0.1998414733
O             0.4001060371        0.1993617085        0.3998983597
O             0.4000716098        0.1993236570        0.6006351683
O             0.4000196691        0.1999283592        0.8000398686
O             0.3999869994        0.3999869994       -0.0001585747
O             0.4000427548        0.4000427548        0.1992452917
O             0.4000290558        0.4000290558        0.6006156920
O             0.4000001730        0.4000001730        0.8000937894
O             0.3998790447        0.6001581307       -0.0001042002
O             0.3999779282        0.6007766876        0.1992705595
O             0.3999341311        0.6008070980        0.4000144348
O             0.3998510472        0.6001228476        0.6000619950
O             0.3998864332        0.6000592334        0.8000428567
O             0.3998337298        0.8002335960       -0.0001148225
O             0.3999409770        0.8001813796        0.1999502778
O             0.3999087676        0.8002554339        0.4000213158
O             0.3999221937        0.7999933526        0.6000823555
O             0.3998481179        0.8000482721        0.8000685558
O             0.6001091379       -0.0000226573       -0.0000222329
O             0.6001718321       -0.0000603789        0.1998933495
O             0.6000958191       -0.0001310137        0.3999647476
O             0.6000028314       -0.0001593382        0.6001140697
O             0.6000210632       -0.0000955543        0.8001038845
O             0.6002045695        0.1998847608       -0.0000818245
O             0.6002585399        0.1998271533        0.1998076966
O             0.6007597617        0.1992971804        0.3999675209
O             0.6002315370        0.1997617893        0.6001142566
O             0.6001207909        0.1998859065        0.8000269819
O             0.6001581307        0.3998790447       -0.0001042002
O             0.6007766876        0.3999779282        0.1992705595
O             0.6008070980        0.3999341311        0.4000144348
O             0.6001228476        0.3998510472        0.6000619950
O             0.6000592334        0.3998864332        0.8000428567
O             0.6000798875        0.6000798875       -0.0001043443
O             0.6001244683        0.6001244683        0.1999416957
O             0.6000340507        0.6000340507        0.4000576815
O             0.5999220592        0.5999220592        0.6000726937
O             0.5999555529        0.5999555529        0.8000389640
O             0.5999804520        0.8000671397        0.0000279767
O             0.6000417546        0.8000459758        0.2000311409
O             0.5999840384        0.7999628383        0.4000508293
O             0.5999027789        0.7999080747        0.6000998789
O             0.5999164799        0.7999830140        0.8000796578
O             0.8001673488        0.0000057662       -0.0000760117
O             0.8000730802       -0.0000929236        0.1999573571
O             0.8001112472       -0.0002517014        0.4000223715
O             0.8000460359       -0.0001321692        0.6000969572
O             0.8001125996       -0.0000152282        0.8000403301
O             0.8001974328        0.1998076837       -0.0000412841
O             0.8001749771        0.1997967235        0.1999233832
O             0.8002302933        0.1997854776        0.4000054774
O             0.8001943049        0.1998435949        0.6000509336
O             0.8001496355        0.1999035668        0.8000153049
O             0.8002335960        0.3998337298       -0.0001148225
O             0.8001813796        0.3999409770        0.1999502778
O             0.8002554339        0.3999087676        0.4000213158
O             0.7999933526        0.3999221937        0.6000823555
O             0.8000482721        0.3998481179        0.8000685558
O             0.8000671397        0.5999804520        0.0000279767
O             0.8000459758        0.6000417546        0.2000311409
O             0.7999628383        0.5999840384        0.4000508293
O             0.7999080747        0.5999027789        0.6000998789
O             0.7999830140        0.5999164799        0.8000796578
O             0.8000653030        0.8000653030        0.0000062669
O             0.8000415556        0.8000415556        0.1999982753
O             0.7999196602        0.7999196602        0.4000429082
O             0.7998975606        0.7998975606        0.6001147140
O             0.7999778807        0.7999778807        0.8001204431
