&CONTROL
calculation = 'scf'
verbosity = 'high'
tprnfor=.TRUE.
tstress=.TRUE.
wf_collect = .true.
prefix='pwscf'
outdir = './'
pseudo_dir='/home/jinyuchem/program/QE/pseudo-potential'
/
&SYSTEM
ibrav = 0
ecutwfc = 85
tot_charge = -1
nspin = 2
tot_magnetization = 2.0
nbnd = 800
nat = 215
ntyp = 2
/
&ELECTRONS
conv_thr = 1D-10
diago_full_acc=.true.
/
K_POINTS gamma
CELL_PARAMETERS angstrom
10.70400  0.000000  0.000000
0.000000  10.70400  0.000000
0.000000  0.000000  10.70400
ATOMIC_SPECIES
C  12.01099968  C_ONCV_PBE-1.0.upf
N  14.00699997  N_ONCV_PBE-1.0.upf
ATOMIC_POSITIONS crystal
C   -0.000001369007    0.000091239814    0.000018807771
C    0.083271236150    0.083405641345    0.083382351638
C   -0.000180454175    0.166792078570    0.166785516005
C    0.082896592262    0.250167814230    0.250181029496
C    0.166645734357   -0.000031062036    0.166728363755
C    0.249896540960    0.083187624244    0.250028141618
C    0.166602805871    0.166731895699   -0.000063010172
C    0.249862091217    0.249976441173    0.083196027538
C   -0.000065349005    0.000129350528    0.333478298841
C    0.083050629097    0.083618636392    0.416747325154
C   -0.000549311332    0.167269261221    0.500204205463
C    0.083268761209    0.250142714050    0.583450187021
C    0.166956624457    0.000300027843    0.500148232710
C    0.250031780969    0.083373039994    0.583310236286
C    0.166330605209    0.166686912780    0.333371836014
C    0.249610776917    0.249840178807    0.416567779609
C    0.000005065246    0.000133675128    0.666698854540
C    0.083291320840    0.083481294151    0.750023731487
C   -0.000057309529    0.166895035117    0.833276218484
C    0.083262118270    0.250183623359    0.916595744807
C    0.166684995978    0.000091298601    0.833332691055
C    0.250048390131    0.083405962778    0.916605119648
C    0.166721381267    0.166708423982    0.666587291662
C    0.250077003764    0.250140006342    0.749902794059
C   -0.000111010913    0.333467798223    0.000074041422
C    0.083075938270    0.416679089148    0.083513238946
C   -0.000391230917    0.500136457031    0.167080723167
C    0.083721044535    0.583413714229    0.249698866358
C    0.166323674489    0.333325310563    0.166682496487
C    0.249620646841    0.416485863211    0.249865318117
C    0.166915743429    0.500130023153    0.000249527981
C    0.250012020649    0.583283439773    0.083345676714
C   -0.000625309801    0.333781859297    0.333766573398
C    0.082743156235    0.417115180947    0.417116580949
C   -0.000583661317    0.500650821653    0.500432451164
C    0.083088855268    0.583543451391    0.583512203488
C    0.166390236293    0.333413510778    0.500015472757
C    0.249898922477    0.416713950543    0.583278308052
C    0.166487992057    0.499975652456    0.333368304791
C    0.249963546229    0.583240268386    0.416728368445
C    0.000209741121    0.333444677010    0.666509478690
C    0.083337572158    0.416971417481    0.750068512041
C    0.001021560280    0.500554631801    0.834354339247
C    0.083913855472    0.583366704677    0.917247148804
C    0.166740909647    0.333467635954    0.833223072461
C    0.250179744689    0.416679160158    0.916409956910
C    0.166700415928    0.500133919775    0.666646265261
C    0.250194120042    0.583375826819    0.749906647236
C    0.000127176548    0.666751381724    0.000228956594
C    0.083440156795    0.750068441567    0.083444667500
C    0.000094719156    0.833397114201    0.166752136271
C    0.083358738383    0.916667734519    0.250172963062
C    0.166957150173    0.666581723785    0.166555868783
C    0.250204937221    0.749914685217    0.250129135587
C    0.166718367747    0.833369834096    0.000052628207
C    0.250079549231    0.916621682020    0.083413728634
C    0.000985317828    0.666461132037    0.332553933740
C    0.083645722372    0.750067021112    0.416741222947
C    0.001231289869    0.834308443645    0.500395345360
C    0.083963501377    0.917235685839    0.583339291714
C    0.166791878656    0.666657112251    0.500120153472
C    0.250268528449    0.749878350732    0.583416912170
C    0.166925482197    0.833284149244    0.333433081178
C    0.250307549836    0.916437611530    0.416738295460
C    0.000032054014    0.666667131812    0.666746393510
C    0.083351781332    0.749919540689    0.749920147533
C    0.000008706704    0.833302395830    0.833342022829
C    0.083337624615    0.916716177722    0.916671120991
C    0.166895925461    0.666751496185    0.833460889692
C    0.250111313074    0.750068710160    0.916773996169
C    0.166934158469    0.833465142772    0.666755829262
C    0.250144379940    0.916766216585    0.750078705833
C    0.333394258445   -0.000030913536   -0.000020397488
C    0.416694200415    0.083187767252    0.083230092239
C    0.333179095990    0.166471922463    0.166513059452
C    0.416389775530    0.249628722039    0.249723373145
C    0.500066660893   -0.000352926889    0.166775997691
C    0.583276275320    0.082845001068    0.249992227547
C    0.500037888698    0.166687412024   -0.000335823448
C    0.583233852080    0.249840913640    0.082943633701
C    0.333442777764   -0.000353282993    0.333400527693
C    0.416659293450    0.082844682073    0.416609828344
C    0.333054507928    0.166289964107    0.499883668351
C    0.416140661399    0.249456891573    0.582949561693
C    0.500251545122   -0.000443072291    0.500117468114
C    0.583502734345    0.083198326254    0.583302498239
C    0.499726658190    0.166041186896    0.333059893520
C    0.582802161672    0.249213451295    0.416135350357
C    0.333379972154    0.000151699520    0.666635649735
C    0.416862823656    0.083491786092    0.749911678517
C    0.333452195756    0.166792525155    0.833153859515
C    0.416847222180    0.250168444480    0.916230393319
C    0.500145084540    0.000129878710    0.833268375577
C    0.583413800333    0.083619099183    0.916383917608
C    0.500150104060    0.166868502656    0.666338014252
C    0.583697314757    0.251223370775    0.748903683894
C    0.333348636778    0.333325567119   -0.000342297524
C    0.416531644519    0.416486167744    0.082953954812
C    0.332955985214    0.499812078216    0.166289283110
C    0.416029080871    0.582907062709    0.249362473881
C    0.499659174319    0.332930407247    0.166082209212
C    0.582729383481    0.416077502386    0.249115990162
C    0.500035077763    0.499975910374   -0.000179139264
C    0.583394867958    0.583240530546    0.083296262204
C    0.332748811750    0.332929965686    0.332992835081
C    0.415782976183    0.416077325375    0.416062790596
C    0.333212055690    0.499800356201    0.499855756174
C    0.417096197252    0.583130379219    0.583239185418
C    0.498657122439    0.332087283093    0.499438967202
C    0.583413963536    0.417091533106    0.579228464512
C    0.498494268752    0.499412285037    0.331827351853
C    0.583152254061    0.579221705474    0.416485641967
C    0.333459228727    0.333369143613    0.666365066053
C    0.417635682904    0.416924785884    0.749009095290
C    0.333747338039    0.500136584055    0.832942737950
C    0.416365488255    0.583414021465    0.917054462167
C    0.500432881010    0.333782359475    0.832708168479
C    0.583783200201    0.417115985053    0.916075833617
C    0.501488417890    0.500798481430    0.665150208653
C    0.584582342724    0.584454045552    0.749382419352
C    0.333222429285    0.666581658212    0.000290986298
C    0.416795771350    0.749914845247    0.083538308163
C    0.333506930074    0.833167174067    0.166840368557
C    0.416920147429    0.916206424884    0.250253501747
C    0.500061384864    0.666321103680    0.166843396382
C    0.583673612065    0.748919456323    0.251049161834
C    0.500099670311    0.833284422006    0.000258647037
C    0.583404744631    0.916438099806    0.083640606318
C    0.333510101655    0.666320973614    0.333394748211
C    0.417715978848    0.748919441420    0.417007071857
C    0.333890484795    0.832851842324    0.500211730114
C    0.416721117059    0.916640707721    0.583514088230
C    0.501554465964    0.664835302172    0.500760586405
C    0.585444772250    0.747819851630    0.584596514829
C    0.500513186477    0.832591612735    0.333846508820
C    0.583964425926    0.915670356524    0.417297835204
C    0.333600590153    0.666599836839    0.666664408789
C    0.416768292759    0.749938132805    0.750180321918
C    0.333418384175    0.833397085238    0.833428534080
C    0.416839265668    0.916668118095    0.916692388816
C    0.499220282548    0.666461261203    0.834318743982
C    0.583408003463    0.750067180949    0.916978431313
C    0.499707191050    0.833562968668    0.666712153959
C    0.583562525084    0.916646255192    0.750151567231
C    0.666814664538    0.000300328228    0.000289696004
C    0.749976371977    0.083373311954    0.083364389807
C    0.666549641480    0.166290189404    0.166387229696
C    0.749615580022    0.249456791785    0.249473836276
C    0.833301522898    0.000151414905    0.166713012763
C    0.916577622282    0.083491420566    0.250196052168
C    0.833253177164    0.166709048370    0.000054109836
C    0.916568749992    0.250140278194    0.083410102033
C    0.666783998544   -0.000442780165    0.333584443289
C    0.749969110405    0.083198243100    0.416835950664
C    0.666561851403    0.166638580143    0.499894834409
C    0.749836759217    0.250793154498    0.583170246787
C    0.833337971482   -0.000114619737    0.500180344773
C    0.916475465272    0.083574769933    0.583400247065
C    0.833004242014    0.166868315813    0.333483312440
C    0.915570409682    0.251223334368    0.417031128767
C    0.666847038758   -0.000114327075    0.666670966895
C    0.750066677412    0.083575186744    0.749808466558
C    0.666870578778    0.167269718703    0.832783952631
C    0.750116445214    0.250143624977    0.916601397535
C    0.833365067944    0.000133999806    0.833338190630
C    0.916689805107    0.083481509596    0.916624379422
C    0.833224329503    0.167133373760    0.666557354700
C    0.916561291759    0.250508389785    0.749894432094
C    0.666681822638    0.333414276076   -0.000277002215
C    0.749944696407    0.416714594363    0.083231808608
C    0.666522265078    0.499800767921    0.166544960853
C    0.749906029835    0.583130571655    0.250429052961
C    0.833031165273    0.333369263170    0.166792390257
C    0.915675582381    0.416924376398    0.250968987885
C    0.833312604999    0.500134007738    0.000032835127
C    0.916572807589    0.583375936294    0.083527019534
C    0.666105644352    0.332087382624    0.331990442718
C    0.745895127357    0.417091594204    0.416747341363
C    0.831558196517    0.335417148959    0.500829316284
C    0.914707334499    0.419607406163    0.584425715787
C    0.831816961525    0.500798294386    0.334821682596
C    0.916049835437    0.584453166123    0.417915955475
C    0.667495972060    0.335417167486    0.664891317376
C    0.751092601558    0.419608030148    0.748039441987
C    0.667099258410    0.500651465294    0.832748118224
C    0.750179087364    0.583543710395    0.916420846106
C    0.833176245629    0.333445350659    0.833542138459
C    0.916735233943    0.416971721537    0.916670116956
C    0.838720554308    0.498298926785    0.672052813157
C    0.916308820532    0.582904452834    0.749641065288
C    0.666786690033    0.666657290556    0.000124246672
C    0.750083330817    0.749878750938    0.083601090300
C    0.666877893569    0.832852079039    0.167223732066
C    0.750179931102    0.916640386119    0.250054479753
C    0.833330626867    0.666600006485    0.166933467422
C    0.916846632152    0.749938008715    0.250101795429
C    0.833422131944    0.833465334073    0.000266873667
C    0.916744713112    0.916765946235    0.083477435010
C    0.667427497350    0.664834913985    0.334887642652
C    0.751263175041    0.747819215440    0.418779195521
C    0.667549666658    0.831940165351    0.500882785796
C    0.750262678100    0.915960217136    0.583595754108
C    0.841594874802    0.672703946643    0.494668246772
C    0.916628862488    0.749231627836    0.582683611908
C    0.833378755785    0.833562220465    0.333041166086
C    0.916818566414    0.916646022553    0.416896025838
C    0.661334473719    0.672704344646    0.674926348976
C    0.749349976409    0.749231962240    0.749961221102
C    0.667062269056    0.834308726834    0.834564076708
C    0.750005749035    0.917236056871    0.917296133555
C    0.833413302115    0.666667258453    0.833363951407
C    0.916586841805    0.749919342175    0.916684443623
C    0.833185635601    0.832582714369    0.666518391206
C    0.916485499785    0.916330459127    0.749818948034
N    0.658388832728    0.492524473760    0.491721903658
