&control
    calculation = 'scf',
    prefix='pwscf',
    pseudo_dir='/home/jinyuchem/program/QE/pseudo-potential',
    outdir = './',
    verbosity='high',
    tprnfor=.TRUE.,
    wf_collect=.TRUE.
    max_seconds = 84000
!    restart_mode = 'restart'
/
&system
    ibrav=0,
    nat = 215
    ntyp=2,
    ecutwfc = 60,
    nbnd = 872
    input_dft = 'PBE0'
    exx_fraction = 0.36
    ecutfock = 120
/
&electrons
    diago_full_acc=.true.,
    conv_thr=1.0D-7
    electron_maxstep=300
    mixing_mode = 'plain'
    mixing_beta = 0.3
    diagonalization = 'david'
/
ATOMIC_SPECIES
Mg  24.305  Mg_ONCV_PBE-1.0.upf
O   15.999  O_ONCV_PBE-1.0.upf
K_POINTS gamma
CELL_PARAMETERS {angstrom}
        12.570000000       0.0000000000        0.0000000000
        0.0000000000       12.570000000        0.0000000000
        0.0000000000       0.0000000000        12.570000000
ATOMIC_POSITIONS {crystal}
Mg    0.000001821454    0.000041459111   -0.000043065516
Mg    0.000019742194    0.000058586309    0.333124030331
Mg    0.000027790522    0.000070831747    0.666778247878
Mg   -0.000022905992    0.333218633072   -0.000073795711
Mg    0.000102770024    0.333135090985    0.333013431172
Mg    0.000002735561    0.333165271824    0.666831216690
Mg   -0.000015289872    0.666874736946   -0.000059463528
Mg    0.000002082185    0.666937930589    0.333060126025
Mg   -0.000095817724    0.666984974117    0.666862883627
Mg    0.333173392536    0.000037988351   -0.000050859611
Mg    0.333080817659    0.000181237108    0.333017128644
Mg    0.333116427790    0.000057512387    0.666832278219
Mg    0.333077348430    0.333135890666    0.000000343105
Mg    0.333449645291    0.333553490776    0.333331855553
Mg    0.333114217429    0.333189666326    0.666877629925
Mg    0.333116240128    0.666937934252   -0.000060413338
Mg    0.333094206684    0.667041024965    0.333009792888
Mg    0.333041551334    0.666979220322    0.666819463318
Mg    0.666830434536    0.000046521556   -0.000040642130
Mg    0.666888769661    0.000057687698    0.333060802752
Mg    0.666927535931   -0.000007639505    0.666861228391
Mg    0.666887878008    0.333164653450   -0.000059738785
Mg    0.666965867636    0.333176039317    0.333018576831
Mg    0.666892303982    0.333116673026    0.666807700794
Mg    0.666924852862    0.666979470512   -0.000181762102
Mg    0.666912846842    0.666986246134    0.332956836959
Mg    0.666558096364    0.666662918983    0.666444062996
Mg    0.000049120366    0.166599233862    0.166485645255
Mg    0.000076330910    0.166382821443    0.499901016947
Mg    0.000002029536    0.166621763913    0.833375906634
Mg    0.000038041326    0.500007937688    0.166252243646
Mg    0.000003029708    0.500058253561    0.499939326368
Mg   -0.000070332836    0.500096851584    0.833615675258
Mg    0.000002180238    0.833471038096    0.166528646991
Mg   -0.000033199123    0.833746059027    0.499990729764
Mg   -0.000042270423    0.833511439669    0.833398486833
Mg    0.333080935871    0.166710476373    0.166541034173
Mg    0.332430076425    0.165745376399    0.499945864671
Mg    0.333052755258    0.166498108317    0.833464790459
Mg    0.332422197086    0.500103677755    0.165551120308
Mg    0.325570864397    0.500009236445    0.499802067529
Mg    0.332478377197    0.500069547485    0.834391461184
Mg    0.333047653670    0.833590004064    0.166402394296
Mg    0.332471920596    0.834539541145    0.499927031772
Mg    0.333110963200    0.833512801991    0.833414995861
Mg    0.666893211000    0.166581167199    0.166485210377
Mg    0.667525708525    0.165605117336    0.499928064517
Mg    0.666950812864    0.166529792773    0.833499002219
Mg    0.667534795867    0.500070587411    0.165456765821
Mg    0.674437615675    0.500193113409    0.499986458816
Mg    0.667575972009    0.500050357959    0.834252896511
Mg    0.666957709148    0.833595041988    0.166409271916
Mg    0.667583905286    0.834442994126    0.499893918504
Mg    0.666924545923    0.833451909080    0.833287840457
Mg    0.166554832175    0.000112181094    0.166494805534
Mg    0.166338622904    0.000126872808    0.499899571697
Mg    0.166580675104    0.000041776601    0.833380329414
Mg    0.166619856914    0.333154229365    0.166524521291
Mg    0.165665595181    0.332505326741    0.499951015691
Mg    0.166446332921    0.333100903801    0.833458188185
Mg    0.166522688165    0.666946685420    0.166470643107
Mg    0.165530458288    0.667592959116    0.499934301523
Mg    0.166466208930    0.667003218541    0.833493160447
Mg    0.499954898630    0.000108438703    0.166269805924
Mg    0.499998859842    0.000081545010    0.499936033748
Mg    0.500045798290    0.000000365054    0.833629505268
Mg    0.500033431249    0.332501675205    0.165561475020
Mg    0.499906863832    0.325670651762    0.499797312280
Mg    0.500005542436    0.332540243496    0.834388165187
Mg    0.500008975508    0.667596538072    0.165452960085
Mg    0.500093783818    0.674532991298    0.499984293293
Mg    0.499985910919    0.667652996149    0.834262335014
Mg    0.833431196469    0.000040648239    0.166531632223
Mg    0.833698609033    0.000020930281    0.499987652651
Mg    0.833464620057    0.000025548542    0.833404104898
Mg    0.833528737296    0.333096288335    0.166395188849
Mg    0.834469085793    0.332536283480    0.499928111689
Mg    0.833454519530    0.333161570283    0.833402752986
Mg    0.833544216214    0.667004617451    0.166405345313
Mg    0.834360200179    0.667658317954    0.499902160425
Mg    0.833360833639    0.666993829804    0.833278615019
Mg    0.166540134972    0.166593777685   -0.000031603522
Mg    0.166646971681    0.166720983663    0.333003053719
Mg    0.166550799299    0.166595620731    0.666834611747
Mg    0.166305348960    0.500010133494   -0.000025320209
Mg    0.165645391732    0.500095859875    0.332337219500
Mg    0.165536189087    0.500069435235    0.667460849215
Mg    0.166573179289    0.833467152933   -0.000042406141
Mg    0.166461083764    0.833594337418    0.332995208112
Mg    0.166476716385    0.833604038790    0.666900462575
Mg    0.499958114006    0.166367221371   -0.000005095270
Mg    0.500019504274    0.165735574170    0.332343912158
Mg    0.499999684490    0.165607254534    0.667456103065
Mg    0.500006157339    0.500061152931   -0.000084587865
Mg    0.499915669309    0.500011675541    0.325462014845
Mg    0.500100278728    0.500198449228    0.674325510205
Mg    0.500049984392    0.833727069814   -0.000110485403
Mg    0.499997516260    0.834543471239    0.332401327056
Mg    0.499973157895    0.834432356941    0.667495111244
Mg    0.833423064918    0.166616711281   -0.000043147499
Mg    0.833539717478    0.166504096932    0.332996396283
Mg    0.833557750278    0.166536787680    0.666895303031
Mg    0.833667225189    0.500097821248   -0.000126763251
Mg    0.834475964303    0.500062557396    0.332404940611
Mg    0.834341668522    0.500044821926    0.667492932760
Mg    0.833449991219    0.833502215118   -0.000112729296
Mg    0.833480962729    0.833526722791    0.333052460561
Mg    0.833386443089    0.833468962831    0.666842745554
O   -0.000146928445    0.166651190660   -0.000179923493
O   -0.000348408613    0.166539080175    0.333367745755
O   -0.000006469193    0.166723195974    0.666702110579
O   -0.000013268558    0.500029039687   -0.000047540351
O   -0.000175698987    0.500207897995    0.333074340560
O    0.000167721715    0.499863635921    0.666833540342
O    0.000138704498    0.833404694393    0.000107296142
O    0.000025427442    0.833351619991    0.333235117564
O    0.000382511282    0.833554198053    0.666556099847
O    0.333409821585    0.166523636773   -0.000422547055
O    0.333680598879    0.166317820663    0.333614311880
O    0.333528590371    0.166630152426    0.666834720093
O    0.333115337494    0.500216079195   -0.000239504265
O    0.334637775911    0.501528454462    0.334522245490
O    0.334272612555    0.500084888933    0.665649377023
O    0.333267792722    0.833346508347   -0.000015772239
O    0.333416747143    0.833226686123    0.333378085114
O    0.333115300675    0.833463722989    0.666432443986
O    0.666734770237    0.166715169413   -0.000047380522
O    0.666877566490    0.166621967152    0.333482852811
O    0.666572568478    0.166883909515    0.666530862224
O    0.666872862046    0.499866363570    0.000112353276
O    0.665772969249    0.500079689619    0.334152705724
O    0.665357972127    0.498657516567    0.665246148671
O    0.666598482178    0.833537490277    0.000318447813
O    0.666480419192    0.833471354815    0.333071165897
O    0.666287949124    0.833873489095    0.666212412009
O   -0.000135074994   -0.000108495899    0.166594383352
O    0.000015770184    0.000046652942    0.499969659111
O    0.000149641263    0.000178216684    0.833347294074
O   -0.000376697692    0.333442429903    0.166445302276
O   -0.000164007307    0.333165699764    0.500135579521
O    0.000007852746    0.333295605138    0.833274708186
O   -0.000022372035    0.666764539056    0.166647782114
O    0.000178920368    0.666923379763    0.499790282356
O    0.000353383538    0.666630207318    0.833460478646
O    0.333404785125   -0.000320787164    0.166459595978
O    0.333130416136   -0.000113678756    0.500131949991
O    0.333268099888    0.000045353980    0.833281740163
O    0.333719319591    0.333790313622    0.166116627004
O    0.334648218556    0.334752251545    0.501337060736
O    0.333431103464    0.333468509573    0.833112931588
O    0.333524413514    0.666928443362    0.166526321309
O    0.334236378569    0.665841941203    0.499915549485
O    0.333125451071    0.666515702364    0.833375529103
O    0.666735452945    0.000014350789    0.166652523418
O    0.666887292547    0.000236475134    0.499783117441
O    0.666594400398    0.000414848035    0.833472081622
O    0.666888221211    0.333565061709    0.166534148114
O    0.665736068620    0.334346643990    0.499913032583
O    0.666474222807    0.333163974153    0.833367583592
O    0.666586314436    0.666620592422    0.166772335435
O    0.665372066973    0.665470641644    0.498469586698
O    0.666324536337    0.666381073064    0.833680094365
O    0.166306229035    0.166366108501    0.166231742567
O    0.166332893685    0.166380863306    0.500456491940
O    0.166637096702    0.166663796318    0.833234856968
O    0.166279880612    0.500582596965    0.166220152018
O    0.164881527726    0.500699822417    0.500552906438
O    0.166737393041    0.500035038144    0.833215234222
O    0.166633691112    0.833306364635    0.166602844573
O    0.166739874117    0.833305627334    0.499966450122
O    0.166728563982    0.833394760656    0.833336284169
O    0.500517022054    0.166356972688    0.166250397160
O    0.500626329066    0.164967960407    0.500549174730
O    0.500001722978    0.166780747327    0.833216423778
O    0.500634797583    0.500702671625    0.164790131642
O    0.499381173957    0.499447336946    0.835027401105
O    0.500000877806    0.833304304650    0.166695502436
O    0.499370405830    0.835207268632    0.499294242765
O    0.499487970983    0.833744246387    0.833638339597
O    0.833274979700    0.166661955413    0.166604881635
O    0.833266434150    0.166782005957    0.499964231252
O    0.833365376874    0.166761835276    0.833334077108
O    0.833263062693    0.500032080844    0.166693493545
O    0.835125033840    0.499441598118    0.499299455893
O    0.833669491834    0.499541891566    0.833616121531
O    0.833369018017    0.833396245751    0.166693429626
O    0.833725490982    0.833778249023    0.499417097278
O    0.833700573154    0.833762687878    0.833631184945
O    0.166624539827   -0.000113803547   -0.000173978562
O    0.166506612128   -0.000311483846    0.333367199773
O    0.166692224935    0.000022806353    0.666703394997
O    0.166477080850    0.333447106570   -0.000443288835
O    0.166241481286    0.333760723663    0.333625420827
O    0.166590024737    0.333569253707    0.666838956990
O    0.166679818655    0.666764646830   -0.000055627151
O    0.166574941200    0.666920807247    0.333479673525
O    0.166829058282    0.666615508910    0.666539242286
O    0.500001492034    0.000030859379   -0.000033591953
O    0.500169422220   -0.000118637265    0.333082766578
O    0.499822727197    0.000229968515    0.666840580395
O    0.500180613097    0.333158596697   -0.000232203828
O    0.501434840590    0.334744817615    0.334527523901
O    0.500003920518    0.334362753163    0.665634657248
O    0.499833544357    0.666915497565    0.000116471318
O    0.500002846671    0.665863289050    0.334130926538
O    0.498570436374    0.665465464377    0.665253489201
O    0.833378072969    0.000171377096    0.000112075199
O    0.833323396644    0.000054649846    0.333235111408
O    0.833525478415    0.000437259177    0.666552130072
O    0.833310602373    0.333295317854   -0.000023414080
O    0.833174313090    0.333458912762    0.333382709352
O    0.833413374025    0.333160281275    0.666430913949
O    0.833497295722    0.666630513752    0.000310900188
O    0.833429668360    0.666517554345    0.333077182130
O    0.833768249870    0.666368169191    0.666238293495
