&CONTROL
calculation = 'scf'
verbosity = 'high'
tprnfor=.TRUE.
tstress=.TRUE.
wf_collect = .true.
prefix='pwscf'
outdir = './'
pseudo_dir='/home/jinyuchem/program/QE/pseudo-potential'
/
&SYSTEM
ibrav = 0
ecutwfc = 85
tot_charge = -1
nspin = 2
tot_magnetization = 2.0
nbnd = 440
nat = 215
ntyp = 2
/
&ELECTRONS
conv_thr = 1D-10
diago_full_acc=.true.
/
K_POINTS gamma
CELL_PARAMETERS angstrom
10.70400  0.000000  0.000000
0.000000  10.70400  0.000000
0.000000  0.000000  10.70400
ATOMIC_SPECIES
C  12.01099968  C_ONCV_PBE-1.0.upf
N  14.00699997  N_ONCV_PBE-1.0.upf
ATOMIC_POSITIONS crystal
C   -0.000176396358   -0.000126940118   -0.000125243666
C    0.083257604217    0.083285717303    0.083286375633
C   -0.000074085437    0.166668380175    0.166669705781
C    0.083192302342    0.250040991606    0.250041983369
C    0.166620383727   -0.000053522524    0.166653369357
C    0.250010450706    0.083253791229    0.250019587214
C    0.166621758738    0.166652924390   -0.000053489853
C    0.250012007684    0.250019445653    0.083253127398
C   -0.000055251652   -0.000044143486    0.333323262036
C    0.083178215817    0.083409240277    0.416589462190
C   -0.000203729059    0.166779697856    0.500086740783
C    0.084034809406    0.249294301055    0.583379281718
C    0.166872992444    0.000252326409    0.500039228711
C    0.250016696206    0.083570145631    0.583424907148
C    0.166577384446    0.166645344986    0.333319066777
C    0.250032430417    0.249925570139    0.416585551318
C   -0.000217742236   -0.000243161926    0.666588019860
C    0.083225078298    0.083174246538    0.749984124397
C   -0.000033326838    0.166484025600    0.833286431093
C    0.083304331808    0.249978855178    0.916584138918
C    0.166413240752   -0.000052848429    0.833320640920
C    0.249957785753    0.083374426051    0.916654837261
C    0.166928126977    0.166378928489    0.666558586584
C    0.250152594730    0.250016703141    0.749991239585
C   -0.000052672518    0.333321780705   -0.000042688020
C    0.083179718588    0.416588343609    0.083411120487
C   -0.000204683215    0.500085252160    0.166782308276
C    0.084029957679    0.583377474594    0.249299278147
C    0.166578216216    0.333318096258    0.166646044593
C    0.250032248773    0.416585608183    0.249925495380
C    0.166875876590    0.500038158843    0.000254532322
C    0.250016898499    0.583424760790    0.083571640991
C   -0.000202865045    0.333541051495    0.333543010656
C    0.083298862097    0.416811048133    0.416812745478
C    0.000123419905    0.500038004624    0.500041804362
C    0.083313393874    0.583238240811    0.583240046367
C    0.166805503331    0.333173009692    0.499930863411
C    0.250058769278    0.416647644549    0.583278135492
C    0.166804141205    0.499929600873    0.333174615834
C    0.250057147435    0.583278102044    0.416648029387
C    0.001451969877    0.331974549541    0.666181210628
C    0.083693024933    0.416475072842    0.749929570418
C    0.000904829559    0.500138606582    0.833821584934
C    0.083721423891    0.583235915871    0.917002056333
C    0.166854983175    0.333284553339    0.833300201456
C    0.250156375102    0.416651501600    0.916562144544
C    0.166772118498    0.499987315191    0.666610589113
C    0.250006253253    0.583365970292    0.749948018340
C   -0.000217302891    0.666585733807   -0.000241568868
C    0.083223163165    0.749982777585    0.083176383651
C   -0.000036177452    0.833285331154    0.166486628275
C    0.083301623573    0.916583713824    0.249979945191
C    0.166924274213    0.666558132174    0.166381818120
C    0.250148734052    0.749991421653    0.250017322234
C    0.166412753270    0.833319783789   -0.000051583394
C    0.249956324958    0.916655223213    0.083374021389
C    0.001444339988    0.666180432242    0.331981880165
C    0.083688113307    0.749928183310    0.416478574506
C    0.000899941497    0.833819328051    0.500141240441
C    0.083718173952    0.916999127532    0.583238461958
C    0.166769835133    0.666609561083    0.499988587435
C    0.250004339708    0.749947675350    0.583366121349
C    0.166850428109    0.833299832335    0.333285905635
C    0.250152359218    0.916561812536    0.416651806688
C   -0.000112055572    0.666273560493    0.666276725612
C    0.083100311056    0.749683411838    0.749685645025
C   -0.000477082692    0.832960488311    0.832962668258
C    0.082997417559    0.916504686209    0.916506420679
C    0.166620192300    0.666671478350    0.833390531746
C    0.249745473067    0.750109323749    0.916874706907
C    0.166618980076    0.833388758872    0.666673138618
C    0.249745003237    0.916874389997    0.750109301245
C    0.333292303341    0.000023225286    0.000022262490
C    0.416725589484    0.083340681738    0.083338969245
C    0.333306276970    0.166591352550    0.166590597304
C    0.416707351239    0.249895885065    0.249894162810
C    0.500067646852   -0.000125011729    0.166878877650
C    0.583410326137    0.083153010068    0.250158387698
C    0.500069591113    0.166881038758   -0.000126941072
C    0.583412044269    0.250160619402    0.083150744342
C    0.333470417666   -0.000149807302    0.333433593267
C    0.416823431059    0.083184671611    0.416709287554
C    0.333389524518    0.166627426168    0.499929566346
C    0.416643184244    0.249988719668    0.583342224274
C    0.500041930549   -0.000153627158    0.500216788796
C    0.583464861862    0.083280491577    0.583379089621
C    0.499937515505    0.166404312541    0.333217916463
C    0.583235813207    0.249698237729    0.416541720057
C    0.332819070568    0.000642465511    0.666607754414
C    0.416659710437    0.083690967685    0.750049406995
C    0.333426783244    0.166858080122    0.833305259542
C    0.416896842578    0.250310376449    0.916434224202
C    0.499929023541    0.000313176616    0.833372358251
C    0.583290992361    0.083721514607    0.916576069904
C    0.500204904946    0.166951009077    0.666549822271
C    0.583653674003    0.251060655800    0.749191091318
C    0.333473448421    0.333434312740   -0.000150960020
C    0.416825452688    0.416711184100    0.083182702659
C    0.333389685210    0.499930335775    0.166626940713
C    0.416641763544    0.583343716487    0.249987487255
C    0.499938578380    0.333219732647    0.166402540446
C    0.583235878511    0.416543280144    0.249697055695
C    0.500045017218    0.500218486708   -0.000157095592
C    0.583465066328    0.583380811573    0.083278281722
C    0.333174345853    0.333101507357    0.333100916872
C    0.416294149051    0.416482166563    0.416480508245
C    0.333220122531    0.499984251006    0.499983658252
C    0.416796764376    0.583413435164    0.583411718555
C    0.499386929728    0.332834516679    0.499536953271
C    0.583989407217    0.417823914941    0.581257332063
C    0.499385803651    0.499538978202    0.332833486064
C    0.583986969523    0.581259137681    0.417823454158
C    0.333506315732    0.333468959749    0.666590401713
C    0.417353882290    0.417062009292    0.749305060696
C    0.333454241003    0.500249710756    0.833269024164
C    0.415666985755    0.583692439151    0.917611311491
C    0.500403679190    0.333926193363    0.832864321668
C    0.583872475308    0.417400379410    0.915805780097
C    0.500836174145    0.501223042192    0.665889139009
C    0.583140608611    0.585868240309    0.749594649880
C    0.332819798439    0.666608491251    0.000641223155
C    0.416658016450    0.750051106667    0.083688766324
C    0.333423799502    0.833306336538    0.166857026560
C    0.416892857913    0.916436085987    0.250308407302
C    0.500202548337    0.666551452717    0.166948746255
C    0.583649556708    0.749193226150    0.251059387424
C    0.499928506613    0.833373991471    0.000310298296
C    0.583289276890    0.916577650379    0.083719491547
C    0.333503159973    0.666591376629    0.333468318306
C    0.417349784518    0.749306983867    0.417060374387
C    0.333450642053    0.833270208363    0.500248933453
C    0.415663741881    0.917614993442    0.583690787764
C    0.500833109058    0.665893088874    0.501220891485
C    0.583132718873    0.749606287933    0.585865248846
C    0.500399296952    0.832867077169    0.333924029671
C    0.583867567145    0.915810048779    0.417397567448
C    0.333179103673    0.666795018308    0.666794411335
C    0.415970204825    0.750371920304    0.750369616345
C    0.332894562660    0.833518472946    0.833517560771
C    0.416606029166    0.916766974514    0.916765184876
C    0.498059143588    0.666444181047    0.834870528182
C    0.582962625999    0.750106166639    0.916952811338
C    0.498054948995    0.834876439200    0.666441383372
C    0.582961814732    0.916956096912    0.750104555825
C    0.666683122681    0.000457526388    0.000456358914
C    0.749996143072    0.083561459792    0.083561998151
C    0.666630585897    0.166734384162    0.166733188036
C    0.750041866905    0.249982341319    0.249982266994
C    0.833226976475    0.000102346213    0.166582644890
C    0.916642119888    0.083363907689    0.250042577244
C    0.833228591573    0.166581073899    0.000104108615
C    0.916643400350    0.250041590331    0.083365329390
C    0.666763418985   -0.000373729874    0.333610611805
C    0.750048223631    0.083140286922    0.416796136365
C    0.666754197312    0.166594354233    0.500008861751
C    0.750101378701    0.250398190930    0.583217789677
C    0.833265179860   -0.000325924086    0.500084618462
C    0.916495315064    0.083213042826    0.583262621760
C    0.833243197596    0.166736196926    0.333455470194
C    0.916059830267    0.250740464316    0.416790576468
C    0.666645349024   -0.000151638510    0.666689339710
C    0.749927275337    0.083351671043    0.749799298250
C    0.666838791441    0.167108984572    0.832963680254
C    0.750181262862    0.249919013652    0.916696886175
C    0.833069858575   -0.000150666514    0.833271639830
C    0.916570634373    0.083216505333    0.916584453008
C    0.833339105572    0.166695566609    0.666598412000
C    0.916906615473    0.249828489943    0.749867311253
C    0.666767137906    0.333612183804   -0.000376204447
C    0.750049823438    0.416796628171    0.083139771789
C    0.666754176245    0.500009796060    0.166593365565
C    0.750099129346    0.583218460568    0.250398746310
C    0.833243847820    0.333455029703    0.166736887538
C    0.916059562775    0.416789417962    0.250742958723
C    0.833267227164    0.500083741917   -0.000326384149
C    0.916495093686    0.583261379893    0.083214331370
C    0.666285691549    0.332841869373    0.332841372790
C    0.747960260693    0.417720674297    0.417721733484
C    0.832669624193    0.334562183404    0.500891411691
C    0.917280020235    0.416938978788    0.584459086364
C    0.832666825008    0.500890418333    0.334564846143
C    0.917271522158    0.584453929819    0.416949018867
C    0.667714636464    0.334833323699    0.665387176467
C    0.751418396015    0.418497896909    0.748013208975
C    0.667098856318    0.501137373421    0.831937163650
C    0.749939382596    0.583435640707    0.915741019183
C    0.833265606534    0.332776049602    0.833571990971
C    0.916735267175    0.416714989304    0.916492209815
C    0.841946115245    0.492906737288    0.671723149181
C    0.916277837615    0.582620627957    0.748582292787
C    0.666645319712    0.666690126569   -0.000153939086
C    0.749925647139    0.749799492490    0.083351217142
C    0.666835840243    0.832964716846    0.167108031336
C    0.750177229299    0.916696455747    0.249920151255
C    0.833337200214    0.666597644468    0.166696714677
C    0.916901894152    0.749866456232    0.249832397216
C    0.833068685007    0.833270145684   -0.000150817626
C    0.916569100943    0.916582862677    0.083217897344
C    0.667710381977    0.665388717100    0.334833010952
C    0.751409450607    0.748016654281    0.418500111642
C    0.667091691053    0.831943738312    0.501135104721
C    0.749937070828    0.915743850461    0.583435718477
C    0.841932321415    0.671723833875    0.492919960910
C    0.916274709163    0.748583235293    0.582628371634
C    0.833261043668    0.833571247022    0.332779587920
C    0.916731894635    0.916491073443    0.416716992093
C    0.656149675734    0.674750114688    0.674735751799
C    0.747957308685    0.748692913368    0.748689130192
C    0.666587845245    0.834236208660    0.834233904352
C    0.749609183132    0.917280951809    0.917280595893
C    0.832502637387    0.666085903626    0.831968593910
C    0.915998452932    0.749512701186    0.915932137262
C    0.832502292945    0.831972385350    0.666089072696
C    0.915998713002    0.915932556200    0.749515396260
N    0.660803790531    0.494616676408    0.494616212373
