&CONTROL
calculation = 'scf'
restart_mode = 'from_scratch'
verbosity = 'high'
wf_collect = .true.
pseudo_dir='/home/jinyuchem/program/QE/pseudo-potential'
tprnfor = .true.
/
&SYSTEM
ibrav = 0
ecutwfc = 60
tot_charge = -1
nspin = 2
tot_magnetization = 2.0
nbnd = 456
nat = 215
ntyp = 2
input_dft = 'PBE0'
exx_fraction = 0.18
ecutfock = 120
/
&ELECTRONS
conv_thr = 1D-8
diago_full_acc=.true.
mixing_beta = 0.3
/
K_POINTS gamma
CELL_PARAMETERS angstrom
10.65000  0.000000  0.000000
0.000000  10.65000  0.000000
0.000000  0.000000  10.65000
ATOMIC_SPECIES
C  12.01099968  C_ONCV_PBE-1.0.upf
N  14.00699997  N_ONCV_PBE-1.0.upf
ATOMIC_POSITIONS crystal
C    0.000008845971    0.000031658730    0.000032132306
C    0.083278971282    0.083386936441    0.083387657462
C   -0.000131064336    0.166811037974    0.166812441141
C    0.082969844796    0.250210098032    0.250209942083
C    0.166636200205   -0.000013662907    0.166719386310
C    0.249877609734    0.083262940752    0.250037308113
C    0.166638531618    0.166723690446   -0.000015110437
C    0.249879387118    0.250038238354    0.083257998182
C   -0.000044856619    0.000230969098    0.333388255925
C    0.083142832896    0.083586990136    0.416717898061
C   -0.000427012881    0.167124076148    0.500159840443
C    0.083264812668    0.250045895311    0.583483853142
C    0.166917992829    0.000238089412    0.500126888491
C    0.250013623776    0.083386568506    0.583330836153
C    0.166400377109    0.166785785738    0.333389556859
C    0.249604780181    0.250046711708    0.416647521703
C    0.000109992818    0.000254756232    0.666780486715
C    0.083421301253    0.083457618933    0.750075493228
C    0.000045652407    0.166713037003    0.833428866289
C    0.083325598779    0.250140864407    0.916699331678
C    0.166735595227    0.000001927830    0.833324368955
C    0.250044613666    0.083367575304    0.916624881882
C    0.166791621919    0.166751433612    0.666662119082
C    0.250142986154    0.250206368596    0.749932359954
C   -0.000044831486    0.333392111913    0.000232600543
C    0.083142342611    0.416718024738    0.083585178275
C   -0.000424357719    0.500158735192    0.167122128226
C    0.083264135448    0.583482758900    0.250046770003
C    0.166401335694    0.333389015919    0.166780487268
C    0.249602685700    0.416649023324    0.250049236712
C    0.166918826953    0.500125515137    0.000237368318
C    0.250013994285    0.583329596240    0.083385582336
C   -0.000642233129    0.333735570915    0.333736979492
C    0.082368394060    0.417235959646    0.417230984348
C   -0.001522878237    0.500846908922    0.500844179018
C    0.082572436288    0.583559737003    0.583562863886
C    0.166270507642    0.333593080340    0.500117306782
C    0.249898525614    0.416868202658    0.583315848552
C    0.166272374365    0.500120262523    0.333591468020
C    0.249898535065    0.583314059025    0.416868255627
C    0.000069887195    0.333019025659    0.666693639975
C    0.083234597607    0.416879292539    0.750140828524
C    0.000775126406    0.500384888745    0.834483369629
C    0.083789305046    0.583342328367    0.917237156677
C    0.166755536436    0.333465356435    0.833259289535
C    0.250253139628    0.416766041677    0.916400696774
C    0.166489759541    0.500174544497    0.666674333646
C    0.250204810559    0.583410552966    0.749813308926
C    0.000112625739    0.666785063167    0.000250915246
C    0.083420636836    0.750072197231    0.083458787750
C    0.000044617810    0.833427060269    0.166708431825
C    0.083324416610    0.916698424651    0.250135561620
C    0.166791551821    0.666662333811    0.166747917627
C    0.250142015483    0.749929620102    0.250206573588
C    0.166740543602    0.833325640075   -0.000003551496
C    0.250046228688    0.916626322639    0.083364876741
C    0.000071204104    0.666692494381    0.333019359719
C    0.083238042117    0.750137309542    0.416875579220
C    0.000768592766    0.834488451932    0.500383696479
C    0.083785510187    0.917240365260    0.583346884668
C    0.166491973641    0.666675252781    0.500175431734
C    0.250207783425    0.749811792426    0.583410062705
C    0.166754616610    0.833259440885    0.333460083558
C    0.250255237760    0.916397819089    0.416762796810
C   -0.000961765787    0.666514340684    0.666518870433
C    0.082922819038    0.749841722787    0.749842266616
C   -0.000095755012    0.833361424300    0.833363736188
C    0.083346879009    0.916671701269    0.916669612986
C    0.166735651984    0.666698053865    0.833297949574
C    0.250102228325    0.750027395114    0.916604711256
C    0.166739270277    0.833297566436    0.666703266621
C    0.250103937968    0.916602416069    0.750027566644
C    0.333373070563   -0.000060947502   -0.000062748719
C    0.416628221818    0.083224768166    0.083223610559
C    0.333162682631    0.166571724872    0.166566320079
C    0.416368275175    0.249815922594    0.249813261776
C    0.499956327576   -0.000270033827    0.166691812127
C    0.583138735460    0.083049092743    0.249882713207
C    0.499952560083    0.166691036033   -0.000268741424
C    0.583137660210    0.249884279990    0.083047580248
C    0.333326330560   -0.000262591771    0.333380265643
C    0.416510439160    0.083043196062    0.416625450293
C    0.333004035112    0.166495841027    0.499932501501
C    0.416244609125    0.249615360916    0.583035039096
C    0.499994535228   -0.000186186254    0.500035988189
C    0.583323321399    0.083234157470    0.583304971155
C    0.499641004299    0.166197286333    0.333065865229
C    0.582823979657    0.249219057598    0.416129112637
C    0.333330744209    0.000035945625    0.666593617982
C    0.416754680348    0.083387974697    0.749943729801
C    0.333403120753    0.166786482926    0.833186131425
C    0.416777105485    0.250167824290    0.916322200050
C    0.500098582560    0.000027420263    0.833212165895
C    0.583266157644    0.083467054962    0.916465245710
C    0.499985274619    0.166782151320    0.666445298210
C    0.583467806669    0.250852852769    0.749137104529
C    0.333318630982    0.333383457991   -0.000262674740
C    0.416509135404    0.416629917871    0.083044588409
C    0.333006443864    0.499936570570    0.166497185400
C    0.416236542338    0.583039514283    0.249610539845
C    0.499640467213    0.333066700883    0.166196363472
C    0.582824329027    0.416127842705    0.249218350817
C    0.499990713463    0.500030651280   -0.000188297036
C    0.583324484666    0.583304477781    0.083234878083
C    0.332843979345    0.333151610418    0.333153893116
C    0.416081685507    0.416276567677    0.416278822311
C    0.333400127530    0.499977135056    0.499980112054
C    0.417578992893    0.583237281397    0.583238865760
C    0.498999888954    0.332185445858    0.499549105755
C    0.584142626872    0.416965889132    0.579327135583
C    0.498997973835    0.499546442468    0.332186218065
C    0.584136854024    0.579325726814    0.416965036651
C    0.333552317368    0.333530587880    0.666420828463
C    0.417940269543    0.417088138525    0.748953998802
C    0.333907896276    0.500219620327    0.832818687545
C    0.416818520859    0.583518564153    0.916598767122
C    0.500339058875    0.333719284989    0.832840701643
C    0.583618616946    0.417070440702    0.916283629996
C    0.502346725361    0.500989118381    0.665027275721
C    0.586556568629    0.584730014154    0.748038938736
C    0.333329949574    0.666589934531    0.000038807901
C    0.416751361638    0.749941315031    0.083384667073
C    0.333405270734    0.833190343659    0.166783955286
C    0.416782089333    0.916326776119    0.250169212527
C    0.499985826773    0.666445323584    0.166781740814
C    0.583468097739    0.749134296401    0.250851255928
C    0.500099245475    0.833210342274    0.000028601788
C    0.583266125512    0.916464662527    0.083469697176
C    0.333553344799    0.666417737038    0.333528613134
C    0.417937741272    0.748954890211    0.417085775542
C    0.333907196052    0.832821073475    0.500217947268
C    0.416815001061    0.916597736578    0.583521312798
C    0.502347351527    0.665023621293    0.500984281882
C    0.586554856066    0.748039290524    0.584725013120
C    0.500338611293    0.832841855105    0.333721389039
C    0.583620945168    0.916281159809    0.417068804970
C    0.333809196984    0.666592501768    0.666591779873
C    0.417226882341    0.749890783184    0.749890192662
C    0.333552712456    0.833226541518    0.833227945883
C    0.416806296994    0.916599722954    0.916601519558
C    0.500309900927    0.666381940188    0.833354591596
C    0.583587811794    0.750092117969    0.916619674093
C    0.500307678556    0.833354260639    0.666379769875
C    0.583587192272    0.916619393291    0.750091894072
C    0.666758101449    0.000247222341    0.000247671981
C    0.749909965872    0.083340794340    0.083342168920
C    0.666491543495    0.166319661725    0.166317966391
C    0.749619204608    0.249315366285    0.249317094119
C    0.833214132943    0.000302356734    0.166513756504
C    0.916597579761    0.083501207120    0.250081983529
C    0.833214277776    0.166513031142    0.000302671131
C    0.916599357418    0.250080444525    0.083498958688
C    0.666569758499   -0.000078572569    0.333328576625
C    0.749893240534    0.083305081801    0.416713968164
C    0.666469497962    0.166545279919    0.499897017957
C    0.749804756938    0.250274455285    0.583288643570
C    0.833279190756    0.000119464452    0.500113142399
C    0.916569279001    0.083539065819    0.583397135648
C    0.833012160799    0.166780873786    0.333328443505
C    0.915683353527    0.250878044231    0.416914957456
C    0.666737170055   -0.000007721850    0.666670019403
C    0.749982833921    0.083457875042    0.749943133661
C    0.666725404904    0.166994921828    0.833010231159
C    0.750005798236    0.249583693668    0.917168410644
C    0.833353046686    0.000211538273    0.833493068545
C    0.916701600345    0.083406293235    0.916786202779
C    0.833251674406    0.166840422262    0.666700698343
C    0.916558338497    0.249971975093    0.750241384451
C    0.666569741397    0.333327629282   -0.000079326164
C    0.749890500143    0.416710292321    0.083304343392
C    0.666471433718    0.499893914545    0.166549182364
C    0.749804533458    0.583285891993    0.250272259504
C    0.833011889806    0.333327566963    0.166783564493
C    0.915681253032    0.416908240162    0.250874395587
C    0.833280223802    0.500111410199    0.000118442242
C    0.916568739277    0.583395271474    0.083536131489
C    0.666166191730    0.331756846439    0.331754620322
C    0.745949427837    0.416273647767    0.416272198246
C    0.831528541828    0.334647823515    0.500600562010
C    0.914568423700    0.418317197515    0.584349557358
C    0.831529364215    0.500602156058    0.334649329982
C    0.914570077675    0.584339764518    0.418319677858
C    0.667416340475    0.334661156356    0.665325473222
C    0.750710698892    0.417152188677    0.750231070078
C    0.667081153865    0.500344801518    0.832930044907
C    0.750130396470    0.583479980706    0.916505855746
C    0.832980289230    0.332344104633    0.834482231364
C    0.916677497824    0.416665824136    0.917037347959
C    0.839114831705    0.493814385917    0.675774506503
C    0.915904269787    0.582993461661    0.750375124084
C    0.666738660084    0.666670331432   -0.000005791202
C    0.749987241866    0.749937271375    0.083461552799
C    0.666726676809    0.833011732984    0.166996338893
C    0.750007398552    0.917167321810    0.249583257291
C    0.833252147871    0.666699269146    0.166834411586
C    0.916557495203    0.750239057415    0.249971067430
C    0.833357914443    0.833495797281    0.000215851804
C    0.916700428484    0.916781204277    0.083406904489
C    0.667418419754    0.665326082222    0.334658982323
C    0.750703862377    0.750226291280    0.417151712191
C    0.667075262613    0.832925911091    0.500349600317
C    0.750128607603    0.916506446751    0.583480729870
C    0.839122914726    0.675780296757    0.493799853855
C    0.915902841404    0.750373416406    0.583002019975
C    0.832981757403    0.834480841943    0.332344457004
C    0.916680061766    0.917037258453    0.416668027554
C    0.667583447358    0.670293179039    0.670299324039
C    0.749358546960    0.749835678567    0.749839729381
C    0.667320835284    0.834273602318    0.834274725515
C    0.749923928016    0.917250691224    0.917256135502
C    0.833227131763    0.666981860789    0.833446221088
C    0.916568055920    0.749965670281    0.916780097255
C    0.833226279708    0.833445442569    0.666983975464
C    0.916565605989    0.916782012654    0.749964683785
N    0.659847159138    0.491531233108    0.491523297916
