&CONTROL
calculation = 'scf'
restart_mode = 'from_scratch'
prefix = 'pwscf'
pseudo_dir = '/home/jinyuchem/program/QE/pseudo-potential'
outdir = './'
wf_collect = .TRUE.
tprnfor = .TRUE.
verbosity = 'high'
max_seconds = 257000
/
&SYSTEM
ibrav = 0
nat = 511
ntyp = 2
ecutwfc = 60
tot_charge = -1
nspin = 2
tot_magnetization = 2
nbnd = 1040
input_dft = 'PBE0'
exx_fraction = 0.18
ecutfock = 120
/
&ELECTRONS
electron_maxstep = 600
conv_thr = 1.0d-7
mixing_mode = 'plain'
mixing_beta = 0.7
diagonalization = 'david'
diago_full_acc = .TRUE.
startingpot = 'atomic'
startingwfc = 'atomic+random'
/
ATOMIC_SPECIES
C  12.0107 C_ONCV_PBE-1.0.upf
N  14.0000 N_ONCV_PBE-1.0.upf
CELL_PARAMETERS angstrom
14.2 0.0 0.0
0.0 14.2 0.0
0.0 0.0 14.2
K_POINTS gamma
ATOMIC_POSITIONS crystal
C        0.000006785   0.000006788   0.000006789
C       -0.000035064  -0.000035057   0.249998143
C       -0.000003835  -0.000003828   0.500006735
C        0.000049972   0.000049976   0.750012604
C       -0.000035064   0.249998135  -0.000035059
C       -0.000070603   0.249970125   0.249970130
C       -0.000097448   0.250040948   0.499979179
C       -0.000058727   0.250043864   0.749965572
C       -0.000003834   0.500006727  -0.000003830
C       -0.000097449   0.499979173   0.250040947
C       -0.000024587   0.500003613   0.500003616
C        0.000056465   0.500028254   0.749978437
C        0.000049972   0.750012602   0.000049977
C       -0.000058728   0.749965574   0.250043868
C        0.000056463   0.749978436   0.500028262
C        0.000160221   0.750046903   0.750046907
C        0.249998140  -0.000035059  -0.000035062
C        0.249970128  -0.000070596   0.249970128
C        0.250040948  -0.000097439   0.499979178
C        0.250043868  -0.000058720   0.749965572
C        0.249970127   0.249970123  -0.000070601
C        0.249990439   0.249990436   0.249990437
C        0.249575356   0.249575358   0.499979965
C        0.250016715   0.250016713   0.749899763
C        0.250040946   0.499979171  -0.000097446
C        0.249575353   0.499979966   0.249575349
C        0.250305359   0.499828032   0.499828027
C        0.249981974   0.499884666   0.749976354
C        0.250043867   0.749965573  -0.000058725
C        0.250016712   0.749899769   0.250016711
C        0.249981972   0.749976358   0.499884670
C        0.250301388   0.749811881   0.749811883
C        0.500006738  -0.000003830  -0.000003832
C        0.499979183  -0.000097440   0.250040947
C        0.500003621  -0.000024575   0.500003616
C        0.500028266   0.000056473   0.749978436
C        0.499979181   0.250040944  -0.000097446
C        0.499979971   0.249575356   0.249575352
C        0.499828034   0.250305366   0.499828028
C        0.499884674   0.249981974   0.749976353
C        0.500003619   0.500003611  -0.000024584
C        0.499828032   0.499828032   0.250305353
C        0.500111395   0.500111385   0.749569868
C        0.500028266   0.749978435   0.000056468
C        0.499884674   0.749976359   0.249981969
C        0.500111394   0.749569871   0.500111389
C        0.500306932   0.750430142   0.750430145
C        0.750012606   0.000049975   0.000049978
C        0.749965574  -0.000058720   0.250043870
C        0.749978436   0.000056474   0.500028262
C        0.750046907   0.000160226   0.750046908
C        0.749965574   0.250043863  -0.000058722
C        0.749899764   0.250016714   0.250016715
C        0.749976352   0.249981977   0.499884671
C        0.749811881   0.250301387   0.749811883
C        0.749978437   0.500028254   0.000056470
C        0.749976352   0.499884668   0.249981973
C        0.749569862   0.500111388   0.500111389
C        0.750430143   0.500306920   0.750430144
C        0.750046908   0.750046904   0.000160227
C        0.749811882   0.749811882   0.250301389
C        0.750430141   0.750430142   0.500306928
C        0.750220746   0.750220741   0.750220747
C       -0.000032064   0.124973482   0.124973486
C       -0.000059538   0.124973480   0.374980045
C       -0.000064524   0.125063184   0.624994218
C       -0.000011687   0.125020585   0.874992246
C       -0.000059538   0.374980036   0.124973480
C       -0.000103554   0.375005620   0.375005624
C       -0.000039720   0.375040238   0.624964761
C       -0.000024374   0.375018627   0.874958929
C       -0.000064525   0.624994214   0.125063184
C       -0.000039723   0.624964760   0.375040242
C        0.000091030   0.625010160   0.625010164
C        0.000118630   0.625031452   0.875040179
C       -0.000011687   0.874992248   0.125020589
C       -0.000024376   0.874958932   0.375018636
C        0.000118628   0.875040178   0.625031459
C        0.000085787   0.875040693   0.875040695
C        0.249972871   0.124965284   0.124965285
C        0.249970193   0.124908162   0.374961468
C        0.249953295   0.124925686   0.624959069
C        0.249995901   0.124984851   0.874943370
C        0.249970191   0.374961462   0.124908157
C        0.250038489   0.375021810   0.375021805
C        0.250003792   0.374919455   0.624834609
C        0.250000138   0.374985646   0.874924602
C        0.249953291   0.624959069   0.124925677
C        0.250003789   0.624834614   0.374919450
C        0.250429143   0.624658585   0.624658585
C        0.250270152   0.624963443   0.874757545
C        0.249995900   0.874943375   0.124984849
C        0.250000137   0.874924609   0.374985652
C        0.250270153   0.874757549   0.624963449
C        0.250074578   0.874939785   0.874939782
C        0.499995802   0.124846829   0.124846828
C        0.499947716   0.124997943   0.374974311
C        0.499950944   0.125110850   0.624902938
C        0.499973838   0.125006200   0.874989549
C        0.499947714   0.374974309   0.124997932
C        0.500176204   0.375019612   0.375019603
C        0.499295142   0.375960476   0.623584693
C        0.499997488   0.375140331   0.874783338
C        0.499950943   0.624902939   0.125110838
C        0.499295140   0.623584698   0.375960468
C        0.503105096   0.624870438   0.624870440
C        0.500108234   0.625021374   0.874971155
C        0.499973838   0.874989552   0.125006198
C        0.499997489   0.874783343   0.375140336
C        0.500108234   0.874971159   0.625021379
C        0.500089230   0.875135688   0.875135687
C        0.749968866   0.124999815   0.124999817
C        0.749958002   0.124992823   0.374990888
C        0.749895159   0.125159533   0.624950291
C        0.749974024   0.125142533   0.874947348
C        0.749958002   0.374990882   0.124992819
C        0.749794956   0.375033180   0.375033178
C        0.749197402   0.375785988   0.624808117
C        0.749912828   0.375110519   0.874904265
C        0.749895160   0.624950287   0.125159530
C        0.749197402   0.624808116   0.375785988
C        0.750552104   0.625411860   0.625411866
C        0.750184137   0.625141638   0.875239884
C        0.749974025   0.874947347   0.125142537
C        0.749912828   0.874904267   0.375110527
C        0.750184135   0.875239883   0.625141646
C        0.750085107   0.875122462   0.875122466
C        0.124973480  -0.000032058   0.124973484
C        0.124973475  -0.000059530   0.374980044
C        0.125063181  -0.000064518   0.624994218
C        0.125020585  -0.000011683   0.874992245
C        0.124965283   0.249972866   0.124965287
C        0.124908157   0.249970192   0.374961468
C        0.124925679   0.249953294   0.624959069
C        0.124984849   0.249995896   0.874943372
C        0.124846825   0.499995793   0.124846828
C        0.124997932   0.499947710   0.374974310
C        0.125110841   0.499950937   0.624902938
C        0.125006197   0.499973826   0.874989549
C        0.124999811   0.749968866   0.124999814
C        0.124992814   0.749958006   0.374990887
C        0.125159525   0.749895160   0.624950291
C        0.125142532   0.749974020   0.874947346
C        0.374980045  -0.000059532   0.124973477
C        0.375005627  -0.000103543   0.375005623
C        0.375040246  -0.000039710   0.624964761
C        0.375018637  -0.000024368   0.874958927
C        0.374961469   0.249970189   0.124908157
C        0.375021812   0.250038492   0.375021805
C        0.374919458   0.250003795   0.624834608
C        0.374985655   0.250000136   0.874924601
C        0.374974313   0.499947708   0.124997931
C        0.375019609   0.500176207   0.375019602
C        0.375960476   0.499295138   0.623584693
C        0.375140339   0.499997477   0.874783337
C        0.374990889   0.749958005   0.124992814
C        0.375033180   0.749794965   0.375033175
C        0.375785991   0.749197408   0.624808118
C        0.375110529   0.749912827   0.874904263
C        0.624994223  -0.000064519   0.125063184
C        0.624964765  -0.000039710   0.375040242
C        0.625010168   0.000091040   0.625010165
C        0.625031462   0.000118634   0.875040179
C        0.624959072   0.249953292   0.124925680
C        0.624834612   0.250003796   0.374919453
C        0.624658587   0.250429148   0.624658583
C        0.624963451   0.250270149   0.874757546
C        0.624902941   0.499950937   0.125110841
C        0.623584692   0.499295139   0.375960469
C        0.624870439   0.503105090   0.624870439
C        0.625021382   0.500108223   0.874971155
C        0.624950294   0.749895160   0.125159528
C        0.624808119   0.749197408   0.375785988
C        0.625411868   0.750552105   0.625411867
C        0.625141649   0.750184133   0.875239884
C        0.874992245  -0.000011683   0.125020590
C        0.874958925  -0.000024367   0.375018637
C        0.875040174   0.000118635   0.625031459
C        0.875040692   0.000085790   0.875040697
C        0.874943370   0.249995897   0.124984855
C        0.874924599   0.250000139   0.374985655
C        0.874757541   0.250270152   0.624963448
C        0.874939781   0.250074574   0.874939785
C        0.874989546   0.499973827   0.125006201
C        0.874783332   0.499997480   0.375140337
C        0.874971150   0.500108224   0.625021379
C        0.875135685   0.500089218   0.875135689
C        0.874947345   0.749974022   0.125142537
C        0.874904259   0.749912828   0.375110526
C        0.875239878   0.750184133   0.625141645
C        0.875122462   0.750085102   0.875122466
C        0.124973480   0.124973481  -0.000032061
C        0.124965283   0.124965286   0.249972873
C        0.124846827   0.124846832   0.499995799
C        0.124999813   0.124999816   0.749968863
C        0.124973475   0.374980035  -0.000059534
C        0.124908156   0.374961464   0.249970192
C        0.124997933   0.374974312   0.499947710
C        0.124992816   0.374990883   0.749958002
C        0.125063180   0.624994213  -0.000064521
C        0.124925676   0.624959070   0.249953291
C        0.125110839   0.624902939   0.499950939
C        0.125159527   0.624950286   0.749895160
C        0.125020584   0.874992247  -0.000011684
C        0.124984847   0.874943377   0.249995901
C        0.125006196   0.874989553   0.499973834
C        0.125142532   0.874947346   0.749974023
C        0.374980045   0.124973477  -0.000059536
C        0.374961471   0.124908161   0.249970191
C        0.374974317   0.124997943   0.499947710
C        0.374990890   0.124992822   0.749958001
C        0.375005625   0.375005617  -0.000103551
C        0.375021810   0.375021809   0.250038483
C        0.375019612   0.375019613   0.500176199
C        0.375033181   0.375033176   0.749794958
C        0.375040244   0.624964758  -0.000039719
C        0.374919455   0.624834614   0.250003784
C        0.375960475   0.623584697   0.499295135
C        0.375785992   0.624808115   0.749197406
C        0.375018637   0.874958931  -0.000024373
C        0.374985655   0.874924608   0.250000136
C        0.375140339   0.874783344   0.499997484
C        0.375110529   0.874904266   0.749912828
C        0.624994222   0.125063182  -0.000064520
C        0.624959074   0.124925684   0.249953294
C        0.624902942   0.125110851   0.499950940
C        0.624950293   0.125159532   0.749895160
C        0.624964764   0.375040236  -0.000039716
C        0.624834612   0.374919455   0.250003788
C        0.623584692   0.375960477   0.499295135
C        0.624808119   0.375785987   0.749197406
C        0.625010168   0.625010160   0.000091035
C        0.624658586   0.624658586   0.250429140
C        0.624870438   0.624870437   0.503105092
C        0.625411869   0.625411860   0.750552108
C        0.625031462   0.875040178   0.000118634
C        0.624963452   0.874757549   0.250270153
C        0.625021382   0.874971158   0.500108230
C        0.625141648   0.875239882   0.750184137
C        0.874992245   0.125020584  -0.000011681
C        0.874943370   0.124984853   0.249995904
C        0.874989545   0.125006203   0.499973834
C        0.874947344   0.125142534   0.749974024
C        0.874958926   0.375018627  -0.000024369
C        0.874924599   0.374985650   0.250000140
C        0.874783333   0.375140334   0.499997483
C        0.874904261   0.375110520   0.749912828
C        0.875040176   0.625031453   0.000118635
C        0.874757541   0.624963445   0.250270154
C        0.874971149   0.625021376   0.500108229
C        0.875239878   0.625141638   0.750184137
C        0.875040692   0.875040694   0.000085794
C        0.874939781   0.874939786   0.250074581
C        0.875135683   0.875135689   0.500089226
C        0.875122461   0.875122462   0.750085107
C        0.187461455   0.062453309   0.187461458
C        0.187450648   0.062398793   0.437465782
C        0.187514415   0.062445879   0.687481313
C        0.187495441   0.062480452   0.937470086
C        0.187447722   0.312449402   0.187447723
C        0.187392289   0.312381517   0.437403059
C        0.187467726   0.312506517   0.687412527
C        0.187478251   0.312479727   0.937439113
C        0.187235501   0.562406896   0.187235501
C        0.187586781   0.562368495   0.437468773
C        0.187672405   0.562444892   0.687382898
C        0.187610699   0.562479000   0.937369311
C        0.187502242   0.812440087   0.187502243
C        0.187443426   0.812529860   0.437525206
C        0.187694370   0.812370528   0.687444583
C        0.187559208   0.812483847   0.937465553
C        0.437465785   0.062398790   0.187450648
C        0.437469804   0.062459547   0.437469798
C        0.437515561   0.062533005   0.687454426
C        0.437510723   0.062471663   0.937483522
C        0.437403063   0.312381513   0.187392286
C        0.437382435   0.312665273   0.437382428
C        0.437691181   0.312318772   0.687590753
C        0.437503201   0.312537500   0.937363582
C        0.437468777   0.562368494   0.187586777
C        0.438724495   0.561949176   0.686196251
C        0.437548230   0.562507966   0.937428220
C        0.437525209   0.812529859   0.187443425
C        0.437571689   0.812231047   0.437571685
C        0.437730858   0.812369682   0.687499947
C        0.437558983   0.812488113   0.937501343
C        0.687481317   0.062445878   0.187514417
C        0.687454429   0.062533006   0.437515557
C        0.687505621   0.062625843   0.687505619
C        0.687514653   0.062596848   0.937498244
C        0.687412530   0.312506516   0.187467726
C        0.687590753   0.312318774   0.437691175
C        0.687193471   0.312924920   0.687193471
C        0.687471418   0.312583344   0.937415166
C        0.687382898   0.562444893   0.187672404
C        0.686196247   0.561949177   0.438724490
C        0.688487506   0.562881877   0.688487507
C        0.687549571   0.562568147   0.937577669
C        0.687444585   0.812370528   0.187694372
C        0.687499947   0.812369682   0.437730854
C        0.687759392   0.812881536   0.687759392
C        0.687590691   0.812618499   0.937684065
C        0.937470085   0.062480453   0.187495446
C        0.937483519   0.062471665   0.437510722
C        0.937498239   0.062596849   0.687514650
C        0.937516035   0.062534081   0.937516039
C        0.937439111   0.312479729   0.187478254
C        0.937363578   0.312537504   0.437503199
C        0.937415161   0.312583345   0.687471417
C        0.937461693   0.312524236   0.937461697
C        0.937369307   0.562479001   0.187610702
C        0.937428215   0.562507967   0.437548226
C        0.937577664   0.562568146   0.687549569
C        0.937590248   0.562533061   0.937590254
C        0.937465551   0.812483848   0.187559212
C        0.937501338   0.812488115   0.437558980
C        0.937684059   0.812618500   0.687590689
C        0.937583790   0.812557920   0.937583795
C        0.062480088   0.062480092   0.062480092
C        0.062460576   0.062460582   0.312477381
C        0.062436613   0.062436620   0.562479368
C        0.062518505   0.062518509   0.812501619
C        0.062460576   0.312477373   0.062460581
C        0.062389666   0.312449580   0.312449584
C        0.062449333   0.312502072   0.562458561
C        0.062468566   0.312513580   0.812461829
C        0.062436612   0.562479362   0.062436617
C        0.062449330   0.562458559   0.312502072
C        0.062561680   0.562486284   0.562486287
C        0.062587772   0.562516575   0.812481903
C        0.062518504   0.812501622   0.062518509
C        0.062468564   0.812461834   0.312513585
C        0.062587771   0.812481903   0.562516582
C        0.062633334   0.812517777   0.812517780
C        0.312477380   0.062460580   0.062460578
C        0.312449584   0.062389674   0.312449582
C        0.312502076   0.062449343   0.562458561
C        0.312513587   0.062468571   0.812461828
C        0.312449583   0.312449577   0.062389668
C        0.312469717   0.312469717   0.312469712
C        0.311836027   0.311836028   0.562039707
C        0.312528686   0.312528680   0.812405017
C        0.312502073   0.562458558   0.062449332
C        0.311836024   0.562039712   0.311836018
C        0.313074284   0.562122554   0.562122551
C        0.312865361   0.562415587   0.812090661
C        0.312513585   0.812461833   0.062468566
C        0.312528684   0.812405025   0.312528681
C        0.312865362   0.812090665   0.562415593
C        0.312612687   0.812411818   0.812411817
C        0.562479372   0.062436617   0.062436617
C        0.562458566   0.062449341   0.312502073
C        0.562486292   0.062561692   0.562486287
C        0.562516586   0.062587777   0.812481901
C        0.562458564   0.312502069   0.062449334
C        0.562039711   0.311836028   0.311836021
C        0.562122555   0.313074287   0.562122551
C        0.562415596   0.312865357   0.812090661
C        0.562486290   0.562486284   0.062561682
C        0.562122554   0.562122555   0.313074277
C        0.562624009   0.562624000   0.812495392
C        0.562516587   0.812481902   0.062587775
C        0.562415596   0.812090665   0.312865359
C        0.562624009   0.812495394   0.562624007
C        0.562630878   0.812820515   0.812820517
C        0.812501620   0.062518509   0.062518512
C        0.812461829   0.062468572   0.312513587
C        0.812481900   0.062587779   0.562516583
C        0.812517779   0.062633336   0.812517780
C        0.812461829   0.312513579   0.062468571
C        0.812405015   0.312528682   0.312528684
C        0.812090657   0.312865360   0.562415592
C        0.812411816   0.312612680   0.812411819
C        0.812481901   0.562516576   0.062587777
C        0.812090657   0.562415590   0.312865360
C        0.812495387   0.562624001   0.562624005
C        0.812820514   0.562630864   0.812820518
C        0.812517780   0.812517777   0.062633339
C        0.812411816   0.812411819   0.312612687
C        0.812820512   0.812820516   0.562630873
C        0.812658774   0.812658771   0.812658777
C        0.062453304   0.187461456   0.187461460
C        0.062398785   0.187450651   0.437465783
C        0.062445872   0.187514415   0.687481313
C        0.062480449   0.187495439   0.937470087
C        0.062398783   0.437465777   0.187450650
C        0.062459534   0.437469797   0.437469798
C        0.062532996   0.437515551   0.687454426
C        0.062471659   0.437510712   0.937483523
C        0.062445870   0.687481314   0.187514414
C        0.062532994   0.687454427   0.437515555
C        0.062625836   0.687505615   0.687505619
C        0.062596845   0.687514646   0.937498243
C        0.062480448   0.937470090   0.187495444
C        0.062471658   0.937483527   0.437510721
C        0.062596845   0.937498244   0.687514650
C        0.062534079   0.937516038   0.937516038
C        0.312449408   0.187447723   0.187447723
C        0.312381518   0.187392294   0.437403059
C        0.312506521   0.187467730   0.687412527
C        0.312479735   0.187478250   0.937439113
C        0.312381515   0.437403058   0.187392285
C        0.312665268   0.437382436   0.437382427
C        0.312318772   0.437691176   0.687590753
C        0.312537507   0.437503192   0.937363582
C        0.312506517   0.687412532   0.187467722
C        0.312318771   0.687590759   0.437691175
C        0.312924922   0.687193469   0.687193471
C        0.312583351   0.687471414   0.937415163
C        0.312479734   0.937439119   0.187478250
C        0.312537508   0.937363591   0.437503198
C        0.312583352   0.937415169   0.687471417
C        0.312524244   0.937461698   0.937461693
C        0.562406900   0.187235505   0.187235503
C        0.562368497   0.187586791   0.437468774
C        0.562444900   0.187672410   0.687382897
C        0.562479009   0.187610699   0.937369311
C        0.562368496   0.437468774   0.187586779
C        0.561949180   0.438724490   0.686196250
C        0.562507974   0.437548220   0.937428221
C        0.562444899   0.687382899   0.187672403
C        0.561949179   0.686196252   0.438724489
C        0.562881887   0.688487503   0.688487507
C        0.562568158   0.687549565   0.937577668
C        0.562479011   0.937369314   0.187610701
C        0.562507975   0.937428228   0.437548227
C        0.562568158   0.937577671   0.687549569
C        0.562533073   0.937590252   0.937590252
C        0.812440082   0.187502245   0.187502248
C        0.812529852   0.187443433   0.437525207
C        0.812370525   0.187694371   0.687444583
C        0.812483846   0.187559207   0.937465557
C        0.812529852   0.437525201   0.187443430
C        0.812231037   0.437571684   0.437571686
C        0.812369676   0.437730848   0.687499946
C        0.812488112   0.437558973   0.937501346
C        0.812370526   0.687444580   0.187694372
C        0.812369675   0.687499944   0.437730853
C        0.812881534   0.687759385   0.687759391
C        0.812618502   0.687590683   0.937684065
C        0.812483847   0.937465557   0.187559213
C        0.812488112   0.937501348   0.437558982
C        0.812618500   0.937684064   0.687590690
C        0.812557923   0.937583792   0.937583796
C        0.187461455   0.187461454   0.062453307
C        0.187447723   0.187447724   0.312449407
C        0.187235505   0.187235508   0.562406896
C        0.187502245   0.187502244   0.812440080
C        0.187450646   0.437465775   0.062398787
C        0.187392287   0.437403060   0.312381513
C        0.187586783   0.437468775   0.562368492
C        0.187443428   0.437525200   0.812529854
C        0.187514412   0.687481314   0.062445873
C        0.187467723   0.687412532   0.312506514
C        0.187672404   0.687382898   0.562444895
C        0.187694370   0.687444579   0.812370527
C        0.187495440   0.937470089   0.062480450
C        0.187478250   0.937439120   0.312479734
C        0.187610700   0.937369316   0.562479006
C        0.187559209   0.937465556   0.812483845
C        0.437465784   0.187450646   0.062398787
C        0.437403065   0.187392294   0.312381512
C        0.437468780   0.187586791   0.562368492
C        0.437525210   0.187443429   0.812529854
C        0.437469801   0.437469794   0.062459536
C        0.437382433   0.437382435   0.312665261
C        0.437571689   0.437571681   0.812231041
C        0.437515559   0.687454426   0.062532996
C        0.437691179   0.687590760   0.312318765
C        0.438724495   0.686196252   0.561949177
C        0.437730857   0.687499944   0.812369681
C        0.437510723   0.937483525   0.062471661
C        0.437503202   0.937363590   0.312537504
C        0.437548231   0.937428228   0.562507971
C        0.437558984   0.937501348   0.812488113
C        0.687481316   0.187514413   0.062445877
C        0.687412531   0.187467731   0.312506518
C        0.687382898   0.187672411   0.562444896
C        0.687444584   0.187694370   0.812370528
C        0.687454428   0.437515551   0.062532999
C        0.687590753   0.437691177   0.312318768
C        0.686196247   0.438724491   0.561949177
C        0.687499947   0.437730847   0.812369681
C        0.687505622   0.687505616   0.062625840
C        0.687193470   0.687193470   0.312924919
C        0.688487504   0.688487502   0.562881883
C        0.687759392   0.687759385   0.812881539
C        0.687514653   0.937498243   0.062596851
C        0.687471420   0.937415169   0.312583351
C        0.687549570   0.937577672   0.562568155
C        0.687590691   0.937684063   0.812618503
C        0.937470085   0.187495439   0.062480454
C        0.937439111   0.187478252   0.312479737
C        0.937369308   0.187610702   0.562479006
C        0.937465552   0.187559207   0.812483847
C        0.937483520   0.437510713   0.062471663
C        0.937363577   0.437503195   0.312537506
C        0.937428216   0.437548222   0.562507970
C        0.937501340   0.437558972   0.812488114
C        0.937498239   0.687514647   0.062596851
C        0.937415159   0.687471416   0.312583349
C        0.937577662   0.687549565   0.562568153
C        0.937684060   0.687590683   0.812618503
C        0.937516035   0.937516038   0.062534085
C        0.937461692   0.937461699   0.312524245
C        0.937590247   0.937590254   0.562533069
C        0.937583790   0.937583792   0.812557923
C        0.564711478   0.433261219   0.433261210
C        0.433261218   0.433261217   0.564711478
C        0.433261214   0.564711486   0.433261206
N        0.568675446   0.568675442   0.568675445
