&CONTROL
calculation = 'scf'
verbosity = 'high'
tprnfor=.TRUE.
tstress=.TRUE.
wf_collect = .true.
prefix='pwscf'
outdir = './'
pseudo_dir='/home/jinyuchem/program/QE/pseudo-potential'
forc_conv_thr=0.000039
/
&SYSTEM
ibrav = 0
ecutwfc = 85
nspin = 2
tot_magnetization = 2.0
nbnd = 448
nat = 215
ntyp = 2
/
&ELECTRONS
conv_thr = 1D-10
diago_full_acc=.true.
/
&ions
    ion_dynamics='bfgs'
    ion_positions='default'
/
K_POINTS gamma
CELL_PARAMETERS angstrom
10.70400  0.000000  0.000000
0.000000  10.70400  0.000000
0.000000  0.000000  10.70400
ATOMIC_SPECIES
C  12.01099968  C_ONCV_PBE-1.0.upf
Si 28.0855      Si_ONCV_PBE-1.1.upf
ATOMIC_POSITIONS crystal
C       -0.000287968  -0.000709648  -0.000709648
C        0.083279974   0.082848233   0.082848233
C        0.000424024   0.166352282   0.166352282
C        0.084259507   0.249637604   0.249637604
C        0.166720535   0.000053838   0.166289419
C        0.250307754   0.083641056   0.249862935
C        0.166720535   0.166289419   0.000053838
C        0.250307754   0.249862935   0.083641057
C        0.000332637  -0.000043327   0.332598623
C        0.083958996   0.082803427   0.416168399
C        0.001067029   0.165270128   0.499731316
C        0.084340788   0.248543285   0.583189806
C        0.166434662  -0.000231936   0.499564407
C        0.249845827   0.083179130   0.583319315
C        0.167473426   0.166775746   0.333262964
C        0.250994521   0.250397882   0.416884111
C       -0.000766454  -0.001327970   0.666057477
C        0.082829203   0.082167577   0.749652214
C       -0.000055812   0.165363391   0.833277487
C        0.083218266   0.249156474   0.916551568
C        0.165957050  -0.000709648   0.833045332
C        0.249514830   0.082848233   0.916613275
C        0.166796088   0.165642652   0.666723947
C        0.249627669   0.249248316   0.750304243
C        0.000332637   0.332598623  -0.000043327
C        0.083958996   0.416168399   0.082803428
C        0.001067029   0.499731317   0.165270128
C        0.084340788   0.583189806   0.248543286
C        0.167473426   0.333262964   0.166775747
C        0.250994521   0.416884112   0.250397882
C        0.166434663   0.499564408  -0.000231935
C        0.249845827   0.583319316   0.083179131
C        0.001084730   0.332714261   0.332714261
C        0.084018641   0.416180678   0.416180677
C        0.000447029   0.499209311   0.499209311
C        0.082656739   0.582487176   0.582487176
C        0.167303657   0.332960597   0.499962789
C        0.250016149   0.416496723   0.583480503
C        0.167303657   0.499962789   0.332960597
C        0.250016149   0.583480504   0.416496723
C        0.001800225   0.330891832   0.666862282
C        0.083319765   0.415549944   0.749830137
C       -0.000836367   0.498608761   0.832497033
C        0.082393465   0.582600049   0.915726867
C        0.166623271   0.332598623   0.833665937
C        0.249470125   0.416168399   0.917292297
C        0.166243404   0.499436275   0.666433144
C        0.248981189   0.582949254   0.749964297
C       -0.000766453   0.666057477  -0.001327969
C        0.082829203   0.749652214   0.082167578
C       -0.000055812   0.833277488   0.165363392
C        0.083218266   0.916551567   0.249156474
C        0.166796088   0.666723948   0.165642653
C        0.249627670   0.750304243   0.249248317
C        0.165957050   0.833045332  -0.000709648
C        0.249514830   0.916613275   0.082848233
C        0.001800224   0.666862283   0.330891833
C        0.083319766   0.749830138   0.415549944
C       -0.000836369   0.832497031   0.498608758
C        0.082393465   0.915726866   0.582600049
C        0.166243404   0.666433144   0.499436274
C        0.248981189   0.749964298   0.582949253
C        0.166623271   0.833665937   0.332598623
C        0.249470125   0.917292297   0.416168399
C       -0.002393944   0.664624950   0.664624950
C        0.081442330   0.748710491   0.748710490
C       -0.001236783   0.832096617   0.832096617
C        0.082476024   0.915809425   0.915809425
C        0.165338728   0.666057476   0.832566946
C        0.248834275   0.749652214   0.916162504
C        0.165338728   0.832566946   0.666057476
C        0.248834275   0.916162504   0.749652214
C        0.332956016   0.000053838   0.000053838
C        0.416529634   0.083641056   0.083641057
C        0.333814009   0.167147411   0.167147411
C        0.417560982   0.250894383   0.250894383
C        0.499929564   0.000806828   0.166775747
C        0.583550713   0.084327824   0.250397882
C        0.499929564   0.166775746   0.000806829
C        0.583550713   0.250397882   0.084327824
C        0.333442444   0.000806828   0.333262964
C        0.417064481   0.084327824   0.416884111
C        0.333930241   0.167263544   0.500353075
C        0.417148085   0.250481486   0.584375201
C        0.499627297   0.000636958   0.499962789
C        0.583163425   0.083349552   0.583480503
C        0.500941176   0.168231232   0.334274476
C        0.585034457   0.252056935   0.418367855
C        0.332309349   0.000129491   0.666723946
C        0.415915015   0.082960972   0.750304243
C        0.333018879   0.166352282   0.833757324
C        0.416304303   0.249637604   0.917592808
C        0.499265223  -0.000043327   0.833665937
C        0.582835000   0.082803427   0.917292298
C        0.499777838   0.166277897   0.667397207
C        0.582750045   0.247813182   0.752063176
C        0.333442444   0.333262964   0.000806829
C        0.417064481   0.416884112   0.084327824
C        0.333930241   0.500353076   0.167263544
C        0.417148085   0.584375202   0.250481487
C        0.500941176   0.334274476   0.168231232
C        0.585034457   0.418367855   0.252056935
C        0.499627297   0.499962789   0.000636959
C        0.583163425   0.583480504   0.083349552
C        0.334897930   0.334274476   0.334274476
C        0.418723634   0.418367855   0.418367855
C        0.333628619   0.500474647   0.500474646
C        0.415831256   0.583743389   0.583743388
C        0.502902709   0.336236009   0.502390915
C        0.581984665   0.415317965   0.593421415
C        0.502902709   0.502390916   0.336236009
C        0.581984665   0.593421415   0.415317964
C        0.332944494   0.333111238   0.667397207
C        0.414479880   0.416083444   0.752063174
C        0.331936726   0.499731317   0.834400429
C        0.415209883   0.583189909   0.917674191
C        0.499380961   0.332714261   0.834418030
C        0.582847280   0.416180678   0.917352042
C        0.497419576   0.499569156   0.670192525
C        0.579443635   0.583403108   0.752213977
C        0.332309349   0.666723946   0.000129491
C        0.415915015   0.750304244   0.082960972
C        0.333018879   0.833757324   0.166352282
C        0.416304303   0.917592808   0.249637604
C        0.499777838   0.667397207   0.166277897
C        0.582750045   0.752063176   0.247813182
C        0.499265223   0.833665937  -0.000043326
C        0.582835000   0.917292297   0.082803428
C        0.332944494   0.667397208   0.333111238
C        0.414479880   0.752063175   0.416083444
C        0.331936726   0.834400429   0.499731316
C        0.415209883   0.917674191   0.583189908
C        0.497419576   0.670192526   0.499569155
C        0.579443635   0.752213977   0.583403106
C        0.499380961   0.834418030   0.332714261
C        0.582847280   0.917352042   0.416180677
C        0.332258284   0.666740286   0.666740285
C        0.415199358   0.750210044   0.750210043
C        0.332030089   0.833277487   0.833277487
C        0.415823173   0.916551567   0.916551568
C        0.497558528   0.666862276   0.835133530
C        0.582216546   0.749830137   0.916653065
C        0.497558528   0.835133530   0.666862276
C        0.582216546   0.916653065   0.749830136
C        0.666231012  -0.000231935  -0.000231934
C        0.749986017   0.083179130   0.083179131
C        0.667019678   0.167263544   0.167263544
C        0.751041904   0.250481486   0.250481486
C        0.833390550   0.000129490   0.165642653
C        0.916970945   0.082960972   0.249248317
C        0.833390549   0.165642652   0.000129491
C        0.916970945   0.249248317   0.082960973
C        0.666629491   0.000636959   0.332960597
C        0.750147107   0.083349552   0.416496723
C        0.667141349   0.166962022   0.500474646
C        0.750409991   0.249164656   0.583743389
C        0.833099846  -0.000423293   0.499436275
C        0.916630999   0.082314591   0.582949253
C        0.834063809   0.166277897   0.333111238
C        0.918729877   0.247813181   0.416083444
C        0.666102877  -0.000423294   0.666433144
C        0.749615856   0.082314591   0.749964297
C        0.666397919   0.165270128   0.834400428
C        0.749856510   0.248543285   0.917674190
C        0.832724179  -0.001327970   0.832566946
C        0.916318815   0.082167577   0.916162504
C        0.833406988   0.165591686   0.666740285
C        0.916876646   0.248532758   0.750210044
C        0.666629491   0.332960597   0.000636959
C        0.750147107   0.416496723   0.083349552
C        0.667141349   0.500474647   0.166962023
C        0.750409991   0.583743389   0.249164656
C        0.834063809   0.333111238   0.166277897
C        0.918729878   0.416083444   0.247813182
C        0.833099846   0.499436275  -0.000423293
C        0.916630999   0.582949253   0.082314592
C        0.669057519   0.336236009   0.336236008
C        0.760088014   0.415317962   0.415317962
C        0.836859227   0.330752876   0.499569155
C        0.918880584   0.412776927   0.583403088
C        0.836859227   0.499569155   0.330752876
C        0.918880586   0.583403085   0.412776925
C        0.666235858   0.330752877   0.670192524
C        0.750069697   0.412776928   0.752213984
C        0.665875912   0.499209312   0.833780329
C        0.749153778   0.582487176   0.915990039
C        0.833528882   0.330891832   0.835133526
C        0.916496839   0.415549944   0.916653067
C        0.834337854   0.489566037   0.667671170
C        0.913426778   0.580607367   0.746760078
C        0.666102877   0.666433144  -0.000423293
C        0.749615856   0.749964298   0.082314592
C        0.666397919   0.834400428   0.165270128
C        0.749856509   0.917674189   0.248543286
C        0.833406988   0.666740286   0.165591687
C        0.916876646   0.750210044   0.248532757
C        0.832724179   0.832566946  -0.001327970
C        0.916318815   0.916162503   0.082167578
C        0.666235858   0.670192524   0.330752877
C        0.750069692   0.752213986   0.412776926
C        0.665875912   0.833780329   0.499209312
C        0.749153778   0.915990039   0.582487175
C        0.834337858   0.667671170   0.489566033
C        0.913426780   0.746760079   0.580607372
C        0.833528883   0.835133524   0.330891833
C        0.916496839   0.916653067   0.415549944
C        0.656232652   0.667671149   0.667671153
C        0.747273952   0.746760074   0.746760074
C        0.665275468   0.832497037   0.832497037
C        0.749266749   0.915726868   0.915726868
C        0.831291553   0.664624952   0.830939356
C        0.915377092   0.748710490   0.914775732
C        0.831291552   0.830939355   0.664624951
C        0.915377093   0.914775732   0.748710489
Si       0.708173285   0.541506575   0.541506573
