&CONTROL
calculation = 'scf'
verbosity = 'high'
tprnfor=.TRUE.
tstress=.TRUE.
wf_collect = .true.
prefix='pwscf'
outdir = './'
pseudo_dir='/home/jinyuchem/program/QE/pseudo-potential'
/
&SYSTEM
ibrav = 0
ecutwfc = 85
tot_charge = -1
nspin = 2
tot_magnetization = 2.0
nbnd = 800
nat = 215
ntyp = 2
/
&ELECTRONS
conv_thr = 1D-10
diago_full_acc=.true.
/
K_POINTS gamma
CELL_PARAMETERS angstrom
10.70400  0.000000  0.000000
0.000000  10.70400  0.000000
0.000000  0.000000  10.70400
ATOMIC_SPECIES
C  12.01099968  C_ONCV_PBE-1.0.upf
N  14.00699997  N_ONCV_PBE-1.0.upf
ATOMIC_POSITIONS crystal
C    0.000010544367    0.000075678281    0.000046702781
C    0.083275127948    0.083406759652    0.083397440686
C   -0.000178792299    0.166803564586    0.166800937050
C    0.082887936814    0.250190577134    0.250195861968
C    0.166637671409   -0.000033065374    0.166733741724
C    0.249879093034    0.083195508732    0.250019819063
C    0.166620500014    0.166735157219   -0.000045846876
C    0.249865313137    0.249999140331    0.083198867366
C   -0.000068225384    0.000148620478    0.333471231463
C    0.083064424108    0.083603651145    0.416738030381
C   -0.000509018080    0.167233332858    0.500198159387
C    0.083365166618    0.250044275890    0.583446955707
C    0.166955844961    0.000293248698    0.500151521126
C    0.250029312947    0.083365799549    0.583305240084
C    0.166322370934    0.166703797424    0.333370287677
C    0.249585712557    0.249875114887    0.416557496420
C    0.000051718829    0.000181126854    0.666720838644
C    0.083350343829    0.083479020819    0.750046098910
C    0.000002103158    0.166841287056    0.833335493928
C    0.083293570025    0.250189000315    0.916627000533
C    0.166713198398    0.000075701360    0.833344148531
C    0.250063816348    0.083406888226    0.916608661275
C    0.166788488212    0.166683105226    0.666598775358
C    0.250118628655    0.250154431531    0.749906087967
C   -0.000086489747    0.333467030815    0.000126494553
C    0.083074547777    0.416710734706    0.083561489048
C   -0.000445785478    0.500171057732    0.167157915929
C    0.083546081448    0.583432365965    0.249866733641
C    0.166319598646    0.333351677496    0.166702028660
C    0.249589660527    0.416524728014    0.249885169339
C    0.166939492322    0.500144233626    0.000273045669
C    0.250021408818    0.583294519928    0.083354850752
C   -0.000658254629    0.333804342549    0.333798228224
C    0.082631403097    0.417172799135    0.417173361175
C   -0.000766632564    0.500688474477    0.500601128371
C    0.082987583927    0.583554965879    0.583542469663
C    0.166366976981    0.333445740872    0.500032435518
C    0.249904049477    0.416742484094    0.583276569410
C    0.166406079093    0.500016505254    0.333427658912
C    0.249929899013    0.583261350425    0.416748252927
C    0.000388622910    0.333175547528    0.666567958208
C    0.083389235714    0.416921174311    0.750080568953
C    0.001084872177    0.500471125437    0.834418024307
C    0.083926318578    0.583364616181    0.917259572635
C    0.166793201916    0.333466966081    0.833247123603
C    0.250228112080    0.416710763110    0.916408134987
C    0.166701649431    0.500142079415    0.666654863489
C    0.250226019254    0.583390717542    0.749879962617
C    0.000100563349    0.666741846973    0.000219237123
C    0.083409878611    0.750063981635    0.083464367040
C    0.000062914266    0.833383851988    0.166784124834
C    0.083332218506    0.916655798091    0.250184734523
C    0.166882796141    0.666596544164    0.166622080533
C    0.250169802211    0.749910843158    0.250150081591
C    0.166726547071    0.833359005312    0.000060230955
C    0.250076280423    0.916615287461    0.083409991484
C    0.000698856661    0.666548769199    0.332819247726
C    0.083512494735    0.750079970874    0.416829097770
C    0.001168765496    0.834399667426    0.500407415898
C    0.083946178108    0.917254990290    0.583353652353
C    0.166738234155    0.666659199967    0.500136575612
C    0.250255782616    0.749868538912    0.583407154592
C    0.166867030936    0.833271553915    0.333453144398
C    0.250279234139    0.916419198212    0.416734418503
C   -0.000117749196    0.666624876357    0.666656581889
C    0.083267587211    0.749892631935    0.749892877375
C    0.000000443511    0.833317958900    0.833333809734
C    0.083351904644    0.916703367017    0.916685342913
C    0.166886045440    0.666741893212    0.833434088346
C    0.250131045534    0.750064089142    0.916743394080
C    0.166901338242    0.833435789543    0.666743628359
C    0.250144272315    0.916740283257    0.750068088648
C    0.333400120107   -0.000033005974   -0.000028801802
C    0.416686262775    0.083195565935    0.083212493247
C    0.333169734506    0.166486907131    0.166503359853
C    0.416366906845    0.249662526702    0.249700386135
C    0.500048177366   -0.000350999696    0.166739429315
C    0.583240853988    0.082879385037    0.249935933076
C    0.500036668488    0.166703997122   -0.000344161002
C    0.583223884692    0.249875408786    0.082918835006
C    0.333406161382   -0.000351142137    0.333381764348
C    0.416602719229    0.082879257439    0.416574315740
C    0.333010655835    0.166304717313    0.499869442963
C    0.416105696246    0.249432230005    0.582937912558
C    0.500180974783   -0.000366364505    0.500073233661
C    0.583458018953    0.083223853198    0.583286245485
C    0.499682755181    0.166049614290    0.333016029575
C    0.582765643573    0.249159220165    0.416098959154
C    0.333351742112    0.000160658106    0.666618117770
C    0.416843577412    0.083484524143    0.749909641785
C    0.333467569023    0.166803742993    0.833154913177
C    0.416862359061    0.250190829234    0.916221436521
C    0.500137905462    0.000148831751    0.833265244641
C    0.583404580137    0.083603836262    0.916397719440
C    0.500113309910    0.166853052625    0.666336667123
C    0.583684650470    0.251154462357    0.748920036356
C    0.333368504987    0.333351780119   -0.000346750633
C    0.416551660092    0.416524849827    0.082922963416
C    0.332971246349    0.499840804399    0.166304442405
C    0.416061064035    0.582920910020    0.249394461254
C    0.499655761632    0.332964234630    0.166066020935
C    0.582736532262    0.416075818693    0.249120234475
C    0.500094387839    0.500016608421   -0.000260793978
C    0.583414872398    0.583261455497    0.083263024895
C    0.332732682022    0.332964058006    0.332989206199
C    0.415787048868    0.416075747923    0.416069935250
C    0.333227578779    0.499825455002    0.499847617710
C    0.417177720257    0.583150936231    0.583194461219
C    0.498622970961    0.331995015311    0.499421381899
C    0.583410146268    0.416881153957    0.579177805663
C    0.498557829922    0.499410706523    0.331891043389
C    0.583305462844    0.579175100706    0.416638798145
C    0.333489301017    0.333400965993    0.666347487843
C    0.417719405520    0.416975677755    0.748962200567
C    0.333824521985    0.500171108280    0.832887841841
C    0.416533342735    0.583432548525    0.916879487905
C    0.500464771006    0.333804542828    0.832675116422
C    0.583839968314    0.417173120743    0.915964671250
C    0.501634144071    0.500793293454    0.664992896870
C    0.585200333693    0.584501477383    0.748683163727
C    0.333288724999    0.666596518285    0.000216370272
C    0.416816756054    0.749910906769    0.083503130323
C    0.333489463151    0.833160239171    0.166822878071
C    0.416891529334    0.916211850593    0.250224850869
C    0.500077822232    0.666329900978    0.166843008042
C    0.583675168957    0.748926342888    0.251084777143
C    0.500119739562    0.833271662950    0.000200336799
C    0.583400957856    0.916419393731    0.083612435997
C    0.333509650188    0.666329788760    0.333411207832
C    0.417751523932    0.748926337084    0.417008593416
C    0.333881780426    0.832851483556    0.500201169248
C    0.416675594588    0.916713987032    0.583472577181
C    0.501660562272    0.664866932169    0.500778138092
C    0.585545310074    0.748058185004    0.584558354478
C    0.500496893159    0.832628494124    0.333830202566
C    0.583912458466    0.915802324343    0.417245862877
C    0.333651715689    0.666598544182    0.666624375105
C    0.416863182125    0.749971944539    0.750068821858
C    0.333450644504    0.833383840595    0.833396420132
C    0.416851275549    0.916655951730    0.916665658607
C    0.499485809433    0.666548820766    0.834032205185
C    0.583495769572    0.750080034843    0.916845558258
C    0.499680573948    0.833729892951    0.666649128422
C    0.583557578221    0.916712690057    0.750113791029
C    0.666818053208    0.000293368486    0.000289113488
C    0.749971714464    0.083365908333    0.083362335990
C    0.666535791653    0.166304807205    0.166343621040
C    0.749604339155    0.249432190089    0.249439006213
C    0.833284426332    0.000160544278    0.166684937828
C    0.916576039064    0.083484377933    0.250176848833
C    0.833265088805    0.166683354982    0.000121619340
C    0.916572489747    0.250154540480    0.083451847401
C    0.666739865691   -0.000366247882    0.333514113876
C    0.749952850260    0.083223819971    0.416791285988
C    0.666530075467    0.166598230770    0.499863249004
C    0.749833450614    0.250656544497    0.583166886237
C    0.833331566131   -0.000024382348    0.500160652132
C    0.916507406155    0.083578321420    0.583400488550
C    0.833002955092    0.166852978061    0.333446633524
C    0.915586746426    0.251154447568    0.417018216354
C    0.666827289218   -0.000024265526    0.666664744142
C    0.750066917133    0.083578488580    0.749840690172
C    0.666864668379    0.167233516252    0.832824327505
C    0.750113479593    0.250044640277    0.916698261323
C    0.833387343690    0.000181256918    0.833385008721
C    0.916712488339    0.083479106824    0.916683547208
C    0.833248363110    0.167064871168    0.666581553470
C    0.916621169078    0.250359262712    0.749954465492
C    0.666698995364    0.333446047426   -0.000299938984
C    0.749943084260    0.416742741795    0.083237243491
C    0.666514240764    0.499825619691    0.166560780406
C    0.749861158425    0.583151013240    0.250510903203
C    0.833013827653    0.333401013816    0.166822605591
C    0.915628814703    0.416975513560    0.251052707563
C    0.833321419103    0.500142114566    0.000034596915
C    0.916546343483    0.583390761297    0.083559273567
C    0.666088012459    0.331995055124    0.331956279735
C    0.745844430555    0.416881178554    0.416743477730
C    0.831556111596    0.335205615000    0.500805629573
C    0.914813139380    0.419210343402    0.584490136261
C    0.831659618593    0.500793218305    0.334967429048
C    0.915350084052    0.584501129789    0.418533764326
C    0.667472312090    0.335205622919    0.664889339541
C    0.751156854000    0.419210590317    0.748145970553
C    0.667267811232    0.500688732158    0.832565955456
C    0.750209182652    0.583555069743    0.916320359931
C    0.833234780833    0.333175816952    0.833721562666
C    0.916747277556    0.416921295934    0.916722233159
C    0.839579636248    0.496702330614    0.672912475600
C    0.916204927716    0.582765811026    0.749537805306
C    0.666803149693    0.666659271463    0.000071161062
C    0.750073578460    0.749868801989    0.083588901700
C    0.666867594295    0.832851578207    0.167215119315
C    0.750138874873    0.916713859196    0.250008979346
C    0.833290882056    0.666598611867    0.166984906350
C    0.916735305235    0.749971894642    0.250196624360
C    0.833410168889    0.833435866098    0.000234403779
C    0.916734451507    0.916740175344    0.083477474044
C    0.667444921997    0.664866777105    0.334993812723
C    0.751225089775    0.748057873536    0.418879061469
C    0.667447975298    0.832242774341    0.500781262868
C    0.750242619120    0.916136108690    0.583575890347
C    0.840729383940    0.673173076524    0.495250039898
C    0.916332940645    0.749374024799    0.582677470852
C    0.833315782505    0.833729596131    0.333014141902
C    0.916780610544    0.916712596408    0.416891019100
C    0.661916507478    0.673173123916    0.674061899282
C    0.749343978037    0.749374161511    0.749665866729
C    0.667074205681    0.834399780036    0.834501920317
C    0.750020255281    0.917255138561    0.917279167388
C    0.833323305000    0.666624926351    0.833214990374
C    0.916559514402    0.749892552949    0.916600692055
C    0.833232239231    0.832902494688    0.666565381141
C    0.916518977000    0.916459099494    0.749852396931
N    0.658494780753    0.492149014624    0.491827988534
