&control
    calculation = 'scf',
    prefix='pwscf',
    pseudo_dir='/home/jinyuchem/program/QE/pseudo-potential'
    outdir = './',
    verbosity='high'
    tprnfor=.TRUE.
    wf_collect=.TRUE.
    verbosity = 'high'
    max_seconds = 82000
/
 &system
    ibrav = 0, 
    nat = 398,
    ntyp = 2,
    ecutwfc = 60,
    nspin = 2,
    nbnd = 812,
    occupations = 'fixed',
    tot_charge = 0
    tot_magnetization = 2
    input_dft = 'PBE0'
    exx_fraction = 0.15
    ecutfock = 120
 /
 &electrons
    conv_thr=1.0D-7
    electron_maxstep=300
    mixing_mode = 'plain'
    mixing_beta = 0.2
    diagonalization = 'david'
    diago_full_acc = .TRUE.
 /
ATOMIC_SPECIES
Si 28.0855 Si_ONCV_PBE-1.1.upf
C 12.0107  C_ONCV_PBE-1.0.upf
K_POINTS gamma
CELL_PARAMETERS angstrom
        15.435000000         0.0000000000         0.0000000000
        -7.717500000         13.367102110         0.0000000000
        0.0000000000         0.0000000000         20.178000000
ATOMIC_POSITIONS crystal
Si            0.0666608021        0.1333392830        0.2189592219
Si            0.0667181408        0.1332819842        0.7189426108
Si            0.0666105579        0.3333053067        0.2189205411
Si            0.0668964528        0.3334482623        0.7188990858
Si            0.0666607792        0.5333215624        0.2189592233
Si            0.0667180855        0.5334361867        0.7189426064
Si            0.0666976052        0.7333328974        0.2189186642
Si            0.0666240317        0.7333342666        0.7190034073
Si            0.0666976213        0.9333647734        0.2189186627
Si            0.0666240702        0.9332898205        0.7190034081
Si            0.2666353097        0.1333024620        0.2189186689
Si            0.2667102777        0.1333760424        0.7190034060
Si            0.2664908244        0.3332372242        0.2188688170
Si            0.2673790997        0.3336975208        0.7188003018
Si            0.2664908081        0.5332536336        0.2188688108
Si            0.2673790640        0.5336815904        0.7188003070
Si            0.2666352860        0.7333328949        0.2189186627
Si            0.2667102196        0.7333342681        0.7190034110
Si            0.2666666930        0.9333333813        0.2189004938
Si            0.2666666929        0.9333333853        0.7190084451
Si            0.4666671673        0.1333024587        0.2189186686
Si            0.4666657864        0.1333760458        0.7190034038
Si            0.4666184538        0.3332368858        0.2188586360
Si            0.4668013073        0.3336025818        0.7192088296
Si            0.4664532064        0.5332266105        0.2186280438
Si            0.4673194398        0.5336596944        0.7187110967
Si            0.4666184360        0.7333815988        0.2188586218
Si            0.4668012484        0.7331987315        0.7192088490
Si            0.4666671588        0.9333647699        0.2189186602
Si            0.4666657596        0.9332898266        0.7190034099
Si            0.6666784948        0.1333392784        0.2189592223
Si            0.6665638607        0.1332819886        0.7189426107
Si            0.6667464158        0.3332372212        0.2188688208
Si            0.6663184460        0.3336975241        0.7188002969
Si            0.6667734213        0.5332266107        0.2186280473
Si            0.6663402841        0.5336596947        0.7187110994
Si            0.6667734226        0.7335468298        0.2186280366
Si            0.6663402803        0.7326805343        0.7187111821
Si            0.6667464152        0.9335092476        0.2188688044
Si            0.6663184412        0.9326210101        0.7188003281
Si            0.8666947653        0.1333895167        0.2189205375
Si            0.8665518368        0.1331036586        0.7188990889
Si            0.8666947574        0.3333053054        0.2189205417
Si            0.8665518138        0.3334482640        0.7188990838
Si            0.8667628278        0.5332536337        0.2188688167
Si            0.8663025225        0.5336815887        0.7188003001
Si            0.8667631691        0.7333816015        0.2188586276
Si            0.8663974845        0.7331987254        0.7192088431
Si            0.8667628464        0.9335092499        0.2188688068
Si            0.8663025835        0.9326210076        0.7188003260
Si            0.1334331900        0.0665669148        0.4689056701
Si            0.1333167020        0.0666833828        0.9688569919
Si            0.1333849729        0.2667820810        0.4690406083
Si            0.1333621551        0.2666972675        0.9688449737
Si            0.1333849465        0.4666029296        0.4690406101
Si            0.1333621437        0.4666649327        0.9688449744
Si            0.1334331494        0.6668663116        0.4689056729
Si            0.1333166811        0.6666333698        0.9688569914
Si            0.1332996188        0.8666498355        0.4689973530
Si            0.1333184692        0.8666592663        0.9688897425
Si            0.3333502354        0.0667004628        0.4689973556
Si            0.3333408074        0.0666816025        0.9688897377
Si            0.3340913916        0.2670509361        0.4688492686
Si            0.3333144121        0.2666257789        0.9689187628
Si            0.3331965939        0.4665982969        0.4689559479
Si            0.3333468945        0.4666734619        0.9688630632
Si            0.3340913447        0.6670404682        0.4688492629
Si            0.3333143921        0.6666886650        0.9689187678
Si            0.3333502090        0.8666498357        0.4689973538
Si            0.3333407945        0.8666592623        0.9688897432
Si            0.5331337333        0.0665669147        0.4689056713
Si            0.5333666937        0.0666833811        0.9688569905
Si            0.5329595696        0.2670509344        0.4688492704
Si            0.5333113912        0.2666257788        0.9689187611
Si            0.5330730940        0.4661461537        0.4669861139
Si            0.5333362986        0.4666725709        0.9689513774
Si            0.5330730740        0.6669268989        0.4669860940
Si            0.5333362889        0.6666637480        0.9689513839
Si            0.5329595379        0.8659086912        0.4688492543
Si            0.5333113777        0.8666856556        0.9689187729
Si            0.7333971230        0.0666151342        0.4690406022
Si            0.7333351288        0.0666379232        0.9688449773
Si            0.7333971183        0.2667820837        0.4690406105
Si            0.7333351282        0.2666972713        0.9688449715
Si            0.7334017184        0.4665982996        0.4689559559
Si            0.7333265894        0.4666734685        0.9688630596
Si            0.7338538286        0.6669268905        0.4669860988
Si            0.7333274773        0.6666637551        0.9689513828
Si            0.7334017360        0.8668034648        0.4689559251
Si            0.7333265875        0.8666531625        0.9688630717
Si            0.9332180127        0.0666151334        0.4690406024
Si            0.9333028067        0.0666379250        0.9688449786
Si            0.9333333633        0.2666667219        0.4690477851
Si            0.9333333625        0.2666667132        0.9688680496
Si            0.9332179786        0.4666029302        0.4690406133
Si            0.9333027935        0.4666649372        0.9688449733
Si            0.9329491150        0.6670404665        0.4688492664
Si            0.9333742792        0.6666886731        0.9689187653
Si            0.9329491476        0.8659086863        0.4688492555
Si            0.9333742878        0.8666856610        0.9689187715
Si            0.0000263340        0.0000292140        0.0939421510
Si            0.0000971685       -0.0000772956        0.5941720524
Si            0.0000051500        0.1999949361        0.0939378074
Si            0.0000242686        0.1999758577        0.5941480425
Si            0.0000051415        0.4000102776        0.0939378068
Si            0.0000242323        0.4000484725        0.5941480458
Si            0.0000263202        0.5999971731        0.0939421522
Si            0.0000970995        0.6001744730        0.5941720632
Si            0.0000201567        0.8000101079        0.0939525295
Si           -0.0000270843        0.7999864615        0.5943398494
Si            0.1999982166        0.0000018666        0.0939343624
Si            0.2000330807       -0.0000329795        0.5941549838
Si            0.1999708697        0.1999737488        0.0939421509
Si            0.2000774179        0.1999029639        0.5941720599
Si            0.1999787601        0.3999894082        0.0939226845
Si            0.2006410782        0.4003205550        0.5942900811
Si            0.1999708506        0.5999971729        0.0939421517
Si            0.2000773577        0.6001744758        0.5941720619
Si            0.1999982038        0.7999964086        0.0939343621
Si            0.2000330472        0.8000661061        0.5941549847
Si            0.4000036620        0.0000018622        0.0939343628
Si            0.3999339495       -0.0000329776        0.5941549853
Si            0.3999899694        0.1999799142        0.0939525301
Si            0.4000135980        0.2000271663        0.5943398517
Si            0.3999502965        0.3999492252        0.0939025387
Si            0.4018584895        0.4014360334        0.5947590515
Si            0.3999502845        0.6000011083        0.0939025378
Si            0.4018584438        0.6004224270        0.5947590470
Si            0.3999899522        0.8000101027        0.0939525283
Si            0.4000135470        0.7999864685        0.5943398498
Si            0.6000028901        0.0000292076        0.0939421495
Si            0.5998255458       -0.0000772917        0.5941720521
Si            0.6000028967        0.1999737436        0.0939421510
Si            0.5998255659        0.1999029646        0.5941720610
Si            0.5999989503        0.3999492240        0.0939025389
Si            0.5995775709        0.4014360208        0.5947590499
Si            0.6000000218        0.6000000277        0.0939089389
Si            0.5999989414        0.8000497639        0.0939025376
Si            0.5995774779        0.7981415814        0.5947590147
Si            0.8000106637        0.0000213116        0.0939226846
Si            0.7996795294       -0.0006409540        0.5942900684
Si            0.7999897999        0.1999949335        0.0939378075
Si            0.7999515980        0.1999758612        0.5941480445
Si            0.8000106598        0.3999894074        0.0939226850
Si            0.7996794819        0.4003205597        0.5942900833
Si            0.8000508345        0.6000011114        0.0939025395
Si            0.7985640038        0.6004224310        0.5947590437
Si            0.8000508357        0.8000497678        0.0939025382
Si            0.7985641159        0.7981415775        0.5947590125
Si            0.0000164696        0.0000952658        0.3440266704
Si           -0.0000612191       -0.0000867166        0.8438743424
Si           -0.0000204473        0.2000205401        0.3440192882
Si            0.0000155205        0.1999845831        0.8438843739
Si           -0.0000204669        0.3999590652        0.3440192915
Si            0.0000155013        0.4000309957        0.8438843692
Si            0.0000164350        0.5999212360        0.3440266784
Si           -0.0000612481        0.6000255359        0.8438743351
Si            0.0000031346        0.8000015863        0.3438955012
Si           -0.0000154296        0.7999923039        0.8439518726
Si            0.2000085717       -0.0000084826        0.3439675906
Si            0.1999921802        0.0000079162        0.8439524803
Si            0.1999048282        0.1999836209        0.3440266790
Si            0.2000868129        0.2000613130        0.8438743345
Si            0.1996955815        0.3998478054        0.3439628100
Si            0.2002212916        0.4001106655        0.8437916023
Si            0.1999047914        0.5999212339        0.3440266749
Si            0.2000867807        0.6000255340        0.8438743369
Si            0.2000085512        0.8000171102        0.3439675900
Si            0.1999921560        0.7999843154        0.8439524807
Si            0.3999829487       -0.0000084842        0.3439675896
Si            0.4000157441        0.0000079136        0.8439524818
Si            0.3999984764        0.1999969340        0.3438955087
Si            0.4000077612        0.2000154998        0.8439518667
Si            0.3993081700        0.3998331958        0.3436556354
Si            0.4001142298        0.3999372966        0.8440382434
Si            0.3993081507        0.5994749701        0.3436556240
Si            0.4001142088        0.6001769410        0.8440382538
Si            0.3999984456        0.8000015857        0.3438954958
Si            0.4000077299        0.7999922995        0.8439518756
Si            0.6000788061        0.0000952668        0.3440266679
Si            0.5999745180       -0.0000867156        0.8438743425
Si            0.6000788122        0.1999836219        0.3440266803
Si            0.5999745248        0.2000613143        0.8438743325
Si            0.6005250515        0.3998331964        0.3436556379
Si            0.5998231000        0.3999373002        0.8440382406
Si            0.6000000090        0.5999999955        0.3426317500
Si            0.6000000186        0.6000000084        0.8440917195
Si            0.6005250466        0.8006918789        0.3436556143
Si            0.5998230879        0.7998858241        0.8440382635
Si            0.8001522487        0.0003044890        0.3439627987
Si            0.7998893990       -0.0002212149        0.8437916151
Si            0.8000409964        0.2000205397        0.3440192884
Si            0.7999690742        0.1999845799        0.8438843736
Si            0.8001522343        0.3998478074        0.3439628145
Si            0.7998893866        0.4001106675        0.8437915968
Si            0.8001668314        0.5994749765        0.3436556304
Si            0.8000627478        0.6001769445        0.8440382484
Si            0.8001668435        0.8006918785        0.3436556186
Si            0.8000627530        0.7998858259        0.8440382616
C             0.0666688080        0.1333312961        0.1249486543
C             0.0667041350        0.1332959824        0.6247510782
C             0.0666675004        0.3333337838        0.1249068414
C             0.0668356282        0.3334178482        0.6247349414
C             0.0666687812        0.5333375653        0.1249486524
C             0.0667040670        0.5334081675        0.6247510883
C             0.0666612879        0.7333262988        0.1249219151
C             0.0668764373        0.7334972095        0.6248046908
C             0.0666612962        0.9333350566        0.1249219119
C             0.0668764928        0.9333792933        0.6248046852
C             0.2666650345        0.1333388006        0.1249219116
C             0.2666208092        0.1331236203        0.6248046774
C             0.2666469114        0.3333204027        0.1249179998
C             0.2665630564        0.3326852347        0.6245424154
C             0.2666468955        0.5333265610        0.1249180030
C             0.2665630121        0.5338778132        0.6245424265
C             0.2666650112        0.7333262967        0.1249219108
C             0.2666207473        0.7334972155        0.6248046918
C             0.2666666942        0.9333333802        0.1248892989
C             0.2666666830        0.9333333777        0.6248256412
C             0.4666737804        0.1333387985        0.1249219114
C             0.4665028359        0.1331236287        0.6248046787
C             0.4666761753        0.3333523329        0.1249281423
C             0.4663867962        0.3327735412        0.6249627277
C             0.4666173690        0.5333086977        0.1248295280
C             0.4567294734        0.5283647057        0.6278153981
C             0.4666761601        0.7333238913        0.1249281363
C             0.4663867322        0.7336132421        0.6249627526
C             0.4666737720        0.9333350497        0.1249219120
C             0.4665028088        0.9333793025        0.6248046904
C             0.6666624953        0.1333312850        0.1249486573
C             0.6665918552        0.1332959877        0.6247510758
C             0.6666735070        0.3333203947        0.1249180025
C             0.6661222081        0.3326852515        0.6245424167
C             0.6666913401        0.5333086948        0.1248295296
C             0.6716352678        0.5283647048        0.6278153965
C             0.6666913372        0.7333826675        0.1248295220
C             0.6716353099        0.7432705934        0.6278154011
C             0.6666735009        0.9333531732        0.1249179992
C             0.6661222155        0.9334370255        0.6245424401
C             0.8666663071        0.1333325900        0.1249068414
C             0.8665822518        0.1331644806        0.6247349441
C             0.8666662948        0.3333337799        0.1249068453
C             0.8665822192        0.3334178582        0.6247349373
C             0.8666796667        0.5333265564        0.1249180028
C             0.8673147827        0.5338778131        0.6245424216
C             0.8666477414        0.7333238959        0.1249281384
C             0.8672265073        0.7336132241        0.6249627422
C             0.8666796896        0.9333531754        0.1249179989
C             0.8673148194        0.9334370066        0.6245424344
C             0.1333525220        0.0666475997        0.3748565844
C             0.1333090943        0.0666909987        0.8747927933
C             0.1333379848        0.2666704793        0.3749035577
C             0.1333738516        0.2667192467        0.8747639325
C             0.1333379490        0.4666675263        0.3749035611
C             0.1333738354        0.4666546504        0.8747639307
C             0.1333524697        0.6667049572        0.3748565866
C             0.1333090669        0.6666181414        0.8747928021
C             0.1332365697        0.8666183106        0.3748712202
C             0.1333535618        0.8666768087        0.8748419799
C             0.3333817624        0.0667635223        0.3748712150
C             0.3333232696        0.0666465278        0.8748419818
C             0.3335438321        0.2669203918        0.3748586110
C             0.3332702943        0.2665328393        0.8749768893
C             0.3332439663        0.4666219796        0.3748697378
C             0.3333824467        0.4666912369        0.8748986593
C             0.3335437669        0.6666234380        0.3748586168
C             0.3332702683        0.6667374854        0.8749768961
C             0.3333817304        0.8666183103        0.3748712214
C             0.3333232430        0.8666768048        0.8748419859
C             0.5332950887        0.0666476111        0.3748565791
C             0.5333819284        0.0666910036        0.8747928007
C             0.5333765996        0.2669203999        0.3748586137
C             0.5332625746        0.2665328429        0.8749768842
C             0.5335778511        0.4671556659        0.3741494666
C             0.5333234661        0.4666469022        0.8751290115
C             0.5335778340        0.6664221497        0.3741494561
C             0.5333234572        0.6666765775        0.8751290188
C             0.5333765624        0.8664562582        0.3748586241
C             0.5332625618        0.8667297782        0.8749768891
C             0.7333325273        0.0666621442        0.3749035631
C             0.7333454139        0.0666262477        0.8747639374
C             0.7333325047        0.2666704909        0.3749035539
C             0.7333454122        0.2667192498        0.8747639258
C             0.7333780402        0.4666219775        0.3748697452
C             0.7333088084        0.4666912418        0.8748986525
C             0.7328443405        0.6664221440        0.3741494616
C             0.7333531367        0.6666765754        0.8751290087
C             0.7333780425        0.8667560764        0.3748697420
C             0.7333088138        0.8666176159        0.8748986665
C             0.9333296272        0.0666621381        0.3749035687
C             0.9332808485        0.0666262503        0.8747639352
C             0.9333333694        0.2666667396        0.3748998043
C             0.9333333691        0.2666667208        0.8747898151
C             0.9333295752        0.4666675426        0.3749035526
C             0.9332808274        0.4666546578        0.8747639262
C             0.9330796636        0.6666234444        0.3748586192
C             0.9334672176        0.6667374881        0.8749768900
C             0.9330796938        0.8664562441        0.3748586202
C             0.9334672255        0.8667297819        0.8749768862
C             0.0000035437        0.0000268984        0.0002225718
C            -0.0004723382       -0.0004751166        0.5001320282
C             0.0000062444        0.1999938170        0.0001741455
C             0.0000368606        0.1999632518        0.5001921091
C             0.0000062441        0.4000124711        0.0001741490
C             0.0000368365        0.4000736742        0.5001921109
C             0.0000035359        0.5999767011        0.0002225673
C            -0.0004723948        0.6000028037        0.5001320114
C             0.0000133804        0.8000067258        0.0002673148
C            -0.0003233076        0.7998383577        0.5002380968
C             0.1999903293        0.0000097438        0.0001929127
C             0.2000098490       -0.0000097554        0.5001781931
C             0.1999731813        0.1999965301        0.0002225648
C             0.2004752424        0.2004724567        0.5001320100
C             0.2000060293        0.4000030359        0.0002073601
C             0.2003223506        0.4001611960        0.5002041572
C             0.1999731688        0.5999766992        0.0002225665
C             0.2004751721        0.6000027961        0.5001320178
C             0.1999903246        0.7999806482        0.0001929075
C             0.2000098121        0.8000196443        0.5001781972
C             0.4000194206        0.0000097360        0.0001929087
C             0.3999803983       -0.0000097535        0.5001781949
C             0.3999933531        0.1999866983        0.0002673105
C             0.4001617032        0.2003233872        0.5002380787
C             0.3999675516        0.3999692581        0.0002585432
C             0.4020086761        0.4024675545        0.5002724339
C             0.3999675449        0.5999983273        0.0002585445
C             0.4020086262        0.5995410898        0.5002724209
C             0.3999933407        0.8000067113        0.0002673179
C             0.4001616581        0.7998383589        0.5002380986
C             0.6000233675        0.0000268944        0.0002225697
C             0.5999972355       -0.0004751079        0.5001320316
C             0.6000233621        0.1999965270        0.0002225649
C             0.5999972369        0.2004724660        0.5001320095
C             0.6000017267        0.3999692601        0.0002585394
C             0.6004589254        0.4024675705        0.5002724431
C             0.6000000179        0.6000000434        0.0003342057
C             0.6000017123        0.8000325065        0.0002585422
C             0.6004588999        0.7979913759        0.5002724278
C             0.7999970295       -0.0000059608        0.0002073627
C             0.7998388785       -0.0003222635        0.5002041732
C             0.7999875888        0.1999938113        0.0001741445
C             0.7999264026        0.1999632568        0.5001921025
C             0.7999970213        0.4000030355        0.0002073558
C             0.7998388542        0.4001611981        0.5002041620
C             0.8000307894        0.5999983313        0.0002585414
C             0.7975324695        0.5995410867        0.5002724308
C             0.8000308014        0.8000325104        0.0002585457
C             0.7975324825        0.7979913568        0.5002724256
C            -0.0000120431       -0.0000351601        0.2502715819
C            -0.0000813415       -0.0000677465        0.7500736686
C             0.0000030382        0.1999970807        0.2502404388
C             0.0000063093        0.1999938319        0.7500595632
C             0.0000030062        0.4000060144        0.2502404407
C             0.0000062585        0.4000125375        0.7500595541
C            -0.0000120892        0.6000231495        0.2502716010
C            -0.0000814119        0.5999864164        0.7500736448
C            -0.0000254837        0.7999872736        0.2502146879
C             0.0001023103        0.8000511601        0.7501614214
C             0.2000070605       -0.0000069568        0.2502167802
C             0.1999978188        0.0000023064        0.7501407090
C             0.2000352764        0.2000121541        0.2502715943
C             0.2000678637        0.2000814674        0.7500736522
C             0.1999833587        0.3999916937        0.2502311243
C             0.2002812324        0.4001406291        0.7499584890
C             0.2000352279        0.6000231479        0.2502715955
C             0.2000678061        0.5999864118        0.7500736587
C             0.2000070288        0.8000140715        0.2502167807
C             0.1999977579        0.7999955514        0.7501407199
C             0.3999859859       -0.0000069590        0.2502167780
C             0.4000044953        0.0000023192        0.7501407104
C             0.4000127990        0.2000255786        0.2502147003
C             0.3999488997        0.1998977779        0.7501614125
C             0.4000087742        0.4000522508        0.2501232339
C             0.4001803192        0.3998185864        0.7506732223
C             0.4000087410        0.5999565046        0.2501232171
C             0.4001802933        0.6003617044        0.7506732285
C             0.4000127524        0.7999872692        0.2502146806
C             0.3999488468        0.8000511667        0.7501614316
C             0.5999768971       -0.0000351620        0.2502715800
C             0.6000136132       -0.0000677350        0.7500736735
C             0.5999768963        0.2000121578        0.2502715954
C             0.6000136264        0.2000814744        0.7500736437
C             0.6000435054        0.4000522515        0.2501232411
C             0.5996383235        0.3998186032        0.7506732105
C             0.6000000025        0.5999999783        0.2496388800
C             0.6000000217        0.5999999787        0.7505880278
C             0.6000434931        0.7999912716        0.2501232140
C             0.5996382902        0.7998197283        0.7506732349
C             0.8000083720        0.0000167290        0.2502311164
C             0.7998594420       -0.0002811311        0.7499585225
C             0.7999940559        0.1999970814        0.2502404403
C             0.7999875340        0.1999938358        0.7500595599
C             0.8000083437        0.3999916982        0.2502311319
C             0.7998594086        0.4001406392        0.7499584764
C             0.7999477779        0.5999565082        0.2501232252
C             0.8001814233        0.6003616933        0.7506732087
C             0.7999477956        0.7999912729        0.2501232210
C             0.8001814577        0.7998197252        0.7506732293
