&CONTROL
calculation = 'scf'
verbosity = 'high'
tprnfor=.TRUE.
tstress=.TRUE.
wf_collect = .true.
prefix='pwscf'
outdir = './'
pseudo_dir='/home/jinyuchem/program/QE/pseudo-potential'
/
&SYSTEM
ibrav = 0
ecutwfc = 85
tot_charge = -1
nspin = 2
tot_magnetization = 2.0
nbnd = 800
nat = 215
ntyp = 2
/
&ELECTRONS
conv_thr = 1D-10
diago_full_acc=.true.
/
K_POINTS gamma
CELL_PARAMETERS angstrom
10.70400  0.000000  0.000000
0.000000  10.70400  0.000000
0.000000  0.000000  10.70400
ATOMIC_SPECIES
C  12.01099968  C_ONCV_PBE-1.0.upf
N  14.00699997  N_ONCV_PBE-1.0.upf
ATOMIC_POSITIONS crystal
C    0.000030329909   -0.000031564289    0.000112782509
C    0.083288391241    0.083382693835    0.083429412176
C   -0.000162764773    0.166828611947    0.166842177006
C    0.082880399712    0.250261067830    0.250236085815
C    0.166589851409   -0.000057280387    0.166723033915
C    0.249824439159    0.083241464027    0.249972223371
C    0.166675089311    0.166715968055    0.000007237710
C    0.249892634579    0.250075620169    0.083225363536
C   -0.000098428625    0.000196174784    0.333415491555
C    0.083134571040    0.083532117224    0.416659625692
C   -0.000314144121    0.167017004255    0.500133509229
C    0.083762252922    0.249597298828    0.583491344783
C    0.166917802027    0.000229638741    0.500118188030
C    0.250020997347    0.083336616900    0.583282085313
C    0.166313484110    0.166770916495    0.333350293024
C    0.249533620923    0.250017768937    0.416531901077
C    0.000259837700    0.000359586910    0.666807844394
C    0.083580551994    0.083431031061    0.750118869126
C    0.000208563848    0.166602949242    0.833540984117
C    0.083435415740    0.250145703193    0.916768539902
C    0.166781027940   -0.000032201906    0.833362108049
C    0.250097200033    0.083382188535    0.916620522159
C    0.167053455107    0.166553148207    0.666624089854
C    0.250286457953    0.250176109936    0.749924213676
C   -0.000007946505    0.333436964028    0.000307455849
C    0.083082328192    0.416796029081    0.083744114174
C   -0.000631560008    0.500269105945    0.167394877456
C    0.082857075870    0.583564426494    0.250486230541
C    0.166326261885    0.333442887995    0.166781270731
C    0.249512854126    0.416694819102    0.249969460962
C    0.166998211687    0.500154594512    0.000331991844
C    0.250058759071    0.583335669253    0.083393103070
C   -0.000725329939    0.333809677222    0.333841415879
C    0.082386809249    0.417264506415    0.417262750607
C   -0.001359800193    0.500606391171    0.501044098091
C    0.082639981608    0.583552634101    0.583615540145
C    0.166337014844    0.333527521433    0.500070223412
C    0.249930326120    0.416848009476    0.583263043764
C    0.166140970348    0.500149269277    0.333619398545
C    0.249801416382    0.583338464113    0.416820420280
C    0.000971448321    0.332167082382    0.666617557134
C    0.083628416423    0.416647874322    0.750157785109
C    0.001132973132    0.500269326969    0.834467781455
C    0.083943190440    0.583296752691    0.917277805737
C    0.166973061332    0.333436810448    0.833324627143
C    0.250410005127    0.416795947063    0.916415813035
C    0.166621288316    0.500163703623    0.666679980623
C    0.250302122197    0.583438144917    0.749783536301
C    0.000014576386    0.666702507885    0.000169880808
C    0.083282200164    0.750029170654    0.083504972221
C   -0.000095915142    0.833299606815    0.166888748964
C    0.083242655622    0.916624077383    0.250167027501
C    0.166580820652    0.666635316695    0.166859624830
C    0.250030715462    0.749900225553    0.250198398615
C    0.166713765026    0.833287814740    0.000045660956
C    0.250035020124    0.916587392974    0.083366520618
C   -0.000580074460    0.666714427294    0.333949037850
C    0.083012205357    0.750160174831    0.417108302585
C    0.000713883746    0.834559201102    0.500587914750
C    0.083845276630    0.917299353845    0.583351587381
C    0.166438820864    0.666657152753    0.500191574444
C    0.250154310642    0.749838410399    0.583356147135
C    0.166604576389    0.833201624043    0.333506405288
C    0.250155595586    0.916358875086    0.416677625079
C   -0.000763660553    0.666645257121    0.666487358224
C    0.083018293912    0.749831123705    0.749829465787
C   -0.000030443618    0.833382169224    0.833302921786
C    0.083374293079    0.916617180279    0.916707297892
C    0.166835192135    0.666702551120    0.833348186403
C    0.250171096927    0.750028903215    0.916615099568
C    0.166759579640    0.833338634974    0.666693623262
C    0.250105649809    0.916629973329    0.750008650803
C    0.333391347347   -0.000056958317   -0.000078606729
C    0.416640208066    0.083241882078    0.083156530068
C    0.333141486301    0.166555828280    0.166473557348
C    0.416302350653    0.249824451254    0.249635153861
C    0.499960644796   -0.000319456481    0.166592749717
C    0.583114910429    0.083065068851    0.249713675782
C    0.500017739756    0.166771436901   -0.000354744998
C    0.583198851718    0.250018265475    0.082866777999
C    0.333260810497   -0.000319827937    0.333292460237
C    0.416381511860    0.083064679893    0.416446898127
C    0.332866301243    0.166394043719    0.499811026246
C    0.416027262063    0.249394638267    0.582911408313
C    0.499853019413    0.000002994141    0.499865648037
C    0.583271789891    0.083331851488    0.583214016106
C    0.499537601182    0.166136404133    0.332869873001
C    0.582688722675    0.249044319294    0.416021816263
C    0.333211520437    0.000191717197    0.666527476673
C    0.416731125435    0.083456913224    0.749906247632
C    0.333508381982    0.166828156006    0.833168505878
C    0.416902358310    0.250261251466    0.916212694434
C    0.500082400064    0.000195778575    0.833233178199
C    0.583326616774    0.083532392397    0.916466267429
C    0.499940901555    0.166759367750    0.666353010362
C    0.583545251991    0.250766917049    0.749037709685
C    0.333447573576    0.333442824311   -0.000340713181
C    0.416634844185    0.416695115228    0.082847162667
C    0.333062277629    0.499954195831    0.166396476407
C    0.416250265327    0.582996394870    0.249583635157
C    0.499671412934    0.333129994311    0.166054362200
C    0.582833751745    0.416138030838    0.249239245999
C    0.500284496221    0.500149338102   -0.000524337233
C    0.583486285348    0.583338587424    0.083135643909
C    0.332721259212    0.333129721442    0.333005145871
C    0.415905375900    0.416137857662    0.416167463039
C    0.333309824874    0.499958097179    0.499848534486
C    0.417444477438    0.583294597978    0.583076810197
C    0.498625897012    0.331765650425    0.499432740654
C    0.583530607344    0.416175264562    0.579303904279
C    0.498951788157    0.499486094299    0.332285337320
C    0.584053931964    0.579317413616    0.417387149357
C    0.333577848963    0.333502448383    0.666299299422
C    0.417942187535    0.417091317443    0.748827224118
C    0.334060856420    0.500268741303    0.832701755693
C    0.417151754157    0.583563767795    0.916190850544
C    0.500507741888    0.333809837511    0.832607611096
C    0.583928478841    0.417263932442    0.915721714518
C    0.502127355233    0.500797985928    0.664647056640
C    0.586959437358    0.584527196718    0.746674549698
C    0.333525242155    0.666635344097   -0.000085756841
C    0.416864685924    0.749900102011    0.083363747035
C    0.333399351623    0.833141870563    0.166732034291
C    0.416757952238    0.916260627214    0.250089697177
C    0.500117973915    0.666387214472    0.166809511622
C    0.583593674766    0.749006492063    0.251115127792
C    0.500172749767    0.833201920769   -0.000062415537
C    0.583344788180    0.916359523384    0.083488178676
C    0.333476174829    0.666386981624    0.333451611722
C    0.417781806616    0.749006184327    0.416925736002
C    0.333775355909    0.832882284604    0.500118570082
C    0.416441732217    0.917017741544    0.583363787688
C    0.501995399624    0.665277208847    0.500873196890
C    0.585234336359    0.749799973311    0.584241323597
C    0.500348291192    0.832840716082    0.333680385026
C    0.583567061454    0.916532402085    0.416899207803
C    0.333780663585    0.666630792344    0.666502893872
C    0.417152676952    0.750145970668    0.749662168661
C    0.333556355970    0.833299244051    0.833236773880
C    0.416834524232    0.916623789959    0.916574773286
C    0.500615979259    0.666714234862    0.832753342514
C    0.583774712274    0.750160438002    0.916346594284
C    0.499642630694    0.834264508646    0.666212307376
C    0.583465699606    0.917011034903    0.749991091942
C    0.666785325258    0.000230389379    0.000250304796
C    0.749949916072    0.083337831896    0.083353917967
C    0.666479081021    0.166394661119    0.166199514861
C    0.749579472397    0.249394995636    0.249360752574
C    0.833195626817    0.000193383715    0.166543972297
C    0.916574658879    0.083457520141    0.250064023071
C    0.833292423891    0.166553263509    0.000386898248
C    0.916592205603    0.250176109977    0.083620282644
C    0.666533273568    0.000002942158    0.333185662914
C    0.749881440875    0.083331680144    0.416604018813
C    0.666436445439    0.166456771182    0.499769151794
C    0.749881664357    0.250050556711    0.583214874312
C    0.833296670409    0.000251255323    0.500070864658
C    0.916645829402    0.083540817629    0.583389315777
C    0.833020677575    0.166759670005    0.333274117232
C    0.915704697471    0.250766778573    0.416878640588
C    0.666737804993    0.000251128208    0.666629453828
C    0.750056446024    0.083540989990    0.749978360133
C    0.666800874167    0.167016883396    0.833018070201
C    0.750159075050    0.249596712117    0.917096365694
C    0.833475247627    0.000359792065    0.833592545818
C    0.916786454192    0.083431286435    0.916913652184
C    0.833383153945    0.166715091295    0.666715766696
C    0.916900229752    0.249672477389    0.750233380653
C    0.666737040777    0.333527449473   -0.000329143691
C    0.749929620919    0.416847959443    0.083264888867
C    0.666514391577    0.499958499960    0.166644011850
C    0.749743308464    0.583294027096    0.250778765155
C    0.832966610490    0.333502575302    0.166911595596
C    0.915494012934    0.417091117631    0.251275686601
C    0.833346279121    0.500163854822   -0.000043193760
C    0.916449608201    0.583438087477    0.083637417365
C    0.666099387822    0.331765268318    0.331959338635
C    0.745970580147    0.416175237572    0.416863655336
C    0.831831182181    0.334269782126    0.500736326352
C    0.916024804029    0.416909209231    0.584583847392
C    0.831314003083    0.500797769460    0.335460864597
C    0.913339923375    0.584528205829    0.420291869543
C    0.667402527107    0.334269888172    0.665165187093
C    0.751249326824    0.416907707233    0.749360714776
C    0.667709529548    0.500606060220    0.831976365763
C    0.750281374599    0.583552515358    0.915975897412
C    0.833284218908    0.332166201609    0.834306178564
C    0.916823860223    0.416647296783    0.916963315206
C    0.841985461105    0.491277560886    0.675322457661
C    0.916360130375    0.582546234637    0.749695832436
C    0.666858175201    0.666657919960   -0.000226476248
C    0.750022977589    0.749839318880    0.083488270286
C    0.666786134429    0.832883066898    0.167108065930
C    0.750031961147    0.917018998989    0.249773769215
C    0.833169323862    0.666631688116    0.167114906669
C    0.916328982036    0.750146785340    0.250485671590
C    0.833361390360    0.833339291140    0.000093192183
C    0.916676907754    0.916631194998    0.083438750647
C    0.667540066182    0.665277636311    0.335328801653
C    0.750908947205    0.749800936643    0.418565640892
C    0.666809670289    0.833592265065    0.500142473946
C    0.750114592244    0.916897149429    0.583448040803
C    0.836238542477    0.674018740199    0.498538896229
C    0.915720334103    0.750514397566    0.582987916652
C    0.832879260677    0.834266383635    0.332974108638
C    0.916657778067    0.917011408057    0.416798666517
C    0.665206472306    0.674019447715    0.669573711745
C    0.749655191927    0.750514027736    0.749055225241
C    0.667254169832    0.834559000936    0.834047940922
C    0.750018774706    0.917299987598    0.917178461599
C    0.833152925855    0.666645619311    0.832572443713
C    0.916496533310    0.749831066196    0.916352967243
C    0.833608876852    0.834134909837    0.666942746546
C    0.916698761126    0.917060931795    0.750032318946
N    0.659281742262    0.491010347493    0.492615497449
