&control
    calculation = 'scf',
    prefix='pwscf',
    pseudo_dir='/home/jinyuchem/program/QE/pseudo-potential',
    outdir = './',
    verbosity='high',
    tprnfor=.TRUE.,
    tstress=.TRUE.,
    wf_collect=.TRUE.
    forc_conv_thr = 0.0000039
    etot_conv_thr = 1.0D-7
    nstep = 100
/
&system
    ibrav=0,
    nat = 215
    ntyp=2,
    ecutwfc = 60,
    nbnd = 900,
/
&electrons
    diago_full_acc=.true.,
    conv_thr=1.0D-10
/
&IONS
    ion_dynamics='bfgs'
    ion_positions='default'
/
ATOMIC_SPECIES
Mg  24.305  Mg_ONCV_PBE-1.0.upf
O   15.999  O_ONCV_PBE-1.0.upf
K_POINTS gamma
CELL_PARAMETERS {angstrom}
        12.78000000       0.000000000        0.000000000
        0.000000000       12.78000000        0.000000000
        0.000000000       0.000000000        12.78000000
ATOMIC_POSITIONS {crystal}
Mg    0.000160662225    0.000066878130   -0.000228014539
Mg   -0.000265626652   -0.000858496820    0.333126814373
Mg    0.000591042660    0.000942087035    0.666468560795
Mg   -0.001046586743    0.333501743768   -0.000887901007
Mg   -0.001487448986    0.332557361806    0.332574131224
Mg   -0.000688796074    0.334237142770    0.665914547989
Mg    0.000902111276    0.666676830155    0.000930903881
Mg    0.000521828319    0.665802335128    0.334284606371
Mg    0.001338536562    0.667591221296    0.667620494821
Mg    0.333461751817   -0.000528220457   -0.000707218951
Mg    0.333176702482   -0.001483557407    0.332651044494
Mg    0.333987373829    0.000408141768    0.665882431308
Mg    0.332203806775    0.332919442239   -0.001374152244
Mg    0.332137876010    0.332257694787    0.332316067659
Mg    0.332876451325    0.333900878599    0.665292471476
Mg    0.334204845135    0.666314790895    0.000505238812
Mg    0.334005878505    0.665396102262    0.333952400987
Mg    0.334776497067    0.666969804732    0.666863202600
Mg    0.666776653864    0.000668057455    0.000326315253
Mg    0.666667434310   -0.000295557294    0.333373733666
Mg    0.667271511605    0.001513920298    0.666803582317
Mg    0.665459368878    0.333898862981   -0.000409462805
Mg    0.665164221136    0.333166405809    0.333027779806
Mg    0.665851545353    0.334625881238    0.666164219400
Mg    0.667378067371    0.667224231381    0.001482547967
Mg    0.667098048055    0.666110810758    0.334708265133
Mg    0.667680390274    0.667811055573    0.667744617443
Mg   -0.001317924330    0.166017464385    0.165756335191
Mg   -0.000954310544    0.166619228579    0.499056059710
Mg   -0.000506038509    0.167755300333    0.832239417722
Mg   -0.000571995663    0.499219895182    0.166718981759
Mg   -0.000201704448    0.500032993082    0.500232113239
Mg    0.000241455500    0.500961713518    0.833538461975
Mg    0.000645903695    0.832306946730    0.167554326996
Mg    0.001118622975    0.833446742610    0.500778480759
Mg    0.001427923635    0.834140986398    0.834012197192
Mg    0.332096832798    0.165412915015    0.165353738476
Mg    0.332048360694    0.165258904256    0.498661191324
Mg    0.332772168074    0.167174364085    0.831725963911
Mg    0.332302768108    0.498935598378    0.165530302089
Mg    0.327001827403    0.499597368283    0.499649348037
Mg    0.333034263235    0.500440250371    0.833773159415
Mg    0.333985535693    0.831906866597    0.167110495561
Mg    0.333965270282    0.833700860994    0.500180007527
Mg    0.334723491913    0.833737641841    0.833490249290
Mg    0.665442487425    0.166519357670    0.166080701979
Mg    0.666393093876    0.166363674357    0.499371455768
Mg    0.666090917841    0.168164309071    0.832720651148
Mg    0.666512104198    0.499712365051    0.166404257006
Mg    0.672731080041    0.500416328712    0.500556206585
Mg    0.667092608877    0.501205841811    0.834812668153
Mg    0.667405496758    0.832890310323    0.168029701290
Mg    0.668361360640    0.834750227604    0.500896118454
Mg    0.667913185394    0.834690034909    0.834431843667
Mg    0.166471482879   -0.001398526311    0.166111061718
Mg    0.166743694205   -0.000563335750    0.499361369657
Mg    0.167393387869    0.000415083754    0.832456210915
Mg    0.165397340727    0.332165670945    0.165579781665
Mg    0.164781420228    0.332478032090    0.498958642542
Mg    0.166123485965    0.333843189300    0.831881222482
Mg    0.167260715814    0.665472944257    0.167254015624
Mg    0.166750705140    0.666810573731    0.500560609226
Mg    0.168150671263    0.667131379125    0.833643541808
Mg    0.499839422757   -0.000897797038    0.166323698057
Mg    0.500389865757    0.000010154396    0.499580580938
Mg    0.500498413216    0.001009972197    0.833206202965
Mg    0.498607839036    0.332077848017    0.164933592565
Mg    0.498987392965    0.327043702100    0.499074902900
Mg    0.499160372683    0.333624782964    0.833328202116
Mg    0.500517405190    0.666448618866    0.166794150625
Mg    0.501059084867    0.672955068859    0.500822559681
Mg    0.501018887735    0.668111212300    0.835097214676
Mg    0.833017249993   -0.000244815176    0.166990838244
Mg    0.833702326292    0.000640332167    0.500127305202
Mg    0.833755604939    0.001475898066    0.833548529323
Mg    0.831743008320    0.333126173811    0.166340865088
Mg    0.833120755591    0.333260723999    0.499591961996
Mg    0.832511548720    0.334651788786    0.832900479171
Mg    0.833709652886    0.666246994742    0.168168651190
Mg    0.835106268540    0.667568925776    0.501191178622
Mg    0.834297605135    0.668002602890    0.834580497288
Mg    0.165851870154    0.166320720593   -0.001479177306
Mg    0.165507619971    0.165456004859    0.332029525456
Mg    0.166233688568    0.167173235915    0.665303034245
Mg    0.166459190671    0.499663413457   -0.000390487044
Mg    0.165254697841    0.498920992257    0.332677423572
Mg    0.166115331333    0.500546576926    0.666844782170
Mg    0.167836153573    0.832700341612    0.000283869108
Mg    0.167405310555    0.831871652586    0.333684224338
Mg    0.168285959400    0.833649551234    0.666936267349
Mg    0.498992281567    0.166603949790   -0.001063546266
Mg    0.498944109835    0.164925614596    0.331769418390
Mg    0.499580384247    0.166671604135    0.666152428560
Mg    0.499627399437    0.500092791718    0.000159709622
Mg    0.499438579587    0.499170527381    0.327214214663
Mg    0.500242187361    0.500882629312    0.672974819934
Mg    0.500996378560    0.833544614682    0.000872154543
Mg    0.500778222515    0.833331507312    0.333473305784
Mg    0.501380845803    0.835162022504    0.667734113530
Mg    0.832284238503    0.167499516761   -0.000542759366
Mg    0.831936608349    0.166554651639    0.332685186245
Mg    0.832731315404    0.168145009265    0.666149410064
Mg    0.833129577357    0.500545425472    0.000607014334
Mg    0.833591719636    0.499553882773    0.333397601886
Mg    0.834333965463    0.501189223711    0.667732476315
Mg    0.834222099234    0.833799476066    0.001291353681
Mg    0.834072348513    0.832879182367    0.334411468522
Mg    0.834626769880    0.834631736249    0.667769151183
O   -0.001599598121    0.167023434348   -0.001751772239
O   -0.002484056115    0.165705862613    0.332886886389
O   -0.000617817492    0.168273238595    0.665335338933
O   -0.000084597893    0.500060655354    0.000069872080
O   -0.001283018073    0.499475377988    0.333744384019
O    0.000732545132    0.500654824264    0.666798481732
O    0.001806305168    0.833181420723    0.001469517434
O    0.000813862208    0.831724983245    0.334508816311
O    0.002576567356    0.834451451970    0.666855134361
O    0.332898712855    0.166059685296   -0.002618939040
O    0.333421523333    0.164843865555    0.333040657634
O    0.333330264532    0.167690420593    0.664610350101
O    0.333134610048    0.500082673976   -0.000838135677
O    0.334671371661    0.499427934906    0.334944423054
O    0.335104233779    0.500499359776    0.664809473287
O    0.334832877012    0.832249230438    0.000335212844
O    0.334676035996    0.831118077074    0.334241310749
O    0.335473544318    0.833376958704    0.666298512162
O    0.665226830346    0.167983228157   -0.000684801289
O    0.664804525421    0.166868682988    0.333011268886
O    0.665583365176    0.168873955337    0.665466879601
O    0.665961419356    0.500094195125    0.001339507571
O    0.664685605662    0.499576361981    0.335256262138
O    0.664899874476    0.500607519226    0.665398106090
O    0.667104785650    0.834146007013    0.002472136818
O    0.667227034888    0.832308075938    0.335046734377
O    0.666984279595    0.835249547656    0.666371841893
O   -0.000961970115   -0.001699792532    0.166499038009
O    0.000099141344    0.000009164181    0.499888655355
O    0.001313131162    0.001732113594    0.832871642024
O   -0.002540269728    0.333276231439    0.165607275313
O   -0.001865569010    0.333552761474    0.499632784584
O   -0.000853052091    0.334737493143    0.831863859476
O    0.000690356355    0.665359726984    0.168273626034
O    0.001662627006    0.666567994456    0.500736810922
O    0.002448326356    0.666998898624    0.834451397282
O    0.333764568470   -0.002530278863    0.165824759899
O    0.333914587582   -0.001290092803    0.499589621419
O    0.334269815251    0.000540059239    0.831812165412
O    0.333004000968    0.333261316365    0.164944121525
O    0.334159322609    0.334864351478    0.499373901184
O    0.333067799867    0.334394902984    0.831015585397
O    0.334489400438    0.664972590778    0.167810222075
O    0.335713916171    0.664927327231    0.500420231717
O    0.335264664749    0.666717879859    0.833334716253
O    0.666340286431   -0.000278926162    0.167375458355
O    0.667077462882    0.001341013265    0.499447943346
O    0.666506255251    0.002624355328    0.833696701381
O    0.664530472693    0.333600718070    0.166589725977
O    0.664262364388    0.335091833620    0.499564653807
O    0.665156889855    0.335102740723    0.832420027428
O    0.666625930665    0.665673767215    0.169065278279
O    0.665891866071    0.665179388553    0.500675746531
O    0.666351010289    0.666933362749    0.835103939679
O    0.164940401482    0.164928086742    0.164754410968
O    0.165657499989    0.166227365391    0.499275021645
O    0.166317305927    0.167487406116    0.831017788669
O    0.166282502672    0.499594701981    0.166578118310
O    0.165242721005    0.500052388662    0.500233480493
O    0.167762428731    0.500671015710    0.832126808563
O    0.167658852967    0.831135716367    0.167274199944
O    0.168527926093    0.832163347287    0.500455804700
O    0.169035653727    0.833561002186    0.833333785026
O    0.499378259219    0.165777973370    0.165408139261
O    0.499476911965    0.165398756737    0.499034189095
O    0.499274234667    0.168234834280    0.831593982305
O    0.499596043849    0.499433895529    0.165622427024
O    0.499499980097    0.500660574842    0.834700979976
O    0.500856993213    0.831812357251    0.168210955259
O    0.501181925290    0.834611555457    0.500288367472
O    0.500716129009    0.834554499181    0.834061646668
O    0.831129251229    0.166805889080    0.166173288884
O    0.831684451713    0.167932746720    0.499277913273
O    0.832477481171    0.168913362504    0.832490212385
O    0.831944106750    0.499552240576    0.168007120439
O    0.834261530622    0.500052191751    0.500279567748
O    0.833180089290    0.500685837486    0.833871196437
O    0.833927961237    0.832577610876    0.168776266018
O    0.834699991972    0.833852973324    0.500404610713
O    0.835133924538    0.835256275617    0.834969618243
O    0.167055637763   -0.001266295762   -0.001562538690
O    0.166261108122   -0.002579738197    0.333368675277
O    0.167977455109    0.000573290901    0.665544116333
O    0.165442049257    0.333688006369   -0.002452393560
O    0.164832331330    0.333371916014    0.333424501936
O    0.166324617030    0.334517858285    0.664903013948
O    0.168336701514    0.665885021333    0.000633343845
O    0.167757408291    0.664915436991    0.334533040890
O    0.169093959235    0.666646088592    0.666619745373
O    0.500060944598    0.000066008003   -0.000131982159
O    0.500580609827   -0.001709128010    0.332980774346
O    0.500307162427    0.001725965430    0.666038114392
O    0.498925039671    0.333520265693   -0.001604448419
O    0.499097980288    0.334368724948    0.334264607805
O    0.499342015106    0.335454693470    0.664458187675
O    0.500425243139    0.666688613721    0.001801658279
O    0.500596248021    0.664550921542    0.335561212837
O    0.500739443087    0.665773904638    0.665538140844
O    0.833364191783    0.001537596771    0.001007603831
O    0.832727372498   -0.000340004341    0.333651098845
O    0.834042150580    0.002551762564    0.666202719195
O    0.831506218689    0.334357464051   -0.000557263220
O    0.830839764337    0.333569945803    0.333421530109
O    0.832012913981    0.335110088635    0.665723135455
O    0.834327237285    0.666481556243    0.002557576464
O    0.833571424152    0.665543646026    0.335234449119
O    0.834976472311    0.666913384689    0.666761589751
