&CONTROL
calculation = 'scf'
restart_mode = 'from_scratch'
prefix = 'pwscf'
pseudo_dir = '/home/jinyuchem/program/QE/pseudo-potential'
outdir = './'
wf_collect = .TRUE.
tprnfor = .TRUE.
verbosity = 'high'
max_seconds = 248000
/
&SYSTEM
ibrav = 0
nat = 511
ntyp = 2
ecutwfc = 60
nspin = 2
tot_magnetization = 2
nbnd = 1040
input_dft = 'PBE0'
exx_fraction = 0.18
ecutfock = 120
/
&ELECTRONS
electron_maxstep = 600
conv_thr = 1.0d-7
mixing_mode = 'plain'
mixing_beta = 0.7
diagonalization = 'david'
diago_full_acc = .TRUE.
startingpot = 'atomic'
startingwfc = 'atomic+random'
/
ATOMIC_SPECIES
C  12.0107 C_ONCV_PBE-1.0.upf
Si 28.0855      Si_ONCV_PBE-1.1.upf
CELL_PARAMETERS angstrom
14.2 0.0 0.0
0.0 14.2 0.0
0.0 0.0 14.2
K_POINTS gamma
ATOMIC_POSITIONS crystal
C   -0.000038668748   -0.000031669086   -0.000036604592
C    0.000103876389    0.000115392277    0.249946774083
C   -0.000042745838   -0.000026836370    0.499964192512
C   -0.000199389223   -0.000178563683    0.749984840444
C    0.000118715492    0.249894291364    0.000118197167
C    0.000362637911    0.250012493913    0.250039713869
C    0.000299426040    0.249903743459    0.500042742132
C    0.000059214623    0.249755944941    0.750151589568
C   -0.000006719472    0.499938822200   -0.000006087959
C    0.000342412438    0.500036926870    0.249842486886
C    0.000130502202    0.499971912581    0.499933264838
C   -0.000155638566    0.499887287076    0.750047806490
C   -0.000184801084    0.750025001527   -0.000181094331
C    0.000082295285    0.750162259659    0.249781491144
C   -0.000173159318    0.750041111469    0.499876865844
C   -0.000437332582    0.749905357082    0.749868794934
C    0.249945448166    0.000119358916    0.000106250546
C    0.250083010979    0.000371656978    0.250084283071
C    0.250005282557    0.000275802614    0.500073890050
C    0.249840282663    0.000044357310    0.750102289116
C    0.250041635816    0.250014802181    0.000362011019
C    0.250474399812    0.250461585445    0.250472349446
C    0.250563839574    0.250678629147    0.500464449179
C    0.249860928592    0.249904377576    0.750328809545
C    0.249844034896    0.500039749127    0.000342364798
C    0.250230461262    0.500278267762    0.250229327831
C    0.249947242792    0.500422236303    0.500560081050
C    0.248656357389    0.499910412778    0.751346035140
C    0.249779285027    0.750166764210    0.000086028728
C    0.249884863998    0.750277900652    0.249886719796
C    0.249059826018    0.750788306467    0.500097379509
C    0.249342073439    0.750220869632    0.750276132610
C    0.499963428575   -0.000026210309   -0.000042967164
C    0.500074116171    0.000272609294    0.250005912083
C    0.499974940341    0.000035023331    0.499974405361
C    0.499886650250   -0.000232987705    0.749913069574
C    0.500044603445    0.249902644243    0.000295728867
C    0.500467346977    0.250675528373    0.250561933713
C    0.500456984268    0.250789976622    0.500453757295
C    0.499890863445    0.249360493955    0.750810321902
C    0.499932542389    0.499970863063    0.000126456783
C    0.500560131265    0.500418289849    0.249947705441
C    0.499179608620    0.499883175461    0.750949218837
C    0.499873752669    0.750042392426   -0.000172644864
C    0.500094799606    0.750783426068    0.249062964355
C    0.499778471254    0.749403276180    0.499782055739
C    0.499289336691    0.749045234027    0.749463009322
C    0.749982908724   -0.000181591064   -0.000199708063
C    0.750100997431    0.000037202344    0.249841077325
C    0.749914442913   -0.000236858959    0.499886806890
C    0.749802563536   -0.000460633427    0.749801880835
C    0.750151994861    0.249752970427    0.000055489260
C    0.750330225973    0.249898821368    0.249858375305
C    0.750816836272    0.249356702599    0.499888758215
C    0.750240391233    0.249438001622    0.750236569615
C    0.750044385384    0.499883815296   -0.000159895021
C    0.751343994602    0.499903804609    0.248656095738
C    0.750952810890    0.499878052778    0.499180629223
C    0.750343666698    0.499018252771    0.750341808539
C    0.749864336873    0.749901668093   -0.000437032266
C    0.750271733053    0.750212441253    0.249344094283
C    0.749462258974    0.749040872601    0.499292762533
C    0.749314048068    0.749254620038    0.749315526731
C    0.000146371459    0.124999503454    0.125021818668
C    0.000273707630    0.125041469043    0.375014953642
C    0.000054997016    0.124773924995    0.625050665228
C   -0.000021819770    0.124831845936    0.875072307302
C    0.000292847781    0.374972971683    0.125035463891
C    0.000389503624    0.374980312765    0.374962199120
C    0.000115743123    0.374860100672    0.625067976597
C    0.000007269065    0.374828929468    0.875189993428
C    0.000131534454    0.625054100247    0.124723053856
C    0.000128676892    0.625083993056    0.374822699701
C   -0.000224609036    0.624949979797    0.624919679105
C   -0.000338560202    0.624946465904    0.874891541966
C   -0.000022489805    0.875094471825    0.124856387633
C   -0.000008605668    0.875168555373    0.374891937376
C   -0.000359726414    0.874880415838    0.624912142323
C   -0.000262911927    0.874933310685    0.874906828787
C    0.250137717682    0.125231973144    0.125258335897
C    0.250395812631    0.125549423558    0.375261758381
C    0.250028713710    0.125106291778    0.625179518050
C    0.249937842720    0.124965512686    0.875211290669
C    0.250271415032    0.375167802679    0.125421006454
C    0.250868946726    0.375759089184    0.375704815789
C    0.249607884036    0.375084535467    0.625777244001
C    0.249696506593    0.374898842822    0.875526355708
C    0.249907480302    0.625180103612    0.124979954288
C    0.249587722521    0.625472711210    0.374991580211
C    0.249248745943    0.625293918306    0.625458501003
C    0.249198902493    0.625054813593    0.875740342945
C    0.249943054009    0.875248692270    0.124987327546
C    0.249818500238    0.875400948433    0.374938986961
C    0.249494918283    0.875396701938    0.625073941464
C    0.249761949912    0.875097934542    0.875075942480
C    0.500120175543    0.125193801849    0.125221331223
C    0.500230987849    0.125414828295    0.375243164106
C    0.500055826583    0.125034418248    0.625100621210
C    0.499955878139    0.124684571994    0.875249588879
C    0.500227119589    0.375148376372    0.125195944106
C    0.501868775882    0.377764838037    0.377034557748
C    0.499463657891    0.374217094197    0.627306214620
C    0.499823567510    0.374697692869    0.875529299680
C    0.500077169296    0.625185601655    0.124776956679
C    0.500299762696    0.626631382371    0.373069591544
C    0.493223581656    0.623026184226    0.626290394648
C    0.499588733059    0.624880305722    0.875111012253
C    0.499987823297    0.875319377485    0.124679307640
C    0.499965567900    0.875135935734    0.374770377583
C    0.499705524855    0.874589429231    0.624769789305
C    0.499768188601    0.874731977722    0.874737504603
C    0.750135595696    0.124906065774    0.124930737033
C    0.750206516697    0.124881214444    0.374937557400
C    0.750048016185    0.124701535013    0.625004842017
C    0.750019672670    0.124630103823    0.875001317159
C    0.750353177906    0.374876122918    0.124721590150
C    0.750983752291    0.374733401520    0.374372187947
C    0.751677408306    0.373572470486    0.625525105139
C    0.750225889009    0.374606725223    0.875337094744
C    0.750206866585    0.625078895953    0.124499524170
C    0.751971025840    0.625039398170    0.372982682289
C    0.749051026935    0.623745170201    0.623844745130
C    0.749594849161    0.624658587100    0.874557621771
C    0.750031795358    0.875055417266    0.124634888438
C    0.750049651287    0.874995507380    0.374725557070
C    0.749422078067    0.874193434388    0.624563422211
C    0.749750470854    0.874632245303    0.874602036174
C    0.125022691406    0.000155752167    0.125025034868
C    0.125101363313    0.000292573882    0.375027780215
C    0.124818577843    0.000085119633    0.625049636130
C    0.124857899792   -0.000013499753    0.875065425501
C    0.125241254961    0.250086121923    0.125240489619
C    0.125472802963    0.250296036706    0.375223330520
C    0.125005729469    0.249940707499    0.625216478237
C    0.124968420871    0.249899180023    0.875240650236
C    0.125110360329    0.500075062854    0.125109881705
C    0.125178432888    0.500192305965    0.375132443472
C    0.124758671422    0.500055971553    0.625239688171
C    0.124515240462    0.499944431984    0.875465319655
C    0.124924637902    0.750161501429    0.124927805886
C    0.124774113891    0.750289295457    0.374928106178
C    0.124548608262    0.750180928315    0.625078427439
C    0.124604466722    0.750070579597    0.875063552827
C    0.375026946377    0.000292989349    0.125102545602
C    0.375066290174    0.000329842983    0.375066682344
C    0.374928917011    0.000049223400    0.625026655027
C    0.374896349014   -0.000026835058    0.875081517135
C    0.375225967721    0.250295514899    0.125471383314
C    0.375875864410    0.251362501458    0.375873410405
C    0.375116155935    0.250168524040    0.625528024117
C    0.374874617678    0.249787992226    0.875456884786
C    0.375134108239    0.500191834524    0.125177022324
C    0.376333708128    0.501215115231    0.376334486910
C    0.372237270052    0.499465078379    0.628608414069
C    0.374483545061    0.499937287314    0.875614761932
C    0.374926174873    0.750289734822    0.124776399036
C    0.374618693151    0.750563694618    0.374621081424
C    0.373642383174    0.750767939311    0.625203210991
C    0.374643679243    0.750134553844    0.875254687134
C    0.625048721492    0.000080595486    0.124818739162
C    0.625027322065    0.000044050720    0.374929095445
C    0.624862758010   -0.000312678234    0.624861835072
C    0.624896513206   -0.000362216588    0.874775702289
C    0.625217772429    0.249936049322    0.125002683506
C    0.625531955427    0.250163640114    0.375113767621
C    0.625149338879    0.249977891610    0.625145419860
C    0.625091026572    0.249460034380    0.875490072303
C    0.625237207785    0.500050815541    0.124755876105
C    0.628609396171    0.499458608337    0.372239871515
C    0.629537189782    0.492057650505    0.629531459288
C    0.624797979543    0.499729139054    0.875140433281
C    0.625074085758    0.750175569885    0.124549585246
C    0.625200626195    0.750760806492    0.373646544016
C    0.623656689738    0.747725418476    0.623658649273
C    0.624594712308    0.749530674546    0.874448696781
C    0.875062395269   -0.000018564542    0.124858939592
C    0.875081120354   -0.000032211431    0.374897134249
C    0.874777439445   -0.000362998612    0.624897113253
C    0.874891213942   -0.000254548642    0.874892042484
C    0.875240492197    0.249895481707    0.124966199273
C    0.875460157003    0.249784500917    0.374872437981
C    0.875496012244    0.249460124154    0.625089427016
C    0.875105273940    0.249711863722    0.875103324368
C    0.875462380363    0.499940011286    0.124513619061
C    0.875616144589    0.499932653626    0.374483504114
C    0.875144852767    0.499729058075    0.624799303622
C    0.874976738912    0.499729277367    0.874976215750
C    0.875058602224    0.750064725706    0.124606320435
C    0.875252341158    0.750128177523    0.374646357908
C    0.874449169103    0.749529804085    0.624598216243
C    0.874635390629    0.749800967858    0.874637842344
C    0.125021527425    0.125001464617    0.000147694838
C    0.125257941257    0.125231135934    0.250137447588
C    0.125222565376    0.125196208001    0.500118715468
C    0.124932263064    0.124911321428    0.750135817572
C    0.125037157343    0.374974741237    0.000292510850
C    0.125422551573    0.375167173010    0.250268965754
C    0.125198951404    0.375151632296    0.500225494060
C    0.124725100332    0.374881145575    0.750354269696
C    0.124721739647    0.625056635611    0.000134463651
C    0.124978539553    0.625179137509    0.249907845647
C    0.124777554471    0.625188481544    0.500079235196
C    0.124500355073    0.625085629608    0.750212097389
C    0.124853523914    0.875097559909   -0.000018246806
C    0.124984238137    0.875247183652    0.249945666939
C    0.124677338951    0.875321494799    0.499989934448
C    0.124633541464    0.875061903058    0.750035788543
C    0.375015755686    0.125043628388    0.000273091836
C    0.375263464212    0.125548498126    0.250395167278
C    0.375244676801    0.125417094010    0.500228493512
C    0.374939064028    0.124886564034    0.750203767980
C    0.374964547463    0.374981386364    0.000386675122
C    0.375707407405    0.375758198974    0.250867724526
C    0.377035189308    0.377767353922    0.501865750968
C    0.374373354726    0.374739023806    0.750980399638
C    0.374822007263    0.625087054322    0.000128795417
C    0.374990775088    0.625471159063    0.249589368269
C    0.373064150333    0.626636514366    0.500301534265
C    0.372979775846    0.625046427629    0.751972520465
C    0.374889645172    0.875172142247   -0.000006297511
C    0.374937502764    0.875400029290    0.249820587993
C    0.374768547608    0.875138795696    0.499967048866
C    0.374723523947    0.875002881373    0.750051534462
C    0.625051546141    0.124771854297    0.000052119658
C    0.625180986719    0.125100748354    0.250027258370
C    0.625104006640    0.125031845551    0.500053796980
C    0.625006660084    0.124702544685    0.750044208160
C    0.625067479207    0.374856931138    0.000110481060
C    0.625778450043    0.375079243860    0.249606080420
C    0.627312338176    0.374212460476    0.499461443423
C    0.625527841428    0.373574573142    0.751671007078
C    0.624915462521    0.624947342923   -0.000227675333
C    0.625454973866    0.625286402957    0.249250959041
C    0.626293419057    0.623022240373    0.493227814702
C    0.623842747047    0.623746574997    0.749049512545
C    0.624909240657    0.874878851767   -0.000359344397
C    0.625071306805    0.875389847632    0.249497090744
C    0.624768759517    0.874586380482    0.499707349610
C    0.624561786480    0.874195062238    0.749422131367
C    0.875071845044    0.124829636169   -0.000022547321
C    0.875211153198    0.124960559852    0.249937086602
C    0.875253130591    0.124682093973    0.499954604211
C    0.875003951883    0.124631012355    0.750018632714
C    0.875189455228    0.374826748543    0.000004784807
C    0.875526812063    0.374894585797    0.249694006461
C    0.875534735578    0.374696100452    0.499822423563
C    0.875341634882    0.374607611367    0.750224642573
C    0.874888049673    0.624943865578   -0.000338084702
C    0.875737039498    0.625048106116    0.249199664125
C    0.875112395806    0.624876764009    0.499591400679
C    0.874558676212    0.624659414205    0.749597427092
C    0.874903154444    0.874930976868   -0.000260723826
C    0.875072311282    0.875090579641    0.249763952656
C    0.874737191162    0.874727992497    0.499770649062
C    0.874601473328    0.874632783160    0.749752750961
C    0.187595218090    0.062736222015    0.187596026628
C    0.187700547211    0.062854186045    0.437589962471
C    0.187395824040    0.062522653838    0.687602964393
C    0.187415148134    0.062500783032    0.937621921285
C    0.187847845647    0.312689011846    0.187845686521
C    0.188035495864    0.312952216469    0.437889766178
C    0.187224171527    0.312350917206    0.687852366491
C    0.187417004479    0.312418049862    0.937886195489
C    0.187503727312    0.562759961735    0.187503766184
C    0.187348832829    0.562757767333    0.437690910835
C    0.186857667529    0.562556690392    0.688005474922
C    0.187016745022    0.562553198728    0.937979059025
C    0.187370934613    0.812780871667    0.187373637843
C    0.186985926490    0.813032896949    0.437393556434
C    0.187019734050    0.812715111741    0.687621639761
C    0.187232445247    0.812602884899    0.937523899730
C    0.437590981893    0.062852427252    0.187700520250
C    0.437618978800    0.062808315366    0.437617821475
C    0.437455428786    0.062446907616    0.687565139149
C    0.437438830258    0.062405270366    0.937673840463
C    0.437892448385    0.312950261727    0.188033591541
C    0.438823408414    0.314758075823    0.438820983245
C    0.437288905149    0.311745470710    0.688847860907
C    0.437410793895    0.312301421346    0.937944184839
C    0.437690671077    0.562755666063    0.187349200868
C    0.433902807620    0.563007216818    0.690237519991
C    0.437242515518    0.562440367971    0.937735508581
C    0.437391551771    0.813030765711    0.186988713322
C    0.437332354019    0.812520388215    0.437334843005
C    0.436954695617    0.812347583585    0.687386004954
C    0.437268429037    0.812563483897    0.937489543494
C    0.687602821758    0.062516592374    0.187395206214
C    0.687567245594    0.062442206036    0.437454674451
C    0.687431975199    0.062156403608    0.687429724084
C    0.687474291333    0.062188551445    0.937386447395
C    0.687853000535    0.312345572910    0.187221209888
C    0.688853484539    0.311739823933    0.437287406446
C    0.687880412844    0.311912823899    0.687875979882
C    0.687570443542    0.312190258602    0.937716076013
C    0.688001735748    0.562549663985    0.186857137676
C    0.690238303187    0.563000894409    0.433906104007
C    0.686174627815    0.561301770966    0.686173697215
C    0.687364258138    0.562303991765    0.937319616503
C    0.687617647345    0.812707618550    0.187021283733
C    0.687384258699    0.812341472948    0.436957610711
C    0.686625936122    0.811126967803    0.686627109603
C    0.687274717609    0.812204491221    0.937016540731
C    0.937619977587    0.062496316112    0.187415360532
C    0.937674879048    0.062402131765    0.437438395988
C    0.937388494811    0.062189938796    0.687473969505
C    0.937454642112    0.062325480264    0.937455235856
C    0.937886269256    0.312414965294    0.187414509725
C    0.937947989087    0.312300102617    0.437408541777
C    0.937721144839    0.312192089111    0.687569389527
C    0.937563947281    0.312323859846    0.937562742229
C    0.937976491316    0.562548618619    0.187016362421
C    0.937737028264    0.562437830270    0.437243382904
C    0.937323060723    0.562305760814    0.687367336623
C    0.937383026863    0.562426298612    0.937384285337
C    0.937519244017    0.812597140307    0.187234418193
C    0.937487814764    0.812559007765    0.437271108735
C    0.937016229786    0.812205626816    0.687278117926
C    0.937245536097    0.812413560537    0.937248750763
C    0.062514415866    0.062514405593    0.062515925443
C    0.062680467090    0.062664605921    0.312501369875
C    0.062525726494    0.062515491856    0.562533740669
C    0.062372540101    0.062367775978    0.812547533093
C    0.062665706777    0.312465048580    0.062664862495
C    0.062924140269    0.312580577085    0.312614049961
C    0.062662920289    0.312440754827    0.562617383346
C    0.062398059646    0.312319581047    0.812715791770
C    0.062490828459    0.562559083641    0.062492171109
C    0.062648486156    0.562605610406    0.312434438363
C    0.062361067433    0.562522624422    0.562555278429
C    0.062143047123    0.562461246857    0.812656653355
C    0.062357548446    0.812600333926    0.062361177644
C    0.062423647422    0.812739001130    0.312327995964
C    0.062186425071    0.812598155315    0.562451482269
C    0.062114482386    0.812490139562    0.812459808659
C    0.312501483485    0.062666813115    0.062681416618
C    0.312676970397    0.062951315247    0.312676514554
C    0.312562734507    0.062731324152    0.562604207334
C    0.312376747023    0.062450294506    0.812654999204
C    0.312616976006    0.312581391907    0.062922620139
C    0.313171537203    0.313228484547    0.313169037640
C    0.313012275168    0.313435096628    0.563198203472
C    0.312202604966    0.312262513569    0.813155081391
C    0.312435450949    0.562607526978    0.062648548146
C    0.312144968953    0.563455865740    0.312145808408
C    0.311555875728    0.562584027303    0.563330350480
C    0.311139873893    0.562572913864    0.813800960610
C    0.312325660644    0.812741746322    0.062427090355
C    0.312239585859    0.813048887324    0.312241636799
C    0.311667169158    0.813142344782    0.562591231356
C    0.312148495871    0.812601450877    0.812636824094
C    0.562534201751    0.062513279940    0.062524661424
C    0.562605606932    0.062726829390    0.312562376242
C    0.562513921972    0.062457593430    0.562512015074
C    0.562420280403    0.062213464286    0.812489767610
C    0.562618904241    0.312437318286    0.062659216013
C    0.563200758740    0.313431142418    0.313010949944
C    0.562715893152    0.313077101262    0.562712089854
C    0.562397086185    0.311696450362    0.813423797334
C    0.562552739136    0.562519434403    0.062358244979
C    0.563328804578    0.562577566463    0.311559619915
C    0.561940342440    0.562072932225    0.812561194434
C    0.562448331127    0.812596138344    0.062187635910
C    0.562588491399    0.813136293897    0.311670519723
C    0.562039131401    0.811712407409    0.562041303141
C    0.562029537464    0.811820808182    0.811932017980
C    0.812546298784    0.062363397271    0.062371750098
C    0.812655313304    0.062443770914    0.312376405446
C    0.812492658542    0.062210968284    0.562419450229
C    0.812415712709    0.062107301437    0.812414593909
C    0.812715587557    0.312315822211    0.062394889391
C    0.813157327465    0.312257461785    0.312200298406
C    0.813430186483    0.311694354566    0.562395103527
C    0.812614797323    0.312202364191    0.812611767972
C    0.812652557672    0.562456410509    0.062140983327
C    0.813799072572    0.562566262571    0.311140873528
C    0.812563474283    0.562070152923    0.561942196744
C    0.812273946827    0.562224658895    0.812273798577
C    0.812455300239    0.812485187868    0.062116127387
C    0.812633460916    0.812593174234    0.312150551870
C    0.811931635138    0.811817719715    0.562032325301
C    0.812024224235    0.812037545228    0.812025870338
C    0.062739557820    0.187559260133    0.187581491749
C    0.062845977960    0.187603448634    0.437577673583
C    0.062490788707    0.187311912187    0.687608339026
C    0.062497829366    0.187390079312    0.937624922375
C    0.062826300658    0.437544383872    0.187590317283
C    0.062718841973    0.437537500045    0.437565886649
C    0.062359303156    0.437403094612    0.687673457351
C    0.062350534456    0.437437964071    0.937772926489
C    0.062476322211    0.687667986085    0.187289217928
C    0.062374676723    0.687637747999    0.437417265948
C    0.062095881537    0.687523333965    0.687535010443
C    0.062188089020    0.687529407155    0.937456724042
C    0.062497521545    0.937651106384    0.187407627209
C    0.062429342262    0.937720354072    0.437437338112
C    0.062206653844    0.937453581386    0.687486033448
C    0.062327469395    0.937483977641    0.937459220888
C    0.312737519205    0.187854089529    0.187879075351
C    0.313056237812    0.188292723585    0.437920491557
C    0.312431347014    0.187491506586    0.687773038713
C    0.312446855212    0.187423813429    0.937856812042
C    0.312888292496    0.437824648333    0.187925843516
C    0.313437206333    0.438729749654    0.438647599650
C    0.310490109358    0.437440446613    0.689524595593
C    0.312269454332    0.437406823945    0.937992409613
C    0.312255289331    0.687880602314    0.187144512573
C    0.310821274599    0.688891543085    0.436967536277
C    0.311509869373    0.687755149543    0.688101485837
C    0.312124996278    0.687618682896    0.937768172714
C    0.312459324218    0.937860321944    0.187474907574
C    0.312428362387    0.937797844162    0.437475291640
C    0.312270581322    0.937619152151    0.687558810936
C    0.312343581056    0.937587261959    0.937559461625
C    0.562726359106    0.187751092948    0.187740184471
C    0.562784508675    0.187902119236    0.437710375755
C    0.562521930642    0.187346886638    0.687722316684
C    0.562508269670    0.187158881629    0.937812780423
C    0.562901426015    0.437601862453    0.187371990394
C    0.562212911327    0.435861076107    0.689425382682
C    0.562412048044    0.437297207917    0.937718236061
C    0.562661223969    0.687790181435    0.186952330661
C    0.563022985501    0.688273516752    0.435196951342
C    0.560631489842    0.684714367661    0.685460126503
C    0.562265098901    0.687352359099    0.937297738351
C    0.562536213183    0.937813730000    0.187225514580
C    0.562433232518    0.937465781178    0.437378044036
C    0.562264117262    0.937081931576    0.687254130296
C    0.562376829159    0.937298681423    0.937267578316
C    0.812732661437    0.187384311978    0.187400413407
C    0.813003765778    0.187084182900    0.437407310767
C    0.812680448708    0.187075806309    0.687559118783
C    0.812551691110    0.187229215607    0.937501309294
C    0.813298020073    0.437426942824    0.186728127657
C    0.813243816323    0.437184614573    0.437029197461
C    0.812917291096    0.437016580844    0.687508453050
C    0.812591394935    0.437310604811    0.937515697959
C    0.812794376877    0.687596652919    0.186951813532
C    0.812885150800    0.687410815121    0.436715188524
C    0.811630586166    0.686744049785    0.686795819365
C    0.812227016562    0.687335740381    0.937069418205
C    0.812556345793    0.937526831834    0.187262854595
C    0.812470924117    0.937391895595    0.437305809392
C    0.812101179327    0.936940056760    0.687239910852
C    0.812359238729    0.937257866663    0.937229510167
C    0.187582450609    0.187560658620    0.062739508488
C    0.187880434949    0.187854004961    0.312735353383
C    0.187742321417    0.187755319381    0.562724441568
C    0.187402490087    0.187389690722    0.812732283628
C    0.187592420335    0.437545805348    0.062825734121
C    0.187927278870    0.437824834449    0.312885898860
C    0.187373469131    0.437606486897    0.562901274428
C    0.186730193437    0.437432447186    0.813299888708
C    0.187287509559    0.687670146361    0.062479413093
C    0.187142437780    0.687880649406    0.312256309011
C    0.186950604838    0.687795923116    0.562664474819
C    0.186951239706    0.687604409441    0.812799399785
C    0.187405384630    0.937653464008    0.062500847159
C    0.187472826017    0.937860150213    0.312460715805
C    0.187224243537    0.937818388017    0.562537552183
C    0.187261781233    0.937534008678    0.812559310060
C    0.437579766757    0.187603285295    0.062844189332
C    0.437923033294    0.188291054326    0.313054652044
C    0.437712708951    0.187904614491    0.562781370164
C    0.437409203277    0.187088441326    0.812999213522
C    0.437567537190    0.437536422627    0.062716027648
C    0.438649080718    0.438728057648    0.313438022536
C    0.437029438500    0.437188921627    0.813240452045
C    0.437415358329    0.687638708188    0.062375509053
C    0.436965069700    0.688888342717    0.310825478802
C    0.435191186180    0.688278521169    0.563026204383
C    0.436712177888    0.687416620548    0.812886337737
C    0.437436236276    0.937721023832    0.062430974194
C    0.437474452636    0.937795850237    0.312429713703
C    0.437377157250    0.937468799093    0.562433589578
C    0.437304548744    0.937397746119    0.812471303558
C    0.687609432755    0.187307827185    0.062487930568
C    0.687775578993    0.187485665402    0.312429277234
C    0.687726803854    0.187344867891    0.562519114349
C    0.687561587159    0.187075647586    0.812676001093
C    0.687671537757    0.437398577763    0.062355092403
C    0.689525300224    0.437434033351    0.310490253540
C    0.689431211303    0.435856779425    0.562212423741
C    0.687509259624    0.437017203577    0.812913083518
C    0.687529968181    0.687518173454    0.062095165269
C    0.688098311396    0.687747083658    0.311512811802
C    0.685459877485    0.684711620319    0.560635108883
C    0.686793394801    0.686744702756    0.811630346677
C    0.687483967081    0.937449241856    0.062207132454
C    0.687557569760    0.937611761212    0.312271953108
C    0.687254363086    0.937079418806    0.562264607720
C    0.687239159754    0.936940608351    0.812100732014
C    0.937624595726    0.187388033698    0.062496738046
C    0.937857919180    0.187420260984    0.312445056208
C    0.937816711886    0.187159199618    0.562506402073
C    0.937503851301    0.187230884142    0.812550644120
C    0.937771959063    0.437435503793    0.062349352653
C    0.937993289491    0.437403510596    0.312267503059
C    0.937723334679    0.437297972103    0.562411963021
C    0.937518870720    0.437312181681    0.812591925889
C    0.937452407054    0.687526506862    0.062190052772
C    0.937765216049    0.687613099029    0.312126511518
C    0.937298673220    0.687351289697    0.562268839305
C    0.937068852044    0.687337629981    0.812230344463
C    0.937455972500    0.937481202206    0.062329490618
C    0.937556781679    0.937581602831    0.312345025033
C    0.937267927094    0.937297578411    0.562378150952
C    0.937228520977    0.937259634716    0.812361270214
C    0.569291415280    0.439418014608    0.436202881238
C    0.436198315931    0.439422393745    0.569288263091
C    0.432986388405    0.570411692282    0.432992663179
Si    0.531224805249    0.531239571498    0.531225425896
