C    0.000018514309    0.000065310984    0.000065303435
C    0.083277597263    0.083407595832    0.083407585878
C   -0.000177620130    0.166811305868    0.166811463504
C    0.082882090760    0.250205767544    0.250205753910
C    0.166632207915   -0.000034475619    0.166737599506
C    0.249867471865    0.083200796284    0.250014319564
C    0.166632206670    0.166737440130   -0.000034478349
C    0.249867478808    0.250014167213    0.083200789958
C   -0.000070052225    0.000161660431    0.333466669491
C    0.083073547310    0.083593685822    0.416732028630
C   -0.000482188722    0.167209402331    0.500194116409
C    0.083429292065    0.249978525756    0.583444715964
C    0.166955270185    0.000288675333    0.500153609105
C    0.250027611315    0.083360812352    0.583301971984
C    0.166316835778    0.166715076205    0.333369196549
C    0.249568929269    0.249898480407    0.416550680500
C    0.000082752475    0.000212838083    0.666735529385
C    0.083389684594    0.083477482352    0.750061000002
C    0.000041547348    0.166805577008    0.833374868801
C    0.083314456145    0.250192639927    0.916647772373
C    0.166732005733    0.000065289610    0.833351825282
C    0.250074187156    0.083407582096    0.916610906466
C    0.166833272842    0.166666190132    0.666606466150
C    0.250146336874    0.250164109265    0.749908227849
C   -0.000070060239    0.333466501049    0.000161553191
C    0.083073551495    0.416731869257    0.083593680365
C   -0.000482194762    0.500194118473    0.167209560077
C    0.083429291364    0.583444876387    0.249978683632
C    0.166316946504    0.333369212708    0.166715064452
C    0.249568938162    0.416550691585    0.249898456053
C    0.166955284678    0.500153621334    0.000288680353
C    0.250027617817    0.583301700160    0.083360901008
C   -0.000680235440    0.333819361955    0.333819350187
C    0.082557162500    0.417211157680    0.417211154535
C   -0.000888667091    0.500713566882    0.500713552699
C    0.082920116561    0.583562623052    0.583562626628
C    0.166351455180    0.333467169521    0.500043641638
C    0.249907462302    0.416761599243    0.583275367157
C    0.166351459370    0.500043636901    0.333467151527
C    0.249907460043    0.583275527052    0.416761593587
C    0.000507959448    0.332996063482    0.666607179006
C    0.083423814559    0.416887728162    0.750088407959
C    0.001126955142    0.500415443422    0.834460371575
C    0.083934518822    0.583363187103    0.917267922074
C    0.166828251543    0.333466508859    0.833263250644
C    0.250260378386    0.416731878548    0.916406856310
C    0.166702545197    0.500147366713    0.666660457929
C    0.250247271033    0.583400470100    0.749861958011
C    0.000082917388    0.666735424224    0.000212831425
C    0.083389692984    0.750061148258    0.083477457784
C    0.000041553130    0.833374851155    0.166805555527
C    0.083314463720    0.916647772085    0.250192631867
C    0.166833108182    0.666606447932    0.166666335107
C    0.250146340562    0.749908207355    0.250164084217
C    0.166732010318    0.833351798716    0.000065287082
C    0.250074185643    0.916610890873    0.083407570280
C    0.000507850836    0.666607251293    0.332996064402
C    0.083423811654    0.750088566762    0.416887733508
C    0.001126982051    0.834460548236    0.500415450222
C    0.083934517924    0.917267904948    0.583363174506
C    0.166702537361    0.666660620297    0.500147370460
C    0.250247439030    0.749862111671    0.583400477499
C    0.166828251396    0.833263240460    0.333466503469
C    0.250260371854    0.916406842839    0.416731867114
C   -0.000217557472    0.666596661395    0.666596668267
C    0.083211538736    0.749874588747    0.749874612882
C   -0.000005142812    0.833328226956    0.833328254198
C    0.083361283529    0.916694833162    0.916694677602
C    0.166879548649    0.666735527159    0.833416161220
C    0.250144184416    0.750061154099    0.916722987582
C    0.166879546218    0.833416305374    0.666735536649
C    0.250144186774    0.916722968625    0.750061006368
C    0.333404029596   -0.000034494813   -0.000034495224
C    0.416681024035    0.083200789464    0.083200776048
C    0.333163563236    0.166496818469    0.166496969940
C    0.416351710743    0.249685137999    0.249685112336
C    0.500035810626   -0.000349761191    0.166715057480
C    0.583217296906    0.082902240867    0.249898449682
C    0.500035810132    0.166715069814   -0.000349763284
C    0.583217295771    0.249898463088    0.082902235498
C    0.333381755298   -0.000349756757    0.333369201278
C    0.416565060226    0.082902244461    0.416550690196
C    0.332981343218    0.166314659132    0.499859892250
C    0.416082391532    0.249415800995    0.582930164205
C    0.500133852790   -0.000315244177    0.500043656654
C    0.583428293444    0.083240875868    0.583275386681
C    0.499653574450    0.166055119481    0.332986869912
C    0.582741315534    0.249123088309    0.416074724126
C    0.333332885607    0.000166661801    0.666606473847
C    0.416830804363    0.083479633065    0.749908233458
C    0.333477908809    0.166811304735    0.833155680652
C    0.416872460812    0.250205762601    0.916215382249
C    0.500133091903    0.000161655698    0.833263241494
C    0.583398464667    0.083593690821    0.916406844204
C    0.500088676481    0.166842799468    0.666335628314
C    0.583676381099    0.251108397122    0.748930830133
C    0.333381755442    0.333369045902   -0.000349749871
C    0.416565047767    0.416550700436    0.082902246677
C    0.332981340983    0.499859892159    0.166314635968
C    0.416082388022    0.582930149693    0.249415774179
C    0.499653569106    0.332986715386    0.166055277636
C    0.582741315650    0.416074733212    0.249123068922
C    0.500133842371    0.500043662430   -0.000315232790
C    0.583428299401    0.583275380961    0.083240872101
C    0.332721968190    0.332986718852    0.332986867598
C    0.415789769120    0.416074726248    0.416074717278
C    0.333238074398    0.499842182913    0.499842187848
C    0.417232007699    0.583164653922    0.583164495419
C    0.498600175580    0.331933486871    0.499409761585
C    0.583407783469    0.416741088206    0.579144212822
C    0.498600174480    0.499409752578    0.331933466526
C    0.583407790857    0.579144208659    0.416741084040
C    0.333509391831    0.333422078475    0.666335621257
C    0.417775265238    0.417009603339    0.748930823416
C    0.333876160655    0.500194130262    0.832851043048
C    0.416645266742    0.583444837098    0.916762703677
C    0.500486056623    0.333819350510    0.832653040591
C    0.583877767484    0.417211157188    0.915890457876
C    0.501731311047    0.500789843838    0.664888078293
C    0.585612325253    0.584532769161    0.748217068134
C    0.333332875819    0.666606458531    0.000166664526
C    0.416830793238    0.749908204686    0.083479794123
C    0.333477904220    0.833155656899    0.166811457550
C    0.416872464268    0.916215544378    0.250205751553
C    0.500088674303    0.666335608952    0.166842780980
C    0.583676214556    0.748930814574    0.251108556855
C    0.500133091669    0.833263221990    0.000161549270
C    0.583398467748    0.916406835122    0.083593680137
C    0.333509391833    0.666335602941    0.333422231497
C    0.417775271339    0.748930816054    0.417009773115
C    0.333876164639    0.832851195917    0.500194128140
C    0.416645278182    0.916762689924    0.583444848779
C    0.501731317424    0.664888067531    0.500789847611
C    0.585612410545    0.748217134334    0.584532889230
C    0.500486067278    0.832653029121    0.333819348149
C    0.583877768672    0.915890445589    0.417211153285
C    0.333685857432    0.666597656726    0.666597673735
C    0.416926439774    0.749994495556    0.749994339716
C    0.333472263076    0.833375012788    0.833374864595
C    0.416859322938    0.916647747953    0.916647756338
C    0.499662745427    0.666607257556    0.833840905515
C    0.583554317682    0.750088562024    0.916756953033
C    0.499662723859    0.833841271892    0.666607163157
C    0.583554305573    0.916756942757    0.750088410571
C    0.666820219707    0.000288689224    0.000288681695
C    0.749968676714    0.083360823073    0.083360906534
C    0.666526500173    0.166314650215    0.166314631611
C    0.749596856298    0.249415788848    0.249415765891
C    0.833273062670    0.000166679987    0.166666169292
C    0.916574931194    0.083479639398    0.250164083228
C    0.833273066880    0.166666185018    0.000166677116
C    0.916574923206    0.250164096077    0.083479796563
C    0.666710350987   -0.000315252706    0.333467143933
C    0.749941974920    0.083240861468    0.416761592223
C    0.666508880993    0.166571313193    0.499842026969
C    0.749831262611    0.250565426367    0.583164513840
C    0.833327162470    0.000035834710    0.500147361729
C    0.916528653637    0.083580674515    0.583400465710
C    0.833002225150    0.166842791800    0.333422227921
C    0.915597545652    0.251108400231    0.417009775615
C    0.666814125302    0.000035854252    0.666660462637
C    0.750067060343    0.083580692170    0.749861958505
C    0.666860720908    0.167209405205    0.832851204998
C    0.750111428806    0.249978681396    0.916762697238
C    0.833402233693    0.000212854807    0.833416163388
C    0.916727591095    0.083477495331    0.916723000331
C    0.833264351723    0.167019107229    0.666597667832
C    0.916661094100    0.250259691578    0.749994337974
C    0.666710361210    0.333467151072   -0.000315243534
C    0.749941980520    0.416761604125    0.083240859901
C    0.666508891625    0.499842033246    0.166571478065
C    0.749831088859    0.583164499404    0.250565394659
C    0.833002223086    0.333422071415    0.166842773832
C    0.915597536090    0.417009610281    0.251108554501
C    0.833327161945    0.500147376921    0.000035838081
C    0.916528638703    0.583400462149    0.083580658831
C    0.666076348486    0.331933487184    0.331933468666
C    0.745810797746    0.416740922011    0.416741082979
C    0.831554772605    0.335064613007    0.500789861317
C    0.914883673800    0.418945511689    0.584532964275
C    0.831554778239    0.500789864402    0.335064597548
C    0.914883679078    0.584532758241    0.418945775287
C    0.667456545832    0.335064607719    0.664888077153
C    0.751199828058    0.418945525884    0.748217065436
C    0.667380167596    0.500713572703    0.832444619656
C    0.750229244122    0.583562628350    0.916253416181
C    0.833273508090    0.332996056595    0.833841266263
C    0.916755271460    0.416887732438    0.916756948163
C    0.840151522115    0.495638220135    0.673485031319
C    0.916135579200    0.582673806808    0.749468904030
C    0.666813972823    0.666660452539    0.000035851035
C    0.750067062873    0.749862097521    0.083580672920
C    0.666860721577    0.832851180990    0.167209568184
C    0.750111427777    0.916762854695    0.249978676967
C    0.833264344611    0.666597645309    0.167019252720
C    0.916661080216    0.749994482980    0.250259848194
C    0.833402228353    0.833416299585    0.000212847257
C    0.916727590371    0.916722989880    0.083477474197
C    0.667456551293    0.664888072954    0.335064769184
C    0.751199842010    0.748217139353    0.418945700916
C    0.667380155313    0.832444603145    0.500713545222
C    0.750229234073    0.916253406013    0.583562620568
C    0.840151283546    0.673485827406    0.495638698359
C    0.916135561060    0.749468847115    0.582673492098
C    0.833273656030    0.833841258879    0.332996039116
C    0.916755278462    0.916757107794    0.416887725181
C    0.662305288841    0.673485720020    0.673484856491
C    0.749340087231    0.749468825241    0.749468864743
C    0.667082147069    0.834460372488    0.834460397060
C    0.750029874018    0.917267912666    0.917267931219
C    0.833263263591    0.666596647953    0.833115751092
C    0.916541204111    0.749874571143    0.916544935541
C    0.833263273139    0.833115725462    0.666596663066
C    0.916541212905    0.916544924277    0.749874604128
N    0.658565250779    0.491898431669    0.491898552055
