&CONTROL
calculation = 'scf'
restart_mode = 'from_scratch'
verbosity = 'high'
wf_collect = .true.
pseudo_dir='/home/jinyuchem/program/QE/pseudo-potential'
tprnfor = .true.
/
&SYSTEM
ibrav = 0
ecutwfc = 60
tot_charge = -1
nspin = 2
tot_magnetization = 2.0
nbnd = 456
nat = 215
ntyp = 2
input_dft = 'PBE0'
exx_fraction = 0.18
ecutfock = 120
/
&ELECTRONS
conv_thr = 1D-8
diago_full_acc=.true.
mixing_beta = 0.3
/
K_POINTS gamma
CELL_PARAMETERS angstrom
10.65000  0.000000  0.000000
0.000000  10.65000  0.000000
0.000000  0.000000  10.65000
ATOMIC_SPECIES
C  12.01099968  C_ONCV_PBE-1.0.upf
N  14.00699997  N_ONCV_PBE-1.0.upf
ATOMIC_POSITIONS crystal
C    0.000007485890    0.000028448817    0.000029056696
C    0.083279194895    0.083386604816    0.083387409490
C   -0.000129850763    0.166812986875    0.166814495575
C    0.082971847866    0.250214873022    0.250214461817
C    0.166635939795   -0.000011315419    0.166717248127
C    0.249876479937    0.083267913186    0.250039492347
C    0.166638535496    0.166722057294   -0.000012925853
C    0.249878682199    0.250040488941    0.083262408631
C   -0.000041509284    0.000243391576    0.333380415131
C    0.083149215583    0.083591373488    0.416717082097
C   -0.000425460526    0.167120426837    0.500160108536
C    0.083250033207    0.250051519134    0.583491262251
C    0.166917313711    0.000236374139    0.500125973428
C    0.250012776588    0.083390951992    0.583334813581
C    0.166403637646    0.166794093063    0.333393452802
C    0.249600629186    0.250062667736    0.416655696813
C    0.000110766219    0.000258133543    0.666784421982
C    0.083425273982    0.083454811811    0.750078338507
C    0.000047960513    0.166700684293    0.833437467976
C    0.083328698500    0.250136158030    0.916705733448
C    0.166735293635   -0.000004755912    0.833321755905
C    0.250042091083    0.083364883762    0.916625058108
C    0.166788568520    0.166759420536    0.666666736885
C    0.250146112908    0.250213626808    0.749933466093
C   -0.000041482293    0.333384701635    0.000245189963
C    0.083148664539    0.416717230231    0.083589359252
C   -0.000422501877    0.500158883956    0.167118264465
C    0.083249293068    0.583490026185    0.250052476107
C    0.166404638914    0.333392867720    0.166788304024
C    0.249598543848    0.416657113088    0.250065917754
C    0.166918223750    0.500124450567    0.000235583196
C    0.250013179843    0.583333398561    0.083389864700
C   -0.000650472365    0.333735545640    0.333737108042
C    0.082334232325    0.417247121810    0.417241602267
C   -0.001601984041    0.500869566263    0.500866531808
C    0.082529416996    0.583562257156    0.583565726737
C    0.166253807333    0.333610968518    0.500127200268
C    0.249896288677    0.416880263420    0.583319697036
C    0.166255884792    0.500130475554    0.333609186932
C    0.249896309849    0.583317715623    0.416880310042
C    0.000037416461    0.333008806444    0.666707453862
C    0.083220903086    0.416877038558    0.750149454022
C    0.000748375404    0.500378105649    0.834497432435
C    0.083779412820    0.583340617166    0.917238449611
C    0.166751131286    0.333466802744    0.833260512429
C    0.250256799300    0.416770591194    0.916397327263
C    0.166467388666    0.500178160493    0.666675303846
C    0.250202889475    0.583412693182    0.749805876239
C    0.000113709507    0.666789507989    0.000253854287
C    0.083424524032    0.750074679908    0.083456108434
C    0.000046821444    0.833435461672    0.166695579496
C    0.083327382347    0.916704723481    0.250130269265
C    0.166788484327    0.666666960171    0.166755506606
C    0.250145021953    0.749930422005    0.250213850668
C    0.166740789336    0.833323163307   -0.000010848429
C    0.250043888051    0.916626657013    0.083361883640
C    0.000038878934    0.666706184011    0.333009175476
C    0.083224730562    0.750145546986    0.416872910378
C    0.000741115464    0.834503069678    0.500376801842
C    0.083775207421    0.917242027651    0.583345687842
C    0.166469848705    0.666676328311    0.500179144281
C    0.250206205354    0.749804205909    0.583412168805
C    0.166750120477    0.833260683126    0.333460939429
C    0.250259111153    0.916394108200    0.416767031379
C   -0.001055439966    0.666494733088    0.666499750778
C    0.082880976691    0.749832172742    0.749832776165
C   -0.000110947726    0.833360989456    0.833363567290
C    0.083344615910    0.916667054652    0.916664734625
C    0.166717035842    0.666692142791    0.833283411730
C    0.250096046198    0.750024833609    0.916591602250
C    0.166721125785    0.833282992170    0.666697962250
C    0.250098055568    0.916588552869    0.750024921359
C    0.333370184874   -0.000063735802   -0.000065739453
C    0.416621004015    0.083226240243    0.083224937089
C    0.333160146401    0.166576044505    0.166570038320
C    0.416363359746    0.249824043009    0.249821136824
C    0.499948105618   -0.000266405956    0.166690344828
C    0.583128035981    0.083058585596    0.249880798573
C    0.499943909420    0.166689547485   -0.000265007842
C    0.583126849872    0.249882527059    0.083056889053
C    0.333322090916   -0.000258323506    0.333383030178
C    0.416503131380    0.083051838314    0.416630410077
C    0.333003687378    0.166511833884    0.499937683945
C    0.416259304850    0.249634100824    0.583041403897
C    0.499982653928   -0.000179702559    0.500036917656
C    0.583313388399    0.083233027443    0.583307981295
C    0.499633869442    0.166203997292    0.333069962155
C    0.582827665838    0.249220434370    0.416128246906
C    0.333330257826    0.000024241368    0.666590738605
C    0.416747247652    0.083381601245    0.749946253859
C    0.333398179487    0.166785614682    0.833186809335
C    0.416770115047    0.250168211793    0.916326359243
C    0.500095294090    0.000017080980    0.833207345984
C    0.583253579810    0.083458089468    0.916468788076
C    0.499975957574    0.166777123748    0.666452105893
C    0.583448869873    0.250830454674    0.749152173438
C    0.333313503814    0.333386443147   -0.000258522858
C    0.416501713189    0.416635438753    0.083053452135
C    0.333006513793    0.499942303475    0.166513363483
C    0.416250366742    0.583046435331    0.249628683728
C    0.499633258359    0.333070960016    0.166202987801
C    0.582828054481    0.416126831696    0.249219657509
C    0.499978415061    0.500031000853   -0.000182082107
C    0.583314682061    0.583307428061    0.083233817505
C    0.332849776046    0.333165809343    0.333167499355
C    0.416105310559    0.416291802066    0.416294305473
C    0.333416637783    0.499989330446    0.499992637979
C    0.417622316833    0.583243011048    0.583244643163
C    0.499040530972    0.332209152726    0.499557119542
C    0.584224193224    0.416987336195    0.579351676668
C    0.499038486437    0.499554193932    0.332210018349
C    0.584217764635    0.579350092449    0.416986399598
C    0.333560773722    0.333545744299    0.666424347372
C    0.417963803337    0.417100710443    0.748948348477
C    0.333917504990    0.500226404109    0.832811240371
C    0.416834694009    0.583529915410    0.916582365014
C    0.500331520983    0.333717513051    0.832850222361
C    0.583600624186    0.417064086633    0.916311748312
C    0.502415801386    0.501015655944    0.665039287929
C    0.586653763027    0.584765093492    0.748018840488
C    0.333329408079    0.666586606573    0.000027377153
C    0.416743566340    0.749943578063    0.083377909002
C    0.333400570888    0.833191520267    0.166782816598
C    0.416775424143    0.916331170225    0.250169509856
C    0.499976383096    0.666452081129    0.166776750192
C    0.583449190923    0.749149058910    0.250828694118
C    0.500096015982    0.833205346056    0.000018379915
C    0.583253566415    0.916468023122    0.083460986588
C    0.333561888608    0.666420924831    0.333543547929
C    0.417960981992    0.748949343529    0.417098093213
C    0.333916613863    0.832814037907    0.500224735127
C    0.416830704616    0.916581210917    0.583532976877
C    0.502416473236    0.665035243145    0.501010280341
C    0.586651863640    0.748019236758    0.584759524770
C    0.500330982563    0.832851487966    0.333719838897
C    0.583603214493    0.916309006434    0.417062285909
C    0.333826562335    0.666590525953    0.666589633659
C    0.417257433944    0.749882203194    0.749881543462
C    0.333560745614    0.833212919538    0.833214397747
C    0.416800324673    0.916594928158    0.916596920705
C    0.500367356995    0.666360944180    0.833316423068
C    0.583591078776    0.750094984658    0.916609890389
C    0.500364881670    0.833316057733    0.666358530173
C    0.583590370876    0.916609589589    0.750094731769
C    0.666752832743    0.000246649007    0.000247136350
C    0.749903439375    0.083340429741    0.083341942690
C    0.666484530651    0.166317055765    0.166315157407
C    0.749617272859    0.249304257790    0.249306174267
C    0.833207330401    0.000320264157    0.166495467534
C    0.916597860560    0.083507583469    0.250074774725
C    0.833207471798    0.166494634132    0.000320586698
C    0.916599826339    0.250073069006    0.083505084838
C    0.666555033819   -0.000059450337    0.333317284408
C    0.749886487059    0.083311955419    0.416708940286
C    0.666461630433    0.166539738056    0.499900297522
C    0.749798216395    0.250247587584    0.583299595018
C    0.833274040975    0.000130631295    0.500110006931
C    0.916570892610    0.083538192821    0.583398424213
C    0.833009717638    0.166776307648    0.333321645874
C    0.915685589648    0.250858631461    0.416908360869
C    0.666728368934   -0.000010754483    0.666670582627
C    0.749974139160    0.083447351666    0.749950209134
C    0.666713344932    0.166975903405    0.833024354079
C    0.749996265830    0.249537894285    0.917216203466
C    0.833347078847    0.000209989224    0.833500155192
C    0.916698642262    0.083397994851    0.916792237440
C    0.833250319937    0.166822707740    0.666710677225
C    0.916549561790    0.249938117726    0.750271562876
C    0.666555025069    0.333316231974   -0.000060306249
C    0.749883414619    0.416704894071    0.083311127564
C    0.666463780025    0.499896853311    0.166544070788
C    0.749798045101    0.583296667752    0.250245221448
C    0.833009426528    0.333320664857    0.166779317342
C    0.915683262639    0.416900883654    0.250854593711
C    0.833275165129    0.500108071664    0.000129494568
C    0.916570296636    0.583396315686    0.083534952392
C    0.666168988870    0.331734541905    0.331732063553
C    0.745972289814    0.416217240901    0.416215626912
C    0.831524350006    0.334599806385    0.500583498344
C    0.914534674984    0.418238952896    0.584341537804
C    0.831525263102    0.500585271696    0.334601488619
C    0.914536512912    0.584330658283    0.418241695209
C    0.667413888368    0.334614896730    0.665371791737
C    0.750667152850    0.416945365756    0.750456374638
C    0.667056495673    0.500314681370    0.832973575979
C    0.750121776907    0.583474232353    0.916527670986
C    0.832953330143    0.332258996271    0.834569869648
C    0.916670924282    0.416639713592    0.917073984348
C    0.839068470023    0.493501242849    0.676099779505
C    0.915870200046    0.583006463567    0.750468151356
C    0.666730027494    0.666670926563   -0.000008621394
C    0.749978812097    0.749943646531    0.083451728607
C    0.666714842448    0.833025809098    0.166977440078
C    0.749998075574    0.917215004850    0.249537392091
C    0.833250793065    0.666709141785    0.166816079612
C    0.916548625813    0.750268979698    0.249937107653
C    0.833352468467    0.833503191628    0.000214801574
C    0.916697472101    0.916786737015    0.083398597436
C    0.667416200019    0.665372449653    0.334612476869
C    0.750659556898    0.750451079989    0.416944845727
C    0.667049972977    0.832968985058    0.500320004812
C    0.750119812072    0.916528329934    0.583475042270
C    0.839077450365    0.676106192978    0.493485106491
C    0.915868613357    0.750466256948    0.583015982286
C    0.832954961837    0.834568338726    0.332259397871
C    0.916673773116    0.917073910556    0.416642171053
C    0.668062891241    0.670010603129    0.670017427222
C    0.749339598633    0.749872163177    0.749876664024
C    0.667342472527    0.834265213906    0.834266459713
C    0.749911442193    0.917253929202    0.917259972380
C    0.833215265066    0.667015005978    0.833474239912
C    0.916564629297    0.749969994561    0.916796259844
C    0.833214318721    0.833473378372    0.667017364430
C    0.916561897340    0.916798401364    0.749968897247
N    0.660019303952    0.491511916398    0.491503108489
