&CONTROL
calculation = 'scf'
verbosity = 'high'
tprnfor=.TRUE.
tstress=.TRUE.
wf_collect = .true.
prefix='pwscf'
outdir = './'
pseudo_dir='/home/jinyuchem/program/QE/pseudo-potential'
/
&SYSTEM
ibrav = 0
ecutwfc = 85
tot_charge = -1
nspin = 2
tot_magnetization = 2.0
nbnd = 800
nat = 215
ntyp = 2
/
&ELECTRONS
conv_thr = 1D-10
diago_full_acc=.true.
/
K_POINTS gamma
CELL_PARAMETERS angstrom
10.70400  0.000000  0.000000
0.000000  10.70400  0.000000
0.000000  0.000000  10.70400
ATOMIC_SPECIES
C  12.01099968  C_ONCV_PBE-1.0.upf
N  14.00699997  N_ONCV_PBE-1.0.upf
ATOMIC_POSITIONS crystal
C    0.000014863547    0.000013057709    0.000070642582
C    0.083281298815    0.083389018934    0.083407749490
C   -0.000168902532    0.166811908926    0.166817468183
C    0.082889585200    0.250221710298    0.250212152683
C    0.166610647768   -0.000048413213    0.166721943882
C    0.249854793662    0.083221369849    0.249993160123
C    0.166644557208    0.166719115588   -0.000022418302
C    0.249881860611    0.250034516891    0.083215142823
C   -0.000087066549    0.000166492533    0.333437867429
C    0.083102490952    0.083565565597    0.416690582918
C   -0.000404840911    0.167110645525    0.500157741137
C    0.083566002703    0.249810142474    0.583480613112
C    0.166929838505    0.000254145044    0.500125557226
C    0.250025466445    0.083351164050    0.583293028706
C    0.166322737577    0.166737273058    0.333357530090
C    0.249569299901    0.249947023858    0.416547806231
C    0.000160079173    0.000268087512    0.666764155386
C    0.083464271153    0.083447246654    0.750079144123
C    0.000099095492    0.166717449035    0.833431916705
C    0.083367700622    0.250154390765    0.916701073510
C    0.166738117141    0.000012646866    0.833347554213
C    0.250074843954    0.083388858083    0.916614130592
C    0.166920279483    0.166612390317    0.666607308548
C    0.250202809251    0.250158066264    0.749916140837
C   -0.000051126410    0.333446597990    0.000211204956
C    0.083081106462    0.416745124322    0.083650726555
C   -0.000532184000    0.500212010920    0.167262034788
C    0.083203748013    0.583509886946    0.250166087645
C    0.166327523588    0.333394431298    0.166741872371
C    0.249560685098    0.416612699933    0.249928292497
C    0.166961596764    0.500140117868    0.000295493841
C    0.250040043459    0.583314460331    0.083374288144
C   -0.000678851484    0.333790090218    0.333803135722
C    0.082549589914    0.417190899681    0.417190509597
C   -0.001035472907    0.500600893904    0.500776265410
C    0.082825279376    0.583544122044    0.583569406060
C    0.166364610936    0.333477203190    0.500045316834
C    0.249918341527    0.416793525021    0.583268492371
C    0.166286033342    0.500076757832    0.333514393358
C    0.249866878944    0.583298464376    0.416782862489
C    0.000653495266    0.332684925512    0.666555893842
C    0.083515331365    0.416770058854    0.750124974733
C    0.001067893327    0.500396671600    0.834401906263
C    0.083928158397    0.583318782535    0.917262396742
C    0.166877269693    0.333446393036    0.833282135168
C    0.250316743300    0.416745109515    0.916414967159
C    0.166644409849    0.500150688648    0.666665566901
C    0.250253771945    0.583412004127    0.749833811890
C    0.000061663034    0.666721937412    0.000192463279
C    0.083344726244    0.750043181894    0.083477031035
C   -0.000022822408    0.833335490138    0.166831770874
C    0.083290740389    0.916643142738    0.250162922439
C    0.166730896524    0.666611828633    0.166735392140
C    0.250100549495    0.749906484481    0.250167146705
C    0.166711056180    0.833317834938    0.000043949757
C    0.250050013260    0.916600876967    0.083382551597
C    0.000032773810    0.666594620136    0.333397849624
C    0.083268874280    0.750125753835    0.416954241282
C    0.000900367770    0.834438361974    0.500524108663
C    0.083889405689    0.917270601218    0.583340718362
C    0.166571560452    0.666656096744    0.500161937083
C    0.250194948900    0.749855298409    0.583379255434
C    0.166730073762    0.833232679268    0.333474376445
C    0.250215339710    0.916391702679    0.416697764672
C   -0.000450044578    0.666672947256    0.666609974620
C    0.083160437198    0.749871103177    0.749870305390
C   -0.000014566925    0.833350455671    0.833318758646
C    0.083356152525    0.916653284864    0.916689333860
C    0.166858352143    0.666722036126    0.833395398064
C    0.250143295541    0.750043155808    0.916678069593
C    0.166828363402    0.833391263928    0.666718385513
C    0.250117322661    0.916683812969    0.750034975904
C    0.333389289846   -0.000048098664   -0.000056941799
C    0.416660374591    0.083221748289    0.083187398216
C    0.333157449950    0.166523164200    0.166490257778
C    0.416340012459    0.249748830158    0.249673113151
C    0.500001691389   -0.000330461200    0.166666008297
C    0.583181030562    0.082981856531    0.249825388547
C    0.500024394544    0.166737936889   -0.000344899756
C    0.583214335521    0.249947812352    0.082902234057
C    0.333333708868   -0.000330934882    0.333334262146
C    0.416493133447    0.082981392864    0.416513533494
C    0.332944689295    0.166355443233    0.499839931572
C    0.416078764441    0.249425645044    0.582928678894
C    0.500007862296   -0.000169179682    0.499963311287
C    0.583363430923    0.083279030445    0.583248687123
C    0.499616269789    0.166103625265    0.332948811129
C    0.582741013424    0.249122174459    0.416074072093
C    0.333276170973    0.000175232601    0.666568694575
C    0.416780258023    0.083471006059    0.749908895263
C    0.333483839481    0.166811857832    0.833163585138
C    0.416878249031    0.250222216993    0.916222482499
C    0.500104794946    0.000166532096    0.833245302881
C    0.583357381940    0.083566035893    0.916434661567
C    0.500022059382    0.166799833237    0.666349185094
C    0.583597202965    0.250938307376    0.748989325716
C    0.333407958431    0.333394540654   -0.000338961930
C    0.416593876498    0.416613089941    0.082894696008
C    0.333022759338    0.499897197455    0.166356738770
C    0.416167918409    0.582962671566    0.249501293088
C    0.499669447693    0.333053204500    0.166070810443
C    0.582798866876    0.416120714148    0.249200147092
C    0.500180015646    0.500076960760   -0.000379950486
C    0.583448857911    0.583298707885    0.083200448052
C    0.332737589838    0.333052748555    0.333003267074
C    0.415866619643    0.416120486702    0.416132488979
C    0.333272732575    0.499898225485    0.499854770225
C    0.417299231879    0.583235053845    0.583147884863
C    0.498652340378    0.331908274116    0.499443401270
C    0.583497522836    0.416555334700    0.579306601773
C    0.498782751750    0.499464740778    0.332116095911
C    0.583706824202    0.579312003558    0.417040119051
C    0.333527226747    0.333446545762    0.666327818516
C    0.417808374838    0.417015912040    0.748905232831
C    0.333928208932    0.500211832016    0.832801498425
C    0.416831947147    0.583509580366    0.916537421162
C    0.500469338626    0.333790502424    0.832654304339
C    0.583856511192    0.417190980381    0.915883531431
C    0.501862810939    0.500800728566    0.664876658135
C    0.585937313483    0.584481535453    0.747836538406
C    0.333401250437    0.666611808295    0.000064574114
C    0.416833519200    0.749906494221    0.083433704294
C    0.333440358620    0.833152929062    0.166773279814
C    0.416820919843    0.916241653660    0.250153163987
C    0.500092778516    0.666362982586    0.166819871220
C    0.583616877510    0.748976938058    0.251077530350
C    0.500140791305    0.833233050667    0.000063058355
C    0.583364668503    0.916392449348    0.083547992129
C    0.333486578610    0.666362771648    0.333426322858
C    0.417744285744    0.748976713622    0.416949375979
C    0.333814246760    0.832873331304    0.500151798525
C    0.416548308906    0.916867991742    0.583429633375
C    0.501810071372    0.665128821846    0.500830637901
C    0.585247198214    0.749086770120    0.584366961142
C    0.500405906437    0.832747544383    0.333738375291
C    0.583712254526    0.916207804507    0.417044782187
C    0.333701078788    0.666622152021    0.666571365189
C    0.416989917011    0.750066713442    0.749873364668
C    0.333498834267    0.833335218728    0.833310358914
C    0.416829941722    0.916643171583    0.916623423050
C    0.500064506804    0.666594562982    0.833366232353
C    0.583620816576    0.750126033940    0.916602581919
C    0.499675307352    0.833970584511    0.666393774120
C    0.583497220681    0.916868383557    0.750058122630
C    0.666792432707    0.000254850904    0.000262413417
C    0.749960181600    0.083352177724    0.083358086427
C    0.666507174072    0.166356010704    0.166277633640
C    0.749595925118    0.249425835329    0.249412092717
C    0.833235943924    0.000176228385    0.166608721904
C    0.916576339509    0.083471211585    0.250113233468
C    0.833274694052    0.166612845661    0.000253306972
C    0.916583299042    0.250158229299    0.083536355777
C    0.666630557487   -0.000169040680    0.333340461733
C    0.749915871806    0.083278860595    0.416695930706
C    0.666489955196    0.166531488557    0.499822649281
C    0.749869847117    0.250341641048    0.583203166329
C    0.833312263406    0.000096374111    0.500113555013
C    0.916578749721    0.083549227576    0.583392474421
C    0.833016390368    0.166799932623    0.333355215252
C    0.915656242762    0.250938188712    0.416930843248
C    0.666780449893    0.000096460849    0.666645019125
C    0.750059395580    0.083549598098    0.749911280254
C    0.666824740750    0.167110835214    0.832927647493
C    0.750147768910    0.249810278325    0.916899443352
C    0.833431055850    0.000268425831    0.833492830217
C    0.916746117850    0.083447554770    0.916797286462
C    0.833323489809    0.166874827331    0.666656143713
C    0.916768609695    0.249997814645    0.750101679386
C    0.666711888973    0.333477611779   -0.000302032864
C    0.749934949639    0.416793876203    0.083252247348
C    0.666520765785    0.499898754464    0.166606386775
C    0.749814560580    0.583234769672    0.250632926376
C    0.832994645735    0.333446706340    0.166860726326
C    0.915571867606    0.417015526680    0.251141817147
C    0.833331769832    0.500150847283   -0.000021265988
C    0.916499800071    0.583412029620    0.083588170999
C    0.666110080728    0.331908066360    0.331985751351
C    0.745973292711    0.416555352387    0.416830692960
C    0.831750328942    0.334719759156    0.500776066687
C    0.915576660729    0.417917199691    0.584504197673
C    0.831543562082    0.500800464979    0.335196236771
C    0.914502772687    0.584481712084    0.419270190897
C    0.667442390578    0.334719844250    0.665084015095
C    0.751170183023    0.417916524023    0.748911068657
C    0.667442171796    0.500601048311    0.832298972885
C    0.750235640784    0.583544194195    0.916159625108
C    0.833222559323    0.332684713177    0.833987254429
C    0.916791250533    0.416769837011    0.916849297629
C    0.840576448096    0.494182268741    0.673911733088
C    0.916396683831    0.582723021000    0.749731032283
C    0.666828499820    0.666656740685   -0.000094716567
C    0.750045959736    0.749856122971    0.083528210590
C    0.666818811807    0.832874020956    0.167147072146
C    0.750096880248    0.916868678589    0.249880732579
C    0.833237587169    0.666622880936    0.167034755431
C    0.916539940530    0.750067209389    0.250323094276
C    0.833385594363    0.833391838008    0.000161531572
C    0.916702380165    0.916684505814    0.083450336439
C    0.667497583209    0.665128888053    0.335143368917
C    0.751034258188    0.749087091234    0.418579774306
C    0.667082514879    0.832945330655    0.500415328964
C    0.750169047490    0.916528123964    0.583502286675
C    0.838278187605    0.673389737193    0.497086804829
C    0.916140853540    0.750058368166    0.582899695757
C    0.833060595849    0.833971446851    0.333007737965
C    0.916724992507    0.916868505478    0.416830377683
C    0.663753855850    0.673390527159    0.671611727762
C    0.749566626457    0.750058308453    0.749474701187
C    0.667190631286    0.834438392105    0.834233859853
C    0.750007613882    0.917271267535    0.917222246270
C    0.833276037291    0.666673277104    0.832884376538
C    0.916537289560    0.749870943603    0.916494285940
C    0.833458602662    0.833509361037    0.666791944977
C    0.916618044116    0.916777469810    0.749951583224
N    0.658960895390    0.491652314941    0.492294376874
