&CONTROL
calculation = 'scf'
verbosity = 'high'
tprnfor=.TRUE.
tstress=.TRUE.
wf_collect = .true.
prefix='pwscf'
outdir = './'
pseudo_dir='/home/jinyuchem/program/QE/pseudo-potential'
/
&SYSTEM
ibrav = 0
ecutwfc = 85
!nosym = .true.
nspin = 2
tot_magnetization = 2.0
nbnd = 448
nat = 215
ntyp = 2
/
&ELECTRONS
conv_thr = 1D-10
diago_full_acc=.true.
/
K_POINTS gamma
CELL_PARAMETERS angstrom
10.70400  0.000000  0.000000
0.000000  10.70400  0.000000
0.000000  0.000000  10.70400
ATOMIC_SPECIES
C  12.01099968  C_ONCV_PBE-1.0.upf
Si 28.0855      Si_ONCV_PBE-1.1.upf
ATOMIC_POSITIONS crystal
C       -0.000314462   0.000096863   0.000028666
C        0.083121756   0.082887659   0.083474114
C       -0.000319182   0.166328788   0.166265020
C        0.083186012   0.249201583   0.249776604
C        0.166702040  -0.000677190   0.167067326
C        0.250098903   0.082200995   0.250196983
C        0.165980529   0.166399448  -0.000024656
C        0.249431904   0.249296455   0.083378551
C        0.000476730  -0.000674496   0.333287560
C        0.083602976   0.082202385   0.416689145
C       -0.000364656   0.165701564   0.499604273
C        0.082099287   0.248600675   0.583157027
C        0.167213017  -0.001298287   0.500302993
C        0.249797456   0.082365416   0.583396664
C        0.166476179   0.165411367   0.333069452
C        0.249551190   0.248592356   0.416149861
C        0.000001398  -0.000174659   0.666749423
C        0.082469221   0.082856200   0.750154028
C       -0.001032319   0.166825900   0.833063918
C        0.082172568   0.249692300   0.916696011
C        0.166077060   0.000003211   0.833734999
C        0.249431088   0.083007485   0.917092974
C        0.165372944   0.165328193   0.666618564
C        0.247710956   0.247870542   0.750282650
C       -0.001032678   0.333315257  -0.000429416
C        0.082460925   0.416226095   0.083547931
C       -0.000005275   0.499628565   0.166593199
C        0.084066166   0.582628105   0.250663693
C        0.166078280   0.332652850   0.166385482
C        0.249930487   0.415591935   0.249707107
C        0.165355935   0.499783820   0.001097998
C        0.249787446   0.582995206   0.084064637
C       -0.000206737   0.332656878   0.332673149
C        0.083112310   0.415591490   0.416526352
C        0.000183041   0.499482212   0.499909467
C        0.083785421   0.582517032   0.583881323
C        0.164642399   0.330947198   0.499507302
C        0.247571194   0.412829122   0.582985103
C        0.167289250   0.498636874   0.333886682
C        0.253039158   0.580637631   0.419639139
C       -0.000869653   0.333019302   0.666369700
C        0.082410127   0.416239895   0.750162799
C       -0.000873918   0.500023786   0.833383558
C        0.082085219   0.583244248   0.917823624
C        0.165347781   0.332775070   0.833635021
C        0.247701506   0.416135252   0.918553896
C        0.165990173   0.499257957   0.667163416
C        0.247564440   0.583451823   0.753613338
C       -0.000375236   0.666782516   0.000720955
C        0.083604172   0.749687983   0.084220766
C        0.000475014   0.833084934   0.167063703
C        0.083967446   0.915832049   0.250557186
C        0.167214791   0.666088700   0.167731576
C        0.251082558   0.748734408   0.251630398
C        0.166470873   0.833323485   0.001021974
C        0.250101296   0.916196161   0.084222669
C        0.001131111   0.666092385   0.333808750
C        0.085030611   0.748735884   0.417678010
C        0.001131437   0.832600041   0.500302467
C        0.084068225   0.915753331   0.583764004
C        0.168861038   0.664652674   0.501771235
C        0.253039562   0.746790869   0.585793991
C        0.167700003   0.832119627   0.334296018
C        0.251081775   0.914803071   0.417677932
C        0.000182416   0.666481288   0.666902986
C        0.083105779   0.749868555   0.750815441
C       -0.000207008   0.833718210   0.833731437
C        0.083191013   0.916595772   0.917180806
C        0.164631589   0.666913216   0.835491019
C        0.249543799   0.750267619   0.917857410
C        0.167289908   0.832525392   0.667779246
C        0.249934957   0.916701420   0.750822670
C        0.333006622   0.000182550   0.000728437
C        0.416413686   0.083229461   0.083192176
C        0.333013429   0.165700537   0.166231737
C        0.416560018   0.248604613   0.248700866
C        0.500163175  -0.000173315   0.166597332
C        0.583564975   0.082862843   0.249067150
C        0.499408069   0.167295893  -0.000880177
C        0.582871252   0.250440380   0.082065721
C        0.333710689  -0.001298103   0.333808280
C        0.416804311   0.082368422   0.416391024
C        0.333020786   0.165654448   0.499616211
C        0.416031055   0.249233766   0.582630771
C        0.500321322  -0.000365633   0.499910535
C        0.583261807   0.083413728   0.582852838
C        0.500023373   0.165334382   0.331972537
C        0.583682273   0.247878758   0.414313490
C        0.333323538  -0.000367276   0.666909290
C        0.416265697   0.083410154   0.749852145
C        0.332365097   0.166330746   0.833243676
C        0.415405045   0.250514642   0.915895082
C        0.499777926   0.000701925   0.833387216
C        0.582868927   0.084366861   0.915963154
C        0.499297368   0.167017442   0.665890448
C        0.581418208   0.252097789   0.748018213
C        0.332357357   0.333151627   0.000069988
C        0.416258897   0.416537609   0.083000457
C        0.333317013   0.499480508   0.166777969
C        0.417286355   0.582521090   0.250379154
C        0.499777154   0.333020680   0.165733220
C        0.583565258   0.416247347   0.249014592
C        0.499289227   0.500516251  -0.000594963
C        0.583260359   0.583539401   0.083002630
C        0.332905801   0.330949708   0.331243365
C        0.416379699   0.412833539   0.414174218
C        0.332125500   0.489614528   0.498730856
C        0.500214460   0.330814221   0.496195344
C        0.584471723   0.415371235   0.572974728
C        0.500559812   0.499265386   0.332591853
C        0.587005336   0.583457493   0.414167019
C        0.329591756   0.330809228   0.666819780
C        0.406368161   0.415366219   0.751080697
C        0.329583378   0.499619830   0.835635102
C        0.416018633   0.583801564   0.917213731
C        0.497399897   0.336273911   0.830157757
C        0.581419791   0.418405396   0.914336697
C        0.584478078   0.593478901   0.751082233
C        0.333008254   0.666796807   0.000793421
C        0.416803893   0.750019437   0.084066734
C        0.333713264   0.832597308   0.167731225
C        0.417173829   0.915754290   0.250663538
C        0.500314915   0.666484937   0.166775612
C        0.584222462   0.749876199   0.249696152
C        0.500022864   0.834468689   0.001108057
C        0.583572010   0.917362290   0.083552569
C        0.335172919   0.664652918   0.335459427
C        0.419194408   0.746792916   0.419636797
C        0.335172922   0.830970489   0.501770116
C        0.417297827   0.916035558   0.583887197
C        0.510232681   0.667719697   0.498726209
C        0.587016361   0.752273817   0.582983905
C        0.501184580   0.832529565   0.333882208
C        0.584230534   0.916704918   0.416522550
C        0.332123415   0.667717328   0.676839863
C        0.416384467   0.752273466   0.753619616
C        0.332906216   0.835191990   0.835498705
C        0.416562994   0.917740937   0.917835674
C        0.500213947   0.670253708   0.835640324
C        0.583686368   0.752133469   0.918560793
C        0.500575645   0.833848086   0.667170817
C        0.583578433   0.917430239   0.750167346
C        0.666476065   0.000856745  -0.000435318
C        0.749872723   0.083697569   0.082692870
C        0.666477942   0.166828073   0.165566261
C        0.750104185   0.249699255   0.248774689
C        0.833449486   0.000101661   0.166263572
C        0.916890741   0.082891352   0.249704678
C        0.832613529   0.167187391  -0.000797674
C        0.916104775   0.249914515   0.082695541
C        0.667148307   0.000009833   0.332665792
C        0.750501842   0.083016172   0.416022496
C        0.666650334   0.166339882   0.498960573
C        0.749296875   0.250520963   0.582003518
C        0.834130266   0.000184403   0.499595150
C        0.916594284   0.083229675   0.583000662
C        0.833388646   0.166406158   0.332572366
C        0.916785667   0.249304011   0.416026602
C        0.666796415   0.000703132   0.666365229
C        0.749370102   0.084368005   0.749458063
C        0.665505434   0.168267642   0.832101135
C        0.748889395   0.250930311   0.915486588
C        0.832977664   0.000855492   0.833058693
C        0.916105357   0.083695150   0.916455793
C        0.832522115   0.167298391   0.665998494
C        0.915463219   0.250441389   0.749462451
C        0.665507089   0.334311472  -0.001832062
C        0.749374710   0.416934599   0.082065948
C        0.666790003   0.500028167   0.165728591
C        0.751221314   0.583251301   0.248688748
C        0.832979789   0.333318095   0.165567336
C        0.916950609   0.416232266   0.249063685
C        0.832523230   0.500394828  -0.000880277
C        0.916590534   0.583379200   0.083189452
C        0.667035546   0.332783258   0.331952966
C        0.751949118   0.416142469   0.414306835
C        0.833471660   0.333159055   0.498956607
C        0.916402898   0.416541415   0.582850897
C        0.834494134   0.499790081   0.331960469
C        0.917463415   0.583000464   0.416383632
C        0.663553777   0.336277377   0.664001957
C        0.747733701   0.418407251   0.748018767
C        0.663556147   0.502430290   0.830157311
C        0.749300795   0.584413036   0.915893593
C        0.831564607   0.334311770   0.832103279
C        0.915464077   0.416933135   0.915968251
C        0.832805162   0.500516861   0.665883162
C        0.916408411   0.583536209   0.749848747
C        0.666650625   0.667453726   0.000072769
C        0.750505221   0.750365301   0.083374656
C        0.667149692   0.833724909   0.166377425
C        0.750598530   0.916603812   0.249772813
C        0.834123540   0.666785367   0.166220581
C        0.917623737   0.749692604   0.250194805
C        0.833386915   0.833809502  -0.000032651
C        0.916887367   0.916657741   0.083468342
C        0.668885763   0.666919299   0.331231284
C        0.751251286   0.750271578   0.416139140
C        0.668896309   0.835193302   0.499501642
C        0.751237931   0.917739434   0.583152877
C        0.834188446   0.666798659   0.499602967
C        0.917469329   0.750018149   0.583391844
C        0.834421776   0.833328128   0.333060343
C        0.917624389   0.916201049   0.416687372
C        0.669035919   0.670253279   0.666814952
C        0.751964311   0.752131005   0.750279477
C        0.667046303   0.834495404   0.833636895
C        0.750110938   0.917657568   0.916694836
C        0.833482763   0.667450368   0.833237088
C        0.916789703   0.750361211   0.917087984
C        0.834510837   0.834464361   0.666611841
C        0.916963246   0.917357752   0.750154317
C        0.669025793   0.499624433   0.496187704
C        0.750607559   0.583802451   0.582618440
Si       0.458301645   0.541550813   0.624910437
