&CONTROL
calculation = 'scf'
verbosity = 'high'
tprnfor=.TRUE.
tstress=.TRUE.
wf_collect = .true.
prefix='pwscf'
outdir = './'
pseudo_dir='/home/jinyuchem/program/QE/pseudo-potential'
/
&SYSTEM
ibrav = 0
ecutwfc = 85
tot_charge = -1
nspin = 2
tot_magnetization = 2.0
nbnd = 800
nat = 215
ntyp = 2
/
&ELECTRONS
conv_thr = 1D-10
diago_full_acc=.true.
/
K_POINTS gamma
CELL_PARAMETERS angstrom
10.70400  0.000000  0.000000
0.000000  10.70400  0.000000
0.000000  0.000000  10.70400
ATOMIC_SPECIES
C  12.01099968  C_ONCV_PBE-1.0.upf
N  14.00699997  N_ONCV_PBE-1.0.upf
ATOMIC_POSITIONS crystal
C   -0.000026380085    0.000132049702   -0.000041730554
C    0.083262385679    0.083405885864    0.083349982330
C   -0.000185269889    0.166767367535    0.166751577988
C    0.082914079837    0.250116756880    0.250148330998
C    0.166666104725   -0.000024767415    0.166719037130
C    0.249935739004    0.083167785372    0.250048991461
C    0.166563138264    0.166727509010   -0.000101501001
C    0.249853130027    0.249924908152    0.083187887586
C   -0.000056767679    0.000087339861    0.333497536428
C    0.083016944049    0.083654761261    0.416773135518
C   -0.000646699016    0.167360355581    0.500222359559
C    0.083042668788    0.250377725530    0.583451995321
C    0.166961935778    0.000319495186    0.500145208413
C    0.250037384040    0.083389956451    0.583322211088
C    0.166347413490    0.166647557227    0.333376828930
C    0.249664443843    0.249758370315    0.416590219975
C   -0.000105943568    0.000024089119    0.666647651364
C    0.083154188912    0.083490488236    0.749973210781
C   -0.000192820125    0.167022781816    0.833141070274
C    0.083187126973    0.250177557624    0.916521163134
C    0.166623688344    0.000132243592    0.833308743982
C    0.250015227744    0.083406643547    0.916597086413
C    0.166565144485    0.166770369278    0.666562558401
C    0.249979746045    0.250109949803    0.749894613267
C   -0.000166272826    0.333472288556   -0.000045464093
C    0.083077848516    0.416609378298    0.083401692902
C   -0.000267181312    0.500059757519    0.166907787674
C    0.084128207062    0.583364448154    0.249312373255
C    0.166330888129    0.333265213441    0.166636810080
C    0.249688234356    0.416393715483    0.249818509926
C    0.166863956967    0.500101513483    0.000198165833
C    0.249990135163    0.583257903208    0.083324115008
C   -0.000554908938    0.333737858210    0.333701055301
C    0.082983671687    0.416994615056    0.416997866903
C   -0.000170600142    0.500586234526    0.500062044927
C    0.083319406760    0.583521423225    0.583446381836
C    0.166438200512    0.333343021207    0.499978899295
C    0.249886382610    0.416648233140    0.583283021992
C    0.166672867995    0.499883393978    0.333234379525
C    0.250041445776    0.583191798409    0.416682708377
C   -0.000194379547    0.334065840523    0.666391458395
C    0.083213771213    0.417095884273    0.750037480396
C    0.000894347183    0.500736257285    0.834226239084
C    0.083888072948    0.583377528785    0.917221306086
C    0.166621825320    0.333471946604    0.833168823234
C    0.250068045094    0.416609542721    0.916412711490
C    0.166706067268    0.500115982049    0.666627130309
C    0.250124837939    0.583342295351    0.749967880129
C    0.000187227428    0.666773749483    0.000252683202
C    0.083511462460    0.750080545201    0.083402521205
C    0.000172091550    0.833431178997    0.166679829301
C    0.083418966435    0.916693983684    0.250151975607
C    0.167131098850    0.666549193800    0.166404104969
C    0.250286773582    0.749923174958    0.250083808278
C    0.166703832590    0.833397888801    0.000039386560
C    0.250089994957    0.916636834282    0.083425300877
C    0.001667035863    0.666275134382    0.331928014354
C    0.083953324741    0.750033964510    0.416543411141
C    0.001397658499    0.834116124302    0.500353959100
C    0.084007083179    0.917193927545    0.583311734309
C    0.166925532686    0.666653280721    0.500082904120
C    0.250303317588    0.749900333103    0.583440877567
C    0.167064733424    0.833315493199    0.333388966196
C    0.250374657373    0.916479242926    0.416751470253
C    0.000386264688    0.666746787615    0.666936951677
C    0.083539485963    0.749977715103    0.749979210998
C    0.000027770923    0.833265886196    0.833360990273
C    0.083307777716    0.916749563759    0.916641429775
C    0.166920112166    0.666773996141    0.833521295824
C    0.250069158514    0.750081162722    0.916845989658
C    0.167011786769    0.833531607806    0.666784418183
C    0.250148450264    0.916827385345    0.750105176175
C    0.333383803176   -0.000024472921    0.000000831347
C    0.416714151992    0.083168058184    0.083269713275
C    0.333200019680    0.166436059989    0.166534792259
C    0.416440443940    0.249547173902    0.249774337926
C    0.500111148968   -0.000359807118    0.166861364513
C    0.583357350917    0.082759957012    0.250123289253
C    0.500042140645    0.166648603523   -0.000318645777
C    0.583255625660    0.249759937358    0.082996783544
C    0.333528104525   -0.000360553402    0.333445733903
C    0.416790791013    0.082759294119    0.416691227805
C    0.333153724100    0.166252508601    0.499917012439
C    0.416216104113    0.249508329780    0.582974733779
C    0.500420776648   -0.000628309874    0.500223746618
C    0.583607807009    0.083138174332    0.583341143170
C    0.499826052742    0.166016214951    0.333159312804
C    0.582880455422    0.249329788233    0.416213420972
C    0.333448572405    0.000131273679    0.666678608978
C    0.416911278258    0.083508586950    0.749915955615
C    0.333418392810    0.166768396035    0.833150463165
C    0.416813957621    0.250118125065    0.916248584005
C    0.500164514629    0.000088541483    0.833277635364
C    0.583439422383    0.083655751883    0.916350379266
C    0.500238480253    0.166907741205    0.666338984377
C    0.583735738895    0.251395348247    0.748860301801
C    0.333302318047    0.333265784233   -0.000334291925
C    0.416484629335    0.416394355842    0.083021451585
C    0.332917377226    0.499745201785    0.166250771738
C    0.415948326625    0.582872742758    0.249281714235
C    0.499664207050    0.332848431670    0.166114672422
C    0.582705840558    0.416074536309    0.249095883339
C    0.499901400779    0.499883954514    0.000005080840
C    0.583349051410    0.583192362447    0.083373259099
C    0.332781138173    0.332847487523    0.332998256951
C    0.415763269622    0.416074164141    0.416039224820
C    0.333173819776    0.499738567632    0.499871398862
C    0.416911910391    0.583076269490    0.583337417303
C    0.498722856023    0.332288603959    0.499471829580
C    0.583409297482    0.417568855068    0.579313795092
C    0.498331987998    0.499407798053    0.331664785488
C    0.582781203503    0.579297576735    0.416114704901
C    0.333392234171    0.333297472106    0.666403869434
C    0.417451540979    0.416814830963    0.749113256065
C    0.333574482300    0.500060073918    0.833067479042
C    0.415979128452    0.583365080555    0.917461609476
C    0.500366929928    0.333738942191    0.832778819656
C    0.583664597462    0.416996441549    0.916315043199
C    0.501157359490    0.500808042269    0.665488928791
C    0.583211649817    0.584359772079    0.750935174963
C    0.333070605858    0.666549046157    0.000465456658
C    0.416750407935    0.749923540112    0.083620256982
C    0.333549710612    0.833182418391    0.166883267875
C    0.416988833456    0.916191057517    0.250322408816
C    0.500025590785    0.666298364221    0.166847496815
C    0.583678751493    0.748898127379    0.250977270505
C    0.500055568738    0.833316063731    0.000397655398
C    0.583417682697    0.916480251919    0.083707494671
C    0.333514322027    0.666298211711    0.333358885888
C    0.417644230083    0.748898125078    0.417012415917
C    0.333917955695    0.832849455837    0.500240407707
C    0.416832513409    0.916468658936    0.583605221873
C    0.501315862700    0.664733123177    0.500717147263
C    0.585281496495    0.747184894943    0.584701994596
C    0.500559547091    0.832499086520    0.333893015997
C    0.584099436052    0.915342210966    0.417432980542
C    0.333488852661    0.666599111159    0.666753955367
C    0.416555890501    0.749855360837    0.750436554021
C    0.333345443059    0.833431151201    0.833506585672
C    0.416817721695    0.916694855913    0.916753155753
C    0.498593913588    0.666275437969    0.835000605257
C    0.583210428048    0.750034289772    0.917285215615
C    0.499762445106    0.833186786818    0.666877685435
C    0.583581276881    0.916487979968    0.750236871129
C    0.666811385905    0.000320081639    0.000294703072
C    0.749987556342    0.083390433265    0.083369202323
C    0.666582088874    0.166252942931    0.166485950383
C    0.749639799043    0.249508074508    0.249548999764
C    0.833343456210    0.000130480839    0.166781387522
C    0.916580821188    0.083507722103    0.250244461194
C    0.833227414482    0.166771731402   -0.000102936430
C    0.916559548215    0.250110547491    0.083312550799
C    0.666889981272   -0.000627661582    0.333753258582
C    0.750007687623    0.083138008465    0.416941029088
C    0.666632647883    0.166730734890    0.499965309247
C    0.749838334476    0.251117865946    0.583171945041
C    0.833353844731   -0.000316642457    0.500227395959
C    0.916399870572    0.083571654104    0.583400897471
C    0.833004957815    0.166907299604    0.333571476639
C    0.915527030207    0.251395282416    0.417070050342
C    0.666894169626   -0.000315985444    0.666686526583
C    0.750067261065    0.083572553053    0.749732400574
C    0.666888384969    0.167361373393    0.832686520272
C    0.750117619204    0.250379788212    0.916374317109
C    0.833313211109    0.000024782542    0.833226921945
C    0.916638554273    0.083490936996    0.916486977871
C    0.833164385444    0.167300790092    0.666497149089
C    0.916417622877    0.250865380660    0.749750476008
C    0.666644817495    0.333344711259   -0.000229737323
C    0.749949159559    0.416649654229    0.083218536629
C    0.666537763672    0.499739433141    0.166506053240
C    0.750004566223    0.583076749872    0.250244022966
C    0.833069406389    0.333297722439    0.166725074942
C    0.915779480067    0.416813950810    0.250784831937
C    0.833293078397    0.500116160514    0.000037208070
C    0.916633645057    0.583342542004    0.083456847356
C    0.666138595143    0.332288861138    0.332056185260
C    0.745980526215    0.417568991891    0.416742793291
C    0.831534720307    0.335919697901    0.500882040912
C    0.914381611930    0.420605174252    0.584291798423
C    0.832155719411    0.500807653027    0.334490562568
C    0.917603704183    0.584357728765    0.416545714510
C    0.667548693168    0.335919727125    0.664867556434
C    0.750959132888    0.420606702129    0.747712012337
C    0.666729217790    0.500587683220    0.833159258546
C    0.750113683944    0.583522004428    0.916649565630
C    0.833058133762    0.334067410691    0.833136790069
C    0.916704291357    0.417096610952    0.916545250757
C    0.836819080071    0.501928156356    0.670149800895
C    0.916494159711    0.583194451304    0.749824898541
C    0.666749365473    0.666653595952    0.000256642580
C    0.750107245462    0.749900933882    0.083634718068
C    0.666905951484    0.832849898444    0.167251088723
C    0.750269997849    0.916467824190    0.250165968218
C    0.833419622655    0.666599395122    0.166821018796
C    0.917102496513    0.749855006854    0.249889554771
C    0.833450138370    0.833531962987    0.000343769943
C    0.916770306592    0.916826667990    0.083481231885
C    0.667384295281    0.664732226034    0.334648881621
C    0.751368420812    0.747183503476    0.418617463411
C    0.667810100454    0.831220172231    0.501142942348
C    0.750314261482    0.915544056058    0.583646942334
C    0.843717241280    0.671712395841    0.493214561096
C    0.917262238706    0.748842289765    0.582664440038
C    0.833544156308    0.833184948760    0.333097416168
C    0.916904231011    0.916487431935    0.416914940792
C    0.659880211969    0.671713405678    0.677046437138
C    0.749330451873    0.748843057029    0.750593303707
C    0.667021195166    0.834116768554    0.834729643670
C    0.749977851684    0.917194680701    0.917339005392
C    0.833604334451    0.666747031221    0.833716197404
C    0.916645972894    0.749977283355    0.916871135801
C    0.833057871488    0.831841230903    0.666389807457
C    0.916402798756    0.916021571186    0.749736287966
N    0.658105303729    0.493364228135    0.491438055340
