&CONTROL
calculation = 'scf'
verbosity = 'high'
tprnfor=.TRUE.
tstress=.TRUE.
wf_collect = .true.
prefix='pwscf'
outdir = './'
pseudo_dir='/home/jinyuchem/program/QE/pseudo-potential'
/
&SYSTEM
ibrav = 0
ecutwfc = 85
tot_charge = -1
nspin = 2
tot_magnetization = 2.0
nbnd = 800
nat = 215
ntyp = 2
/
&ELECTRONS
conv_thr = 1D-10
diago_full_acc=.true.
/
K_POINTS gamma
CELL_PARAMETERS angstrom
10.70400  0.000000  0.000000
0.000000  10.70400  0.000000
0.000000  0.000000  10.70400
ATOMIC_SPECIES
C  12.01099968  C_ONCV_PBE-1.0.upf
N  14.00699997  N_ONCV_PBE-1.0.upf
ATOMIC_POSITIONS crystal
C    0.000021709193    0.000058663440    0.000024244363
C    0.083284220638    0.083408010852    0.083396511451
C   -0.000166843959    0.166826095400    0.166823052405
C    0.082884638507    0.250229179996    0.250235457880
C    0.166639336694   -0.000022411116    0.166719213776
C    0.249871214453    0.083224001788    0.250030700715
C    0.166619276613    0.166721586322   -0.000037594537
C    0.249855062556    0.250007411167    0.083227761966
C   -0.000051154759    0.000231869507    0.333436795521
C    0.083094103013    0.083646783216    0.416738440389
C   -0.000507178217    0.167239142581    0.500208377666
C    0.083243915782    0.250116302232    0.583519302789
C    0.166961326156    0.000289236281    0.500138777744
C    0.250041209424    0.083369670234    0.583312438823
C    0.166323996780    0.166758289217    0.333396738029
C    0.249542761858    0.249958627205    0.416615430866
C    0.000095627010    0.000224477466    0.666736845723
C    0.083383032762    0.083473217181    0.750056979297
C    0.000011605192    0.166793991467    0.833373491844
C    0.083311170165    0.250160366250    0.916667143761
C    0.166727343598    0.000027369017    0.833320343870
C    0.250056204106    0.083379195617    0.916601949680
C    0.166767030233    0.166724531627    0.666620698007
C    0.250125386728    0.250176974317    0.749908945457
C   -0.000072626645    0.333432072930    0.000206598630
C    0.083105092424    0.416707098031    0.083598514278
C   -0.000434575738    0.500177550951    0.167152280034
C    0.083453019494    0.583503223000    0.249911478763
C    0.166320300222    0.333375654967    0.166756559555
C    0.249546868177    0.416577642067    0.249970927443
C    0.166941958685    0.500130567518    0.000266379436
C    0.250031561145    0.583300581961    0.083357943305
C   -0.000701699889    0.333814134102    0.333807233813
C    0.082470889332    0.417225560492    0.417226313025
C   -0.001192431425    0.500805157052    0.500704657306
C    0.082736056432    0.583576929539    0.583562812656
C    0.166261237620    0.333543454379    0.500094015099
C    0.249865078418    0.416806984782    0.583300726890
C    0.166306037308    0.500075688405    0.333523171490
C    0.249895055546    0.583283091740    0.416813913259
C    0.000092103933    0.333255360046    0.666630642648
C    0.083286408412    0.416922955324    0.750142214128
C    0.000906435560    0.500481465045    0.834476189563
C    0.083890217416    0.583333581413    0.917280163718
C    0.166753688972    0.333473694724    0.833246198546
C    0.250244420825    0.416715481318    0.916389382401
C    0.166549496072    0.500169865583    0.666662413403
C    0.250209402403    0.583386946863    0.749835042071
C    0.000151691580    0.666761430848    0.000269160022
C    0.083451922373    0.750078180722    0.083456634775
C    0.000081732807    0.833429869635    0.166727574376
C    0.083356224717    0.916700641839    0.250155078074
C    0.166876021488    0.666618858921    0.166654521169
C    0.250184833317    0.749915104311    0.250172105516
C    0.166742732248    0.833338199635    0.000009117569
C    0.250070913766    0.916610136057    0.083382199527
C    0.000450961828    0.666608328065    0.332843392862
C    0.083428965752    0.750141158103    0.416816500459
C    0.001003623464    0.834454412015    0.500408100303
C    0.083913701630    0.917274071364    0.583320697255
C    0.166592082013    0.666666968452    0.500163599476
C    0.250244309270    0.749821419165    0.583405825926
C    0.166839528689    0.833274669496    0.333457935563
C    0.250304063425    0.916401892883    0.416742625836
C   -0.000601804107    0.666585978181    0.666623232832
C    0.083091701229    0.749850993877    0.749851114979
C   -0.000022284626    0.833329297970    0.833347634047
C    0.083364869843    0.916677422531    0.916656478875
C    0.166812270171    0.666708894098    0.833368250130
C    0.250126543296    0.750027563040    0.916654773750
C    0.166830360367    0.833369845685    0.666710405829
C    0.250142120814    0.916650850576    0.750031607578
C    0.333389549218   -0.000061611355   -0.000057663301
C    0.416649939723    0.083192708355    0.083211564331
C    0.333149091974    0.166501671735    0.166520108220
C    0.416321403218    0.249698530596    0.249742021954
C    0.500007685847   -0.000340685284    0.166712548840
C    0.583187417207    0.082930944398    0.249911325047
C    0.499994090516    0.166672380515   -0.000333575566
C    0.583167402408    0.249842034685    0.082976338771
C    0.333384578057   -0.000335035706    0.333383342505
C    0.416556276168    0.082921105071    0.416595524473
C    0.332997366468    0.166374988104    0.499891953494
C    0.416156663039    0.249497772402    0.582959505376
C    0.500132324861   -0.000329362040    0.500046648854
C    0.583418164297    0.083213754142    0.583289248066
C    0.499639882264    0.166081817957    0.333030307004
C    0.582782670248    0.249173946017    0.416102168206
C    0.333390021697    0.000055059334    0.666598389517
C    0.416818159672    0.083421218684    0.749904823152
C    0.333445173408    0.166775698352    0.833153685802
C    0.416822599070    0.250162745902    0.916239846296
C    0.500135760888    0.000061683495    0.833224812887
C    0.583350547067    0.083529524455    0.916400485401
C    0.500064394314    0.166803226221    0.666366744110
C    0.583593642945    0.251015483007    0.748998379294
C    0.333340401730    0.333349338256   -0.000329997049
C    0.416496336651    0.416539078661    0.082972146184
C    0.332951488543    0.499859511182    0.166375295139
C    0.416105194146    0.582940504159    0.249454351446
C    0.499608127354    0.332971008582    0.166100678191
C    0.582748810933    0.416075581448    0.249129197396
C    0.500031412335    0.499981678054   -0.000206874689
C    0.583367558305    0.583260966224    0.083259368195
C    0.332729529398    0.333032573018    0.333061850516
C    0.415885797781    0.416142446532    0.416135964855
C    0.333291245004    0.499876448780    0.499902519351
C    0.417370573293    0.583163426399    0.583213527708
C    0.498790073330    0.332078584979    0.499462843023
C    0.583755344785    0.416929629408    0.579311526502
C    0.498714790437    0.499450492668    0.331958483370
C    0.583634395316    0.579308391052    0.416649725020
C    0.333504988281    0.333450189704    0.666354507956
C    0.417799613428    0.416976803844    0.748949963755
C    0.333860806317    0.500170641828    0.832836566153
C    0.416659495812    0.583444337417    0.916750789845
C    0.500413876947    0.333740702208    0.832739184538
C    0.583724169908    0.417058655255    0.916179001346
C    0.501931017410    0.500834204758    0.665055858604
C    0.585638433322    0.584372205198    0.748713466335
C    0.333316469456    0.666574140571    0.000120138518
C    0.416786855280    0.749907001582    0.083442876226
C    0.333470933878    0.833160769825    0.166797759412
C    0.416857085737    0.916229236556    0.250201344250
C    0.500023250012    0.666359455146    0.166791796030
C    0.583583229639    0.749005911182    0.250934985065
C    0.500114561525    0.833233075499    0.000121262100
C    0.583346439229    0.916426422045    0.083539096985
C    0.333528669229    0.666334368546    0.333462205251
C    0.417836766373    0.748908477211    0.417014226873
C    0.333927467232    0.832794308877    0.500205112958
C    0.416824784761    0.916558928926    0.583490171046
C    0.501961562677    0.664910296763    0.500816571193
C    0.586037310842    0.747990651545    0.584438152493
C    0.500451608562    0.832685512590    0.333769793086
C    0.583808776224    0.915991035174    0.417142462660
C    0.333740354911    0.666567168349    0.666597437882
C    0.417069208789    0.749881985487    0.749994130221
C    0.333526488333    0.833289088374    0.833303469716
C    0.416831810602    0.916611617004    0.916622454406
C    0.499883232479    0.666421251576    0.833765966612
C    0.583553042659    0.750064598328    0.916784717113
C    0.500108819433    0.833415995722    0.666537132960
C    0.583624698710    0.916630605360    0.750103506927
C    0.666788762539    0.000252477658    0.000246960260
C    0.749954649854    0.083352779584    0.083348062558
C    0.666492838423    0.166284777162    0.166329359562
C    0.749587266044    0.249394878372    0.249402689621
C    0.833260222188    0.000273913232    0.166581361575
C    0.916583027528    0.083539462176    0.250140989335
C    0.833237968823    0.166579865909    0.000228355276
C    0.916578751324    0.250115368839    0.083501859330
C    0.666677141928   -0.000238743161    0.333422813854
C    0.749921378949    0.083273203561    0.416763770551
C    0.666500232179    0.166581095074    0.499883812332
C    0.749811804112    0.250535468942    0.583245704507
C    0.833327752678    0.000034934811    0.500135602656
C    0.916521146748    0.083588817259    0.583413487611
C    0.832993228368    0.166850246279    0.333421099814
C    0.915582538714    0.251089495407    0.417003599315
C    0.666815280648   -0.000049302212    0.666650217820
C    0.750042437889    0.083520740229    0.749879378995
C    0.666805886285    0.167107369497    0.832909061658
C    0.750093895185    0.249788411352    0.916959234687
C    0.833399542098    0.000189732124    0.833424219914
C    0.916714487349    0.083443152876    0.916723052727
C    0.833253969210    0.166981099998    0.666645995278
C    0.916568944812    0.250214776442    0.750125582624
C    0.666629620833    0.333344371080   -0.000161854471
C    0.749909761332    0.416708092059    0.083289347049
C    0.666481379438    0.499840728355    0.166538267827
C    0.749843649848    0.583227169831    0.250367757068
C    0.833005489821    0.333368489014    0.166815242724
C    0.915631050440    0.416954235805    0.250972160887
C    0.833315699430    0.500114354136    0.000103975512
C    0.916565580574    0.583402416820    0.083567668498
C    0.666104887084    0.331927945949    0.331883401800
C    0.745971980488    0.416687924469    0.416528827139
C    0.831550799895    0.335050193895    0.500785152897
C    0.914555889641    0.418988048948    0.584516905110
C    0.831670730347    0.500770537571    0.334775297167
C    0.915176562397    0.584529536631    0.418205728567
C    0.667486384694    0.334989292549    0.665175371913
C    0.751051167125    0.418190873725    0.749333397522
C    0.667156795450    0.500389600259    0.832887883101
C    0.750180996036    0.583499929902    0.916495469350
C    0.833065492554    0.332805657857    0.834123655200
C    0.916730461967    0.416780099805    0.916926984354
C    0.838610569989    0.496118942739    0.673998381451
C    0.916084070636    0.582841011203    0.750091763289
C    0.666787275242    0.666644404911    0.000061636508
C    0.750050003810    0.749912495764    0.083532990448
C    0.666809365466    0.832941290534    0.167085977707
C    0.750123433519    0.916977396827    0.249747024156
C    0.833302719276    0.666666328842    0.166889206640
C    0.916700765246    0.750146108720    0.250026840701
C    0.833426046054    0.833483438104    0.000251223591
C    0.916740137758    0.916789040048    0.083441118157
C    0.667455020807    0.665149216631    0.334744727707
C    0.751130881006    0.749230934393    0.417807805210
C    0.667365571035    0.832513378958    0.500496442163
C    0.750219905189    0.916281502666    0.583524123929
C    0.839938867530    0.674297163945    0.494441608987
C    0.916232244970    0.749901735501    0.582738747859
C    0.833159158448    0.834133103925    0.332618577755
C    0.916769188722    0.916915293238    0.416745255130
C    0.664462377695    0.671643198872    0.672670179116
C    0.749609584153    0.749606186017    0.749943947046
C    0.667221846202    0.834260853110    0.834379267581
C    0.750012836111    0.917229204619    0.917256717106
C    0.833426813070    0.666796751269    0.833453816445
C    0.916610923694    0.749944315703    0.916752313950
C    0.833321870285    0.833091680659    0.666728138272
C    0.916563862427    0.916588177770    0.749898058392
N    0.659117690228    0.492080187891    0.491709709086
