&CONTROL
calculation = 'scf'
verbosity = 'high'
tprnfor=.TRUE.
tstress=.TRUE.
wf_collect = .true.
prefix='pwscf'
outdir = './'
pseudo_dir='/home/jinyuchem/program/QE/pseudo-potential'
/
&SYSTEM
ibrav = 0
ecutwfc = 85
tot_charge = -1
nspin = 2
tot_magnetization = 2.0
nbnd = 800
nat = 215
ntyp = 2
/
&ELECTRONS
conv_thr = 1D-10
diago_full_acc=.true.
/
K_POINTS gamma
CELL_PARAMETERS angstrom
10.70400  0.000000  0.000000
0.000000  10.70400  0.000000
0.000000  0.000000  10.70400
ATOMIC_SPECIES
C  12.01099968  C_ONCV_PBE-1.0.upf
N  14.00699997  N_ONCV_PBE-1.0.upf
ATOMIC_POSITIONS crystal
C    0.000056022301    0.000090378907   -0.000012365509
C    0.083299520851    0.083437561224    0.083402918951
C   -0.000154543136    0.166876739045    0.166867165946
C    0.082862497803    0.250296596101    0.250313979116
C    0.166668986067    0.000017770179    0.166715206939
C    0.249863583364    0.083256057904    0.250077866232
C    0.166609424896    0.166722331080   -0.000028405657
C    0.249815831739    0.250008004087    0.083266627872
C    0.000005519386    0.000402199792    0.333404817206
C    0.083120100588    0.083764620622    0.416792879031
C   -0.000590923777    0.167371281663    0.500277341513
C    0.082861408899    0.250444830220    0.583610991038
C    0.167008252823    0.000326743682    0.500155393187
C    0.250066736584    0.083387286401    0.583336667865
C    0.166314177229    0.166845179451    0.333465504487
C    0.249442113801    0.250076160672    0.416729473264
C    0.000099734054    0.000259256569    0.666740478409
C    0.083375597100    0.083503537445    0.750065616317
C   -0.000017417599    0.166794409940    0.833402065338
C    0.083288396077    0.250160733790    0.916689239451
C    0.166763010909   -0.000002985042    0.833285328299
C    0.250048732516    0.083350977952    0.916586109945
C    0.166638099231    0.166869824766    0.666669852000
C    0.250082073284    0.250238848654    0.749905318481
C   -0.000058053906    0.333390177527    0.000325720504
C    0.083154693321    0.416698918461    0.083618606550
C   -0.000371860559    0.500184757715    0.167109894082
C    0.083489332932    0.583562614504    0.249829118192
C    0.166304171221    0.333402711234    0.166838465069
C    0.249455459706    0.416617018559    0.250111088620
C    0.166951502425    0.500130769010    0.000256814630
C    0.250039550664    0.583301103781    0.083350340195
C   -0.000809367972    0.333888337874    0.333866470207
C    0.082096447283    0.417393024427    0.417394241227
C   -0.001938784844    0.501221013037    0.500918551339
C    0.082310546850    0.583653893938    0.583611137958
C    0.166017696199    0.333743047750    0.500224620399
C    0.249774531658    0.416906550245    0.583357931117
C    0.166152627913    0.500170231477    0.333680734672
C    0.249864125335    0.583305679451    0.416926091856
C   -0.000606741328    0.333705771608    0.666862357985
C    0.082979342582    0.417065835555    0.750220440088
C    0.000670293096    0.500481259091    0.834712589753
C    0.083834378177    0.583333806045    0.917336242998
C    0.166634249718    0.333515521316    0.833230981269
C    0.250224124977    0.416724008322    0.916339340718
C    0.166328839810    0.500225572752    0.666675324704
C    0.250185130324    0.583371686723    0.749770468313
C    0.000268966473    0.666814511684    0.000392443547
C    0.083582946522    0.750129496725    0.083453097171
C    0.000193386260    0.833570784201    0.166595152167
C    0.083423080350    0.916790219567    0.250144862760
C    0.166966170252    0.666664236912    0.166658422813
C    0.250260288919    0.749923998732    0.250223692353
C    0.166809696179    0.833338902098   -0.000058265209
C    0.250092723930    0.916610675578    0.083360120746
C    0.000470206837    0.666795486800    0.332469396974
C    0.083406923467    0.750217861302    0.416746433882
C    0.000961489489    0.834647630931    0.500261158365
C    0.083903454765    0.917319348491    0.583295147066
C    0.166456139017    0.666690119878    0.500206440743
C    0.250288845665    0.749731143330    0.583428155843
C    0.166891108710    0.833317242987    0.333467758923
C    0.250401852023    0.916378503166    0.416805495374
C   -0.001323477799    0.666375119851    0.666486260727
C    0.082764704907    0.749757469313    0.749758281354
C   -0.000058888951    0.833329267307    0.833384269036
C    0.083406491884    0.916677558418    0.916614720948
C    0.166689226216    0.666656630034    0.833251005382
C    0.250130107318    0.749977374048    0.916524222032
C    0.166742642613    0.833256837261    0.666661430126
C    0.250176153319    0.916513139603    0.749989770790
C    0.333392811297   -0.000100449608   -0.000087992880
C    0.416602181286    0.083161473538    0.083218739032
C    0.333111091156    0.166502238909    0.166557541862
C    0.416233968996    0.249698759600    0.249829227172
C    0.499964945975   -0.000346460492    0.166707951817
C    0.583112030318    0.082940069891    0.249934247694
C    0.499924609409    0.166585934452   -0.000324054177
C    0.583052891113    0.249724416848    0.083077273455
C    0.333389118607   -0.000328428094    0.333425767346
C    0.416533732828    0.082911578858    0.416670659275
C    0.332998203412    0.166465545163    0.499957456905
C    0.416243790400    0.249600684749    0.582998130898
C    0.500174792817   -0.000420161660    0.500083106323
C    0.583405443001    0.083153629592    0.583324141929
C    0.499582215738    0.166081908499    0.333088047917
C    0.582796262898    0.249173682245    0.416088685993
C    0.333531522428   -0.000163307738    0.666602822199
C    0.416828452851    0.083302853488    0.749893148753
C    0.333400564598    0.166725110290    0.833140448117
C    0.416743444855    0.250095849684    0.916261523137
C    0.500167832930   -0.000109018400    0.833167666657
C    0.583295857100    0.083411643584    0.916374274221
C    0.500040853743    0.166756058205    0.666406962500
C    0.583517254941    0.250941313835    0.749080998408
C    0.333258108518    0.333323311669   -0.000314402290
C    0.416355880537    0.416500423152    0.083063668748
C    0.332861638011    0.499860136472    0.166465391392
C    0.416089541514    0.582941133748    0.249470257588
C    0.499488106999    0.332909003162    0.166138482696
C    0.582695212205    0.416008404967    0.249039429881
C    0.499873513147    0.499887615766   -0.000053238757
C    0.583254862343    0.583238655620    0.083290802959
C    0.332691634351    0.333094852461    0.333181522463
C    0.415975829068    0.416209527473    0.416189548686
C    0.333377726263    0.499912724298    0.499989703286
C    0.417706916864    0.583099563685    0.583250047179
C    0.499030281411    0.332229041784    0.499487512374
C    0.584315101360    0.417171458639    0.579317779299
C    0.498804249688    0.499450467812    0.331868913499
C    0.583952347893    0.579308379451    0.416331644034
C    0.333528007636    0.333532014417    0.666369861377
C    0.417960507539    0.416999127990    0.748935413986
C    0.333902864401    0.500164140502    0.832773711301
C    0.416741002491    0.583386101426    0.916715433054
C    0.500354157938    0.333666881893    0.832846687276
C    0.583555444205    0.416891274421    0.916554185292
C    0.502420156075    0.500897500290    0.665108124214
C    0.586403504832    0.584214426376    0.748918003914
C    0.333312229783    0.666530186193    0.000030826053
C    0.416735083073    0.749899493358    0.083367943746
C    0.333477408399    0.833161706686    0.166791724577
C    0.416845460719    0.916229700420    0.250213082360
C    0.499917786869    0.666384709449    0.166721832852
C    0.583484996906    0.749103262769    0.250700024416
C    0.500104713248    0.833191618631    0.000070371070
C    0.583283473583    0.916450466153    0.083441555427
C    0.333598978757    0.666309842311    0.333567688523
C    0.418071755462    0.748811298660    0.417112408693
C    0.334102053708    0.832648201758    0.500267437233
C    0.417235634221    0.916140469696    0.583523452138
C    0.502511649623    0.664671095930    0.500845183097
C    0.587600386957    0.746749351983    0.584413018468
C    0.500466192483    0.832685677934    0.333755308323
C    0.583808228856    0.915990293277    0.417143724428
C    0.333925020220    0.666468721437    0.666558288179
C    0.417444805600    0.749618205881    0.749954066649
C    0.333658492068    0.833148861428    0.833191577942
C    0.416841658377    0.916522665681    0.916555650767
C    0.500255980439    0.666234191271    0.833748248679
C    0.583622689089    0.749987599189    0.916807670651
C    0.500932274718    0.832698716991    0.666581894982
C    0.583837626667    0.916345250759    0.750104901270
C    0.666771945604    0.000215115797    0.000199909117
C    0.749929898990    0.083334855534    0.083322456873
C    0.666426709722    0.166193843965    0.166328653036
C    0.749548010933    0.249291844869    0.249315429906
C    0.833255022575    0.000492156697    0.166440308109
C    0.916594162728    0.083657708100    0.250130887205
C    0.833188158148    0.166434463533    0.000356573584
C    0.916581531302    0.250053488823    0.083544768924
C    0.666640598916   -0.000148837672    0.333381119671
C    0.749886485325    0.083332315558    0.416776901049
C    0.666449439800    0.166580684943    0.499934808452
C    0.749711474422    0.250535012280    0.583346391507
C    0.833337940560    0.000118564497    0.500122777470
C    0.916495380377    0.083656783361    0.583451302466
C    0.832952620644    0.166897190102    0.333444738245
C    0.915499736895    0.251163561945    0.417079507902
C    0.666828082291   -0.000134605188    0.666639861480
C    0.750004589765    0.083451547013    0.749905016319
C    0.666736355247    0.166975168972    0.832992453599
C    0.750001222589    0.249459922462    0.917341380479
C    0.833395436965    0.000154166353    0.833419953445
C    0.916705008134    0.083412657976    0.916729739551
C    0.833194480196    0.166980663952    0.666705195720
C    0.916345108454    0.250214917028    0.750348990790
C    0.666498620292    0.333144339943    0.000082354544
C    0.749852279758    0.416608634758    0.083380401810
C    0.666394107802    0.499804336798    0.166452196700
C    0.749806825563    0.583290980050    0.250031870158
C    0.832989797666    0.333286546314    0.166792101212
C    0.915645609878    0.416932441989    0.250811340970
C    0.833302904343    0.500058711225    0.000325221484
C    0.916630219085    0.583417935028    0.083592325319
C    0.666080242590    0.331777307739    0.331643485745
C    0.745965739291    0.416446248880    0.415969045330
C    0.831259546120    0.335111094000    0.500750338205
C    0.913111871864    0.419785760181    0.584648519608
C    0.831618988214    0.500707088731    0.334286255062
C    0.914973676068    0.584687177385    0.417439042101
C    0.667521221630    0.334928247708    0.665466314879
C    0.750918660396    0.417394484076    0.750777583411
C    0.666942519760    0.499973386701    0.833635560703
C    0.750132684959    0.583422496199    0.916922187575
C    0.832833571797    0.332356198459    0.834821688923
C    0.916652364425    0.416637238424    0.917234381240
C    0.836557497788    0.496119346927    0.676052644272
C    0.915410106307    0.582841276457    0.750766292170
C    0.666744393259    0.666621305728    0.000198663085
C    0.750027449095    0.750002835893    0.083489296426
C    0.666746902945    0.833087890946    0.166911780540
C    0.750089981261    0.917395260501    0.249336989489
C    0.833341965746    0.666764967560    0.166704977377
C    0.916741136687    0.750410008649    0.249651103304
C    0.833474677432    0.833596575808    0.000339488443
C    0.916781689731    0.916927027429    0.083407233871
C    0.667426539967    0.665388204797    0.334194688936
C    0.751157045330    0.750470414591    0.416245022467
C    0.667567890560    0.832512054775    0.500294861867
C    0.750249013589    0.916280294023    0.583495470606
C    0.840540700543    0.676950688126    0.491087339168
C    0.915854335247    0.750196509371    0.582534479923
C    0.833114503417    0.834849667119    0.331795418234
C    0.916767961902    0.917199405530    0.416532728470
C    0.667816243326    0.668987103038    0.672069727136
C    0.749813586835    0.749309566858    0.750323137505
C    0.667368994093    0.834066586895    0.834422191128
C    0.750038161668    0.917183372203    0.917267279216
C    0.833564216048    0.667006822540    0.834176785826
C    0.916703850293    0.750037890027    0.917079945041
C    0.833248771119    0.833090384969    0.666801593624
C    0.916563121728    0.916587543001    0.749898656356
N    0.659859075733    0.492079977195    0.490968534277
