&CONTROL
calculation = 'scf'
verbosity = 'high'
tprnfor=.TRUE.
tstress=.TRUE.
wf_collect = .true.
prefix='pwscf'
outdir = './'
pseudo_dir='/home/jinyuchem/program/QE/pseudo-potential'
/
&SYSTEM
ibrav = 0
ecutwfc = 85
tot_charge = -1
nspin = 2
tot_magnetization = 2.0
nbnd = 800
nat = 215
ntyp = 2
/
&ELECTRONS
conv_thr = 1D-10
diago_full_acc=.true.
/
K_POINTS gamma
CELL_PARAMETERS angstrom
10.70400  0.000000  0.000000
0.000000  10.70400  0.000000
0.000000  0.000000  10.70400
ATOMIC_SPECIES
C  12.01099968  C_ONCV_PBE-1.0.upf
N  14.00699997  N_ONCV_PBE-1.0.upf
ATOMIC_POSITIONS crystal
C    0.000018486617    0.000065303926    0.000065299454
C    0.083277722480    0.083407505191    0.083407500051
C   -0.000177684382    0.166811221930    0.166811217747
C    0.082882166516    0.250205752403    0.250205750283
C    0.166632296110   -0.000034400933    0.166737327036
C    0.249867461084    0.083200765057    0.250014270693
C    0.166632296110    0.166737331566   -0.000034404679
C    0.249867461084    0.250014273103    0.083200760585
C   -0.000070142971    0.000161467111    0.333466519878
C    0.083073620782    0.083593660981    0.416731833865
C   -0.000482155912    0.167209380617    0.500194128670
C    0.083429436891    0.249978650451    0.583444801497
C    0.166955325296    0.000288729268    0.500153713404
C    0.250027667598    0.083360972586    0.583301909282
C    0.166316881417    0.166715053854    0.333369255452
C    0.249569002984    0.249898405607    0.416550640961
C    0.000082821217    0.000212761338    0.666735494713
C    0.083389692488    0.083477505264    0.750061010525
C    0.000041711616    0.166805455015    0.833375010890
C    0.083314537862    0.250192584952    0.916647837684
C    0.166732000011    0.000065303200    0.833351786849
C    0.250074100492    0.083407505191    0.916611022360
C    0.166833226175    0.166666226056    0.666606431155
C    0.250146378582    0.250164048324    0.749908283906
C   -0.000070142303    0.333466519210    0.000161463307
C    0.083073620782    0.416731831745    0.083593655783
C   -0.000482155186    0.500194124867    0.167209377771
C    0.083429439390    0.583444800455    0.249978645163
C    0.166316881417    0.333369255452    0.166715050108
C    0.249569002984    0.416550637883    0.249898403487
C    0.166955324917    0.500153707275    0.000288724128
C    0.250027667598    0.583301906698    0.083360966778
C   -0.000680217847    0.333819331383    0.333819331441
C    0.082556901005    0.417211211260    0.417211214659
C   -0.000888613395    0.500713576359    0.500713579842
C    0.082920069699    0.583562642205    0.583562647113
C    0.166351470772    0.333467227601    0.500043744026
C    0.249907467478    0.416761506461    0.583275410315
C    0.166351470451    0.500043740453    0.333467228327
C    0.249907467536    0.583275405117    0.416761509249
C    0.000507877436    0.332996127873    0.666606944553
C    0.083423678084    0.416887678865    0.750088606894
C    0.001127080109    0.500415454528    0.834460481013
C    0.083934627315    0.583363223850    0.917267855189
C    0.166828063428    0.333466519499    0.833263157697
C    0.250260357008    0.416731831745    0.916406920372
C    0.166702471766    0.500147519175    0.666660595640
C    0.250247285395    0.583400644690    0.749862172872
C    0.000082821217    0.666735490473    0.000212757476
C    0.083389693156    0.750061008347    0.083477500066
C    0.000041711006    0.833375010512    0.166805450543
C    0.083314538588    0.916647840472    0.250192582163
C    0.166833226786    0.666606424416    0.166666221700
C    0.250146378871    0.749908281786    0.250164045594
C    0.166731999954    0.833351786123    0.000065299454
C    0.250074101218    0.916611024422    0.083407500051
C    0.000507882550    0.666607193973    0.332996123717
C    0.083423676311    0.750088604048    0.416887680985
C    0.001127082581    0.834460483280    0.500415462924
C    0.083934629262    0.917267859924    0.583363226112
C    0.166702471155    0.666660591778    0.500147523705
C    0.250247285395    0.749861997699    0.583400649540
C    0.166828063428    0.833263157029    0.333466519878
C    0.250260357008    0.916406922666    0.416731833865
C   -0.000217618002    0.666596706054    0.666596707475
C    0.083211457797    0.749874692766    0.749874697269
C   -0.000005065284    0.833328334280    0.833328334337
C    0.083361424663    0.916694826547    0.916694824195
C    0.166879458759    0.666735491230    0.833416220781
C    0.250144200507    0.750061008463    0.916722992688
C    0.166879458091    0.833416220723    0.666735494424
C    0.250144200565    0.916722994372    0.750061010525
C    0.333404027881   -0.000034400933   -0.000034404679
C    0.416680971014    0.083200765057    0.083200760585
C    0.333163493517    0.166496896910    0.166496893454
C    0.416351661055    0.249685063144    0.249685061461
C    0.500035855015   -0.000349714900    0.166715050397
C    0.583217239767    0.082902307683    0.249898403429
C    0.500035855015    0.166715053854   -0.000349719372
C    0.583217239767    0.249898405549    0.082902302543
C    0.333381750460   -0.000349714900    0.333369255452
C    0.416565003082    0.082902307683    0.416550640671
C    0.332981421107    0.166314552784    0.499859959371
C    0.416082386144    0.249415788959    0.582930146468
C    0.500133927890   -0.000315225981    0.500043744026
C    0.583428208692    0.083240871161    0.583275410315
C    0.499653486508    0.166055232553    0.332986786945
C    0.582741298173    0.249123066079    0.416074698352
C    0.333332922083    0.000166630496    0.666606429793
C    0.416830746583    0.083479682844    0.749908283963
C    0.333477817868    0.166811221551    0.833155615618
C    0.416872450314    0.250205752403    0.916215465322
C    0.500133119410    0.000161467111    0.833263157350
C    0.583398433339    0.083593660981    0.916406920662
C    0.500088780477    0.166842752604    0.666335769037
C    0.583676207611    0.251108523412    0.748930937998
C    0.333381750460    0.333369255452   -0.000349719372
C    0.416565003808    0.416550637883    0.082902302485
C    0.332981420439    0.499859955188    0.166314548602
C    0.416082386144    0.582930141560    0.249415786170
C    0.499653486508    0.332986786219    0.166055228750
C    0.582741298115    0.416074696232    0.249123064017
C    0.500133927890    0.500043740453   -0.000315230453
C    0.583428208692    0.583275405465    0.083240866689
C    0.332721928870    0.332986786219    0.332986786945
C    0.415789763991    0.416074696289    0.416074698352
C    0.333237927505    0.499842187537    0.499842192067
C    0.417232068927    0.583164640905    0.583164645087
C    0.498600203310    0.331933503457    0.499409658363
C    0.583407601422    0.416740901191    0.579144033097
C    0.498600204036    0.499409654180    0.331933504414
C    0.583407602033    0.579144030861    0.416740902264
C    0.333509349210    0.333422180913    0.666335769037
C    0.417775220597    0.417009605669    0.748930937419
C    0.333875977949    0.500194124430    0.832851244435
C    0.416645245721    0.583444899898    0.916762838397
C    0.500486031004    0.333819331730    0.832653081717
C    0.583877813723    0.417211211203    0.915890563005
C    0.501731294859    0.500789834803    0.664888022348
C    0.585612327673    0.584533098603    0.748216993311
C    0.333332922141    0.666606425000    0.000166626255
C    0.416830745857    0.749908281117    0.083479678430
C    0.333477818536    0.833155615908    0.166811217747
C    0.416872450604    0.916215467732    0.250205750283
C    0.500088780477    0.666335765843    0.166842749148
C    0.583676206885    0.748930933931    0.251108520682
C    0.500133119063    0.833263156913    0.000161463307
C    0.583398433339    0.916406923014    0.083593655783
C    0.333509349210    0.666335665524    0.333422180913
C    0.417775220655    0.748930934194    0.417009607789
C    0.333875977513    0.832851244377    0.500194128670
C    0.416645246273    0.916762839906    0.583444903149
C    0.501731293144    0.664888018833    0.500789839217
C    0.585612335290    0.748217073920    0.584532914244
C    0.500486030946    0.832653081717    0.333819331730
C    0.583877813492    0.915890302889    0.417211214659
C    0.333685799379    0.666597682411    0.666597685983
C    0.416926441702    0.749994485696    0.749994488484
C    0.333472151390    0.833375010833    0.833375010833
C    0.416859282137    0.916647840819    0.916647838468
C    0.499662827356    0.666607193809    0.833841179320
C    0.583554280312    0.750088604105    0.916756976222
C    0.499662829213    0.833841175806    0.666607111397
C    0.583554280312    0.916756979967    0.750088606894
C    0.666820312321    0.000288728658    0.000288725144
C    0.749968609455    0.083360972586    0.083360966778
C    0.666526558435    0.166314552405    0.166314548602
C    0.749596845243    0.249415788959    0.249415786170
C    0.833273028621    0.000166630527    0.166666221205
C    0.916574983585    0.083479682844    0.250164046609
C    0.833273029899    0.166666226056    0.000166625676
C    0.916574982917    0.250164048671    0.083479677646
C    0.666710443789   -0.000315226360    0.333467227601
C    0.749942010164    0.083240871219    0.416761509538
C    0.666508891510    0.166571331188    0.499842192067
C    0.749831244878    0.250565471163    0.583164645871
C    0.833327295898    0.000035775912    0.500147523705
C    0.916528700077    0.083580689078    0.583400649540
C    0.833002097144    0.166842752894    0.333422180913
C    0.915597637588    0.251108523034    0.417009608079
C    0.666814122858    0.000035775507    0.666660595640
C    0.750067076946    0.083580689804    0.749862172582
C    0.666860728113    0.167209381285    0.832851244088
C    0.750111502512    0.249978650477    0.916762837181
C    0.833402194187    0.000212761659    0.833416220781
C    0.916727610494    0.083477504975    0.916722992399
C    0.833264385515    0.167019202773    0.666597685983
C    0.916661087290    0.250259844663    0.749994487758
C    0.666710443847    0.333467228327   -0.000315230164
C    0.749942009495    0.416761506750    0.083240866747
C    0.666508891221    0.499842187537    0.166571326774
C    0.749831244152    0.583164640963    0.250565470031
C    0.833002269239    0.333422180913    0.166842749148
C    0.915597636252    0.417009605001    0.251108520682
C    0.833327295172    0.500147519117    0.000035771440
C    0.916528700745    0.583400644632    0.083580776256
C    0.666076257864    0.331933503457    0.331933504414
C    0.745810632687    0.416740901454    0.416740901975
C    0.831554721648    0.335064592360    0.500789838433
C    0.914883675968    0.418945634894    0.584533083244
C    0.831554723305    0.500789834251    0.335064593349
C    0.914883583129    0.584533105566    0.418945636893
C    0.667456538776    0.335064593207    0.664888020985
C    0.751199688961    0.418945630430    0.748216989597
C    0.667380179780    0.500713576733    0.832444513610
C    0.750229246178    0.583562642642    0.916253369147
C    0.833273804302    0.332996127815    0.833841178804
C    0.916755306631    0.416887678865    0.916756977295
C    0.840152357542    0.495637933167    0.673485583895
C    0.916135665839    0.582673383153    0.749468965318
C    0.666814122800    0.666660592068    0.000035770656
C    0.750067076888    0.749862169357    0.083580775967
C    0.666860728113    0.832851244319    0.167209377481
C    0.750111504054    0.916762841248    0.249978645742
C    0.833264385515    0.666597682121    0.167019198969
C    0.916661087290    0.749994485260    0.250259843648
C    0.833402193519    0.833416220781    0.000212757187
C    0.916727610436    0.916722994751    0.083477500066
C    0.667456538428    0.664888019185    0.335064592770
C    0.751199699598    0.748216978934    0.418945638768
C    0.667380181058    0.832444513668    0.500713580916
C    0.750229246467    0.916253369726    0.583562647839
C    0.840152390032    0.673485829777    0.495637901982
C    0.916135659416    0.749468956107    0.582673376814
C    0.833273800319    0.833841179909    0.332996125779
C    0.916755306631    0.916756978978    0.416887681274
C    0.662304529984    0.673485643429    0.673485599486
C    0.749339979122    0.749468961024    0.749468963813
C    0.667082163431    0.834460482171    0.834460482723
C    0.750029926112    0.917267859687    0.917267856609
C    0.833263306923    0.666596704950    0.833115683019
C    0.916541296133    0.749874693465    0.916544857677
C    0.833263308317    0.833115681567    0.666596707765
C    0.916541295144    0.916544859739    0.749874696195
N    0.658565412769    0.491898708534    0.491898711785
