&CONTROL
calculation = 'scf'
verbosity = 'high'
tprnfor=.TRUE.
tstress=.TRUE.
wf_collect = .true.
prefix='pwscf'
outdir = './'
pseudo_dir='/home/jinyuchem/program/QE/pseudo-potential'
/
&SYSTEM
ibrav = 0
ecutwfc = 85
tot_charge = -1
nspin = 2
tot_magnetization = 2.0
nbnd = 800
nat = 215
ntyp = 2
/
&ELECTRONS
conv_thr = 1D-10
diago_full_acc=.true.
/
K_POINTS gamma
CELL_PARAMETERS angstrom
10.70400  0.000000  0.000000
0.000000  10.70400  0.000000
0.000000  0.000000  10.70400
ATOMIC_SPECIES
C  12.01099968  C_ONCV_PBE-1.0.upf
N  14.00699997  N_ONCV_PBE-1.0.upf
ATOMIC_POSITIONS crystal
C   -0.000012603915    0.000026947974    0.000060854234
C    0.083268920424    0.083378460481    0.083390103950
C   -0.000179144783    0.166775451756    0.166778938863
C    0.082906779211    0.250161763891    0.250156936644
C    0.166609687320   -0.000062592411    0.166723220613
C    0.249878845542    0.083191945672    0.249983535199
C    0.166629128330    0.166720841564   -0.000046783417
C    0.249894293373    0.250006818246    0.083188896061
C   -0.000107828904    0.000061539222    0.333468773837
C    0.083068105439    0.083528945811    0.416684001747
C   -0.000423432657    0.167107003498    0.500139413819
C    0.083626422666    0.249787774244    0.583427614539
C    0.166914399490    0.000251728879    0.500122162301
C    0.250015682264    0.083352054067    0.583288209780
C    0.166333816331    0.166671398983    0.333327971570
C    0.249643409915    0.249841093739    0.416501388468
C    0.000091519965    0.000189698362    0.666733213038
C    0.083390468424    0.083442896918    0.750048342278
C    0.000040627983    0.166793572993    0.833344918351
C    0.083333944254    0.250159998710    0.916645048071
C    0.166691676286    0.000057723077    0.833355359440
C    0.250063675697    0.083407413282    0.916617789414
C    0.166895961235    0.166579238488    0.666571544015
C    0.250168700172    0.250115099980    0.749912572433
C   -0.000087199384    0.333473968333    0.000087476757
C    0.083055491527    0.416715277601    0.083578422005
C   -0.000497290918    0.500170344188    0.167194665986
C    0.083416706056    0.583443831496    0.249993839333
C    0.166336429224    0.333348598701    0.166674654041
C    0.249638276648    0.416538265574    0.249830766266
C    0.166932414944    0.500130366025    0.000275944242
C    0.250023571626    0.583300060140    0.083365546415
C   -0.000594031806    0.333739930331    0.333747997420
C    0.082845331382    0.417058096557    0.417058384823
C   -0.000446078006    0.500389301067    0.500490763272
C    0.083161566013    0.583499965139    0.583514487353
C    0.166504779040    0.333343861009    0.499963409799
C    0.249955625178    0.416707419319    0.583243522663
C    0.166459446703    0.499981145332    0.333365608309
C    0.249925985758    0.583260504028    0.416701734662
C    0.000790949193    0.332804948484    0.666398927312
C    0.083593474242    0.416780075094    0.750063988169
C    0.001142578023    0.500481670998    0.834239789373
C    0.083946056654    0.583333356782    0.917224084438
C    0.166873128227    0.333431868132    0.833261415823
C    0.250264716672    0.416706954315    0.916439424083
C    0.166770152335    0.500114158414    0.666649502103
C    0.250233674483    0.583402207003    0.749899615829
C    0.000034416686    0.666708350012    0.000145876498
C    0.083320898224    0.750026864720    0.083460172380
C   -0.000029920645    0.833288955070    0.166859996586
C    0.083289369084    0.916611064111    0.250165293388
C    0.166785872724    0.666573480929    0.166650619525
C    0.250109377716    0.749906209890    0.250120518680
C    0.166675768317    0.833337497173    0.000076500347
C    0.250049103602    0.916609596535    0.083404278308
C    0.000431716818    0.666421169330    0.333217388750
C    0.083451008038    0.750064454904    0.416886567035
C    0.001045757440    0.834261193098    0.500555042241
C    0.083923948494    0.917228794236    0.583346247443
C    0.166728025008    0.666643817025    0.500120758208
C    0.250199772874    0.749911695000    0.583383496009
C    0.166787948667    0.833232096005    0.333448112202
C    0.250206274826    0.916425282599    0.416679756298
C    0.000119869584    0.666796836510    0.666760204937
C    0.083418697550    0.749944518440    0.749943948605
C    0.000014319700    0.833329328634    0.833310999059
C    0.083323247803    0.916677286645    0.916698236803
C    0.166935314127    0.666761158162    0.833485494878
C    0.250122979273    0.750077752033    0.916785325468
C    0.166918078121    0.833482854110    0.666759381532
C    0.250108088309    0.916788561550    0.750073444366
C    0.333386287139   -0.000022773101   -0.000027333723
C    0.416697698160    0.083223943171    0.083204389630
C    0.333187092791    0.166501104560    0.166482674577
C    0.416408837440    0.249698301592    0.249654816736
C    0.500050425720   -0.000334910075    0.166717145863
C    0.583262804095    0.082921818905    0.249888402400
C    0.500063571622    0.166758826579   -0.000343096956
C    0.583281913703    0.249959652522    0.082875404086
C    0.333380037507   -0.000341643318    0.333340917665
C    0.416578819509    0.082930631284    0.416520389670
C    0.332996529524    0.166284431045    0.499826450083
C    0.416069535678    0.249394860054    0.582920879854
C    0.500089856906   -0.000238562419    0.500010191385
C    0.583430885593    0.083273878692    0.583254354204
C    0.499697548790    0.166081727416    0.332972566092
C    0.582769077598    0.249174209789    0.416115650419
C    0.333248520966    0.000273426407    0.666593956834
C    0.416807866492    0.083539583880    0.749916497551
C    0.333489782218    0.166826286414    0.833166923488
C    0.416901753286    0.250229642120    0.916218169455
C    0.500103688845    0.000232385390    0.833281959117
C    0.583405237035    0.083647405326    0.916426696582
C    0.500087934885    0.166850394238    0.666326525720
C    0.583670030949    0.251089652180    0.748915760181
C    0.333422694941    0.333375364842   -0.000345591808
C    0.416636792764    0.416577734171    0.082880623620
C    0.333041339076    0.499858885893    0.166285198885
C    0.416120846779    0.582939874570    0.249438445304
C    0.499728147710    0.333033014003    0.166062873685
C    0.582802409661    0.416142757929    0.249218964911
C    0.500189311523    0.500075740342   -0.000360510620
C    0.583480254266    0.583283276827    0.083227933432
C    0.332767424445    0.332970293576    0.332942178570
C    0.415795766494    0.416075365591    0.416082381024
C    0.333204763746    0.499840173263    0.499815335417
C    0.417034229722    0.583227289113    0.583177008237
C    0.498549865249    0.331928128175    0.499438173672
C    0.583195588210    0.416687800176    0.579305273704
C    0.498625331187    0.499450517525    0.332048053241
C    0.583316442738    0.579308402652    0.416967806007
C    0.333481968925    0.333368364992    0.666339154535
C    0.417638719318    0.416954479698    0.748964513524
C    0.333818748232    0.500177143154    0.832899421005
C    0.416577989134    0.583502573409    0.916786146636
C    0.500473595956    0.333814522523    0.832631681799
C    0.583892895611    0.417226036090    0.915803817400
C    0.501441878744    0.500770909226    0.665003592994
C    0.584873361811    0.584529984021    0.748508928756
C    0.333320709129    0.666618094950    0.000209450982
C    0.416838627487    0.749914509805    0.083517808705
C    0.333464459358    0.833159832963    0.166803794246
C    0.416868710755    0.916228772693    0.250189606139
C    0.500128713154    0.666334200843    0.166861759208
C    0.583681462372    0.748908559595    0.251169945713
C    0.500124409801    0.833274532367    0.000172153131
C    0.583409404875    0.916402377937    0.083636638543
C    0.333458359700    0.666358894781    0.333356721980
C    0.417601777284    0.749005655762    0.416916045054
C    0.333752880756    0.832940415997    0.500142788683
C    0.416413935302    0.916977388155    0.583456889953
C    0.501411475731    0.665149497595    0.500787959290
C    0.584474234727    0.749231951106    0.584463286518
C    0.500437024640    0.832685347245    0.333784277849
C    0.583809323592    0.915991777070    0.417141200891
C    0.333555689601    0.666665615262    0.666636587585
C    0.416693611978    0.750145765094    0.750034193792
C    0.333394484597    0.833429315319    0.833415361491
C    0.416821962828    0.916700568327    0.916689258045
C    0.499510484520    0.666608311882    0.833783684546
C    0.583483396229    0.750141597467    0.916761763574
C    0.499285364148    0.834133274454    0.666492370938
C    0.583411770752    0.916915959960    0.750102112583
C    0.666805579474    0.000289839518    0.000294011402
C    0.749979400717    0.083370703634    0.083373668244
C    0.666558967123    0.166375710360    0.166330066089
C    0.749626521155    0.249497911875    0.249489949336
C    0.833265421802    0.000055669766    0.166722415042
C    0.916571892329    0.083421216253    0.250151091465
C    0.833287779497    0.166725268284    0.000100136968
C    0.916575971347    0.250177248855    0.083458949735
C    0.666713684939   -0.000328648650    0.333464508036
C    0.749956272572    0.083214091564    0.416750640052
C    0.666551024557    0.166581505206    0.499832816213
C    0.749912133801    0.250535925603    0.583145017507
C    0.833317564796   -0.000048694874    0.500148427843
C    0.916546913120    0.083520851157    0.583375672756
C    0.833033836092    0.166803302457    0.333397461384
C    0.915665340533    0.251015428869    0.416927690728
C    0.666802479004    0.000036000764    0.666660574159
C    0.750080286014    0.083589933445    0.749853741672
C    0.666875417324    0.167239570021    0.832825669718
C    0.750186567782    0.250116900241    0.916577088895
C    0.833403647231    0.000225297894    0.833428486383
C    0.916723966563    0.083473647777    0.916716365902
C    0.833313458225    0.166981536044    0.666586794836
C    0.916792781169    0.250214635856    0.749902174459
C    0.666760621374    0.333544402217   -0.000406063486
C    0.749967242906    0.416807549360    0.083198292287
C    0.666568651075    0.499877119911    0.166624338955
C    0.749880474134    0.583163359612    0.250703643978
C    0.833021181976    0.333450431715    0.166838384237
C    0.915616491003    0.416976029620    0.251132980803
C    0.833328494517    0.500169997046   -0.000117270459
C    0.916500942062    0.583386898613    0.083543011678
C    0.666129531579    0.332078584159    0.332123317856
C    0.745978221686    0.416929600057    0.417088608947
C    0.831842053671    0.334989293789    0.500819967589
C    0.915999907418    0.418190337715    0.584385290611
C    0.831722472481    0.500833986410    0.335264339273
C    0.915379448725    0.584371895878    0.418972415033
C    0.667451547758    0.335050337389    0.664884428947
C    0.751183673854    0.418987263374    0.747889211632
C    0.667371071139    0.500805813817    0.832140205499
C    0.750229307112    0.583577363605    0.916068751126
C    0.833297413311    0.333255117254    0.833425621478
C    0.916808559510    0.416922961187    0.916619587468
C    0.840663642190    0.496118538551    0.671944118629
C    0.916758034965    0.582840745950    0.749417234407
C    0.666830157225    0.666667504093   -0.000075390069
C    0.750072558525    0.749822155634    0.083576684470
C    0.666871827987    0.832794690122    0.167260174874
C    0.750156885777    0.916559533152    0.250157058822
C    0.833263472805    0.666567690124    0.167073435904
C    0.916660393805    0.749882208791    0.250402578098
C    0.833377414675    0.833370300401    0.000162958739
C    0.916698585785    0.916651052668    0.083475002443
C    0.667483501647    0.664910228465    0.335294766479
C    0.751104716682    0.747991454195    0.419370587954
C    0.667163251511    0.832514703141    0.500698022458
C    0.750190796788    0.916282711309    0.583552777251
C    0.839337034518    0.671643639764    0.497795878805
C    0.916610154693    0.749606961631    0.582943015795
C    0.833203813480    0.833416540731    0.333441737276
C    0.916770415543    0.916631180947    0.416957781790
C    0.661108512065    0.674299294706    0.673270631096
C    0.749405581470    0.749902805176    0.749564756587
C    0.667074698311    0.834455119324    0.834336344034
C    0.749987510554    0.917275037035    0.917246154995
C    0.833289410092    0.666586679998    0.832730847064
C    0.916517997094    0.749850741379    0.916424682860
C    0.833394969452    0.833092976348    0.666654682921
C    0.916564603125    0.916588812539    0.749897460428
N    0.658376304722    0.492080398588    0.492450883895
