&CONTROL
calculation = 'scf'
verbosity = 'high'
tprnfor=.TRUE.
tstress=.TRUE.
wf_collect = .true.
prefix='pwscf'
outdir = './'
pseudo_dir='/home/jinyuchem/program/QE/pseudo-potential'
/
&SYSTEM
ibrav = 0
ecutwfc = 85
tot_charge = -1
nspin = 2
tot_magnetization = 2.0
nbnd = 800
nat = 215
ntyp = 2
/
&ELECTRONS
conv_thr = 1D-10
diago_full_acc=.true.
/
K_POINTS gamma
CELL_PARAMETERS angstrom
10.70400  0.000000  0.000000
0.000000  10.70400  0.000000
0.000000  0.000000  10.70400
ATOMIC_SPECIES
C  12.01099968  C_ONCV_PBE-1.0.upf
N  14.00699997  N_ONCV_PBE-1.0.upf
ATOMIC_POSITIONS crystal
C   -0.000021182192    0.000019019107    0.000070006702
C    0.083265095371    0.083371072888    0.083388502075
C   -0.000182219989    0.166762790845    0.166767910478
C    0.082912314388    0.250144909865    0.250137306335
C    0.166602274977   -0.000072637735    0.166724222322
C    0.249880753315    0.083183931643    0.249971743820
C    0.166631591259    0.166720655375   -0.000049080637
C    0.249904101077    0.250006670016    0.083179179584
C   -0.000121997440    0.000018956651    0.333476768416
C    0.083061606045    0.083499486459    0.416670392086
C   -0.000402496267    0.167073968727    0.500122172857
C    0.083722049387    0.249705642247    0.583404692477
C    0.166902667823    0.000242352028    0.500118008441
C    0.250009300474    0.083347650025    0.583282152519
C    0.166336271218    0.166649676425    0.333310779956
C    0.249668571929    0.249811710373    0.416472877869
C    0.000090493204    0.000181003586    0.666732304866
C    0.083392327340    0.083435316852    0.750046183023
C    0.000047883681    0.166793468375    0.833337774977
C    0.083339637776    0.250159906825    0.916639524149
C    0.166682759459    0.000065311592    0.833364113333
C    0.250065543594    0.083414467698    0.916621749348
C    0.166928193985    0.166542915203    0.666559255517
C    0.250179528533    0.250099631396    0.749913479177
C   -0.000090842568    0.333484442184    0.000057696289
C    0.083043091303    0.416717322494    0.083573398937
C   -0.000512969712    0.500168542497    0.167205262474
C    0.083407627697    0.583428983620    0.250014429475
C    0.166340461474    0.333341834634    0.166654177663
C    0.249661128766    0.416528421451    0.249795725972
C    0.166930029009    0.500130315652    0.000278335444
C    0.250021574246    0.583299929685    0.083367447192
C   -0.000567114786    0.333721379388    0.333733188322
C    0.082938941894    0.417016230574    0.417016402772
C   -0.000259489651    0.500285337071    0.500437289764
C    0.083267943409    0.583480724040    0.583502406027
C    0.166565664395    0.333293962666    0.499930758474
C    0.249978261868    0.416682527953    0.583229221606
C    0.166497799052    0.499957509564    0.333326217513
C    0.249933718311    0.583254857101    0.416673690013
C    0.000965660508    0.332692345593    0.666340998477
C    0.083670240700    0.416744355036    0.750044431679
C    0.001201613639    0.500481722486    0.834180689325
C    0.083960016463    0.583333300624    0.917210064618
C    0.166902988041    0.333421411484    0.833265220142
C    0.250269790634    0.416704822564    0.916451934504
C    0.166825316401    0.500100231622    0.666646274277
C    0.250239742503    0.583406022038    0.749915759268
C    0.000005097962    0.666695079803    0.000115055617
C    0.083288142187    0.750014035719    0.083461056781
C   -0.000057834008    0.833253726428    0.166893102138
C    0.083272655175    0.916588669679    0.250167847217
C    0.166763335532    0.666562136431    0.166649644114
C    0.250090513816    0.749903986284    0.250107621971
C    0.166659027334    0.833337321557    0.000093346042
C    0.250043651061    0.916609461655    0.083409798003
C    0.000426905566    0.666374379646    0.333310887722
C    0.083456518609    0.750045279104    0.416904083679
C    0.001056290933    0.834212888369    0.500591777726
C    0.083926510210    0.917217474954    0.583352634990
C    0.166762010757    0.666638029168    0.500110047892
C    0.250188638776    0.749934263959    0.583377913530
C    0.166775053661    0.833221452632    0.333445656362
C    0.250181827677    0.916431130028    0.416664038914
C    0.000300288007    0.666849551093    0.666794447963
C    0.083500446630    0.749967899581    0.749967157011
C    0.000023470781    0.833329336299    0.833301840312
C    0.083312842292    0.916677252673    0.916708676285
C    0.166966075116    0.666774224178    0.833514806064
C    0.250122088267    0.750090299281    0.916817963398
C    0.166940007559    0.833511106216    0.666771625458
C    0.250099580183    0.916822989294    0.750083903563
C    0.333385471619   -0.000013063538   -0.000019751329
C    0.416709637769    0.083231751875    0.083202595955
C    0.333196592995    0.166500962766    0.166473316166
C    0.416430695996    0.249698244341    0.249633015431
C    0.500061110688   -0.000333466273    0.166718295118
C    0.583281650818    0.082919537532    0.249882671738
C    0.500080941899    0.166780438095   -0.000345477303
C    0.583310541527    0.249989056981    0.082850170415
C    0.333378902370   -0.000343295221    0.333330311455
C    0.416584455344    0.082933012838    0.416501605970
C    0.332996320288    0.166261791780    0.499810074230
C    0.416047753838    0.249369131967    0.582911223474
C    0.500079239917   -0.000215862514    0.500001077018
C    0.583434065917    0.083288909829    0.583245630738
C    0.499711965422    0.166081704781    0.332958130864
C    0.582765679436    0.249174275732    0.416119020973
C    0.333213145783    0.000328018175    0.666592848664
C    0.416805293197    0.083569175178    0.749919416150
C    0.333500934421    0.166838933429    0.833170232909
C    0.416921541840    0.250246366175    0.916212750245
C    0.500095670835    0.000275060864    0.833296245674
C    0.583418909527    0.083676875544    0.916433249377
C    0.500093820028    0.166862186242    0.666316471122
C    0.583689127950    0.251108194473    0.748895105402
C    0.333443268244    0.333381871488   -0.000349490498
C    0.416671906792    0.416587398048    0.082857742980
C    0.333063801709    0.499858729571    0.166262674822
C    0.416124759937    0.582939717173    0.249434468768
C    0.499758152799    0.333048515358    0.166053422558
C    0.582815809343    0.416159552049    0.249241406790
C    0.500228786320    0.500099255915   -0.000398919603
C    0.583508428257    0.583288854478    0.083220074741
C    0.332776898207    0.332954723715    0.332912260584
C    0.415773258672    0.416058595356    0.416068985066
C    0.333183143431    0.499831104384    0.499793539433
C    0.416950143829    0.583243254792    0.583167878369
C    0.498489813229    0.331890513973    0.499432006334
C    0.583055649067    0.416627342869    0.579303710505
C    0.498602966374    0.499450523739    0.332070445708
C    0.583236954594    0.579308405552    0.417047326254
C    0.333476214087    0.333347908814    0.666335316180
C    0.417598495790    0.416948898661    0.748968150966
C    0.333808233711    0.500178768486    0.832915134718
C    0.416557612464    0.583517132407    0.916794985834
C    0.500488525708    0.333832977602    0.832604806115
C    0.583935077037    0.417267881299    0.915710021413
C    0.501319594078    0.500755085343    0.664990526592
C    0.584682093933    0.584569428726    0.748457794361
C    0.333321769047    0.666629083544    0.000231779098
C    0.416851570539    0.749916386861    0.083536541825
C    0.333462840727    0.833159598748    0.166805302955
C    0.416871617009    0.916228656727    0.250186671611
C    0.500155078940    0.666327887268    0.166879250002
C    0.583706020556    0.748884221698    0.251228685876
C    0.500126871870    0.833284896584    0.000184875889
C    0.583425146286    0.916396366910    0.083661023933
C    0.333440782318    0.666365026340    0.333330351162
C    0.417543030012    0.749029950400    0.416891499599
C    0.333709234136    0.832976942777    0.500127207615
C    0.416311222937    0.917082002962    0.583448569680
C    0.501273953994    0.665209297803    0.500780806314
C    0.584083465698    0.749542275997    0.584469570024
C    0.500433378659    0.832685305909    0.333787899039
C    0.583809460433    0.915991962544    0.417140885449
C    0.333509523274    0.666690226990    0.666646375011
C    0.416599712775    0.750211709996    0.750044209685
C    0.333361483663    0.833464372056    0.833443334435
C    0.416819500884    0.916722806158    0.916705958955
C    0.499417297530    0.666655076958    0.833788114029
C    0.583465984622    0.750160847252    0.916756025189
C    0.499079500326    0.834312594137    0.666481180432
C    0.583358538763    0.916987298610    0.750101763997
C    0.666809783708    0.000299179983    0.000305774187
C    0.749985588433    0.083375184647    0.083380069666
C    0.666575499298    0.166398443659    0.166330242721
C    0.749636334932    0.249523670251    0.249511764265
C    0.833266721706    0.000001108899    0.166757678408
C    0.916569108529    0.083391654772    0.250153616997
C    0.833300232165    0.166761618878    0.000068082391
C    0.916575276352    0.250192718859    0.083448222337
C    0.666722820692   -0.000351125022    0.333474931582
C    0.749964995978    0.083199313565    0.416747357428
C    0.666563722652    0.166581607738    0.499820067183
C    0.749937216224    0.250536039768    0.583119845757
C    0.833315017825   -0.000069602295    0.500151634139
C    0.916553354712    0.083503859632    0.583366219042
C    0.833043988023    0.166791566501    0.333391551776
C    0.915686040987    0.250996912234    0.416908713581
C    0.666799278593    0.000057326507    0.666663163244
C    0.750089748045    0.083607231749    0.749847332341
C    0.666892800083    0.167272620152    0.832804821733
C    0.750209735931    0.250199022464    0.916481552448
C    0.833404673515    0.000234189337    0.833429553001
C    0.916726336367    0.083481271502    0.916714694196
C    0.833328330479    0.166981645056    0.666571994725
C    0.916848740259    0.250214600709    0.749846322417
C    0.666793371509    0.333594410002   -0.000467115740
C    0.749981613299    0.416832413685    0.083175528597
C    0.666590468984    0.499886217800    0.166645856736
C    0.749889680205    0.583147407058    0.250787615706
C    0.833025105015    0.333470917390    0.166844169615
C    0.915612851143    0.416981478074    0.251173185782
C    0.833331693289    0.500183907774   -0.000172581952
C    0.916484782434    0.583383019061    0.083536847472
C    0.666135692703    0.332116243712    0.332183296870
C    0.745979781985    0.416990018954    0.417228554399
C    0.831914867115    0.334974068763    0.500828671262
C    0.916360911862    0.417990909906    0.584352386986
C    0.831735408014    0.500849848620    0.335386599799
C    0.915430170307    0.584332485689    0.419164086650
C    0.667442838524    0.335065598600    0.664811693206
C    0.751216800536    0.419186360786    0.747528165159
C    0.667424640061    0.500909867206    0.831953286099
C    0.750241384881    0.583596722031    0.915962071570
C    0.833355393501    0.333367482103    0.833251113047
C    0.916828083896    0.416958676532    0.916542738246
C    0.841176910241    0.496118437504    0.671430552924
C    0.916926526048    0.582840679636    0.749248602186
C    0.666840877720    0.666673278889   -0.000109646713
C    0.750078197204    0.749799570602    0.083587607976
C    0.666887443617    0.832758040019    0.167303724166
C    0.750165248841    0.916455067233    0.250259567489
C    0.833253661188    0.666543030444    0.167119493219
C    0.916650300945    0.749816233808    0.250496512448
C    0.833365256831    0.833342015975    0.000140892526
C    0.916688197792    0.916616555823    0.083483473515
C    0.667490621857    0.664850481424    0.335432276171
C    0.751098175601    0.747681584146    0.419761283640
C    0.667112671630    0.832515034186    0.500748417532
C    0.750183519688    0.916283013469    0.583559940582
C    0.839186576264    0.670980258719    0.498634446260
C    0.916704632124    0.749533268163    0.582994082780
C    0.833214977238    0.833237399933    0.333647527157
C    0.916770722248    0.916560152874    0.417010913455
C    0.660270045657    0.674963318665    0.673420744091
C    0.749354580799    0.749976959966    0.749469958972
C    0.667037911338    0.834503685878    0.834325613147
C    0.749981179165    0.917286495139    0.917243514468
C    0.833255059347    0.666534162180    0.832550104719
C    0.916494765444    0.749827347798    0.916342775088
C    0.833413244243    0.833093300270    0.666636319083
C    0.916564788300    0.916588971231    0.749897310937
N    0.658190958345    0.492080451262    0.492636177598
