&CONTROL
calculation = 'scf'
restart_mode = 'from_scratch'
verbosity = 'high'
wf_collect = .true.
pseudo_dir='/home/jinyuchem/program/QE/pseudo-potential'
tprnfor = .true.
/
&SYSTEM
ibrav = 0
ecutwfc = 60
tot_charge = -1
nspin = 2
tot_magnetization = 2.0
nbnd = 456
nat = 215
ntyp = 2
input_dft = 'PBE0'
exx_fraction = 0.18
ecutfock = 120
/
&ELECTRONS
conv_thr = 1D-8
diago_full_acc=.true.
mixing_beta = 0.3
/
K_POINTS gamma
CELL_PARAMETERS angstrom
10.65000  0.000000  0.000000
0.000000  10.65000  0.000000
0.000000  0.000000  10.65000
ATOMIC_SPECIES
C  12.01099968  C_ONCV_PBE-1.0.upf
N  14.00699997  N_ONCV_PBE-1.0.upf
ATOMIC_POSITIONS crystal
C    0.000010206053    0.000034868643    0.000035207916
C    0.083278747669    0.083387268066    0.083387905433
C   -0.000132277910    0.166809089072    0.166810386706
C    0.082967841725    0.250205323041    0.250205422349
C    0.166636460614   -0.000016010395    0.166721524492
C    0.249878739531    0.083257968318    0.250035123878
C    0.166638527741    0.166725323599   -0.000017295021
C    0.249880092037    0.250035987768    0.083253587733
C   -0.000048203954    0.000218546619    0.333396096720
C    0.083136450210    0.083582606785    0.416718714026
C   -0.000428565237    0.167127725459    0.500159572350
C    0.083279592128    0.250040271488    0.583476444033
C    0.166918671947    0.000239804684    0.500127803554
C    0.250014470964    0.083382185020    0.583326858726
C    0.166397116572    0.166777478414    0.333385660917
C    0.249608931176    0.250030755680    0.416639346592
C    0.000109219417    0.000251378921    0.666776551449
C    0.083417328524    0.083460426056    0.750072647949
C    0.000043344301    0.166725389713    0.833420264602
C    0.083322499059    0.250145570784    0.916692929908
C    0.166735896818    0.000008611573    0.833326982005
C    0.250047136250    0.083370266845    0.916624705657
C    0.166794675318    0.166743446689    0.666657501278
C    0.250139859399    0.250199110383    0.749931253815
C   -0.000048180678    0.333399522191    0.000220011123
C    0.083136020684    0.416718819244    0.083580997298
C   -0.000426213560    0.500158586428    0.167125991986
C    0.083278977829    0.583475491615    0.250041063898
C    0.166398032473    0.333385164118    0.166772670511
C    0.249606827552    0.416640933560    0.250032555671
C    0.166919430155    0.500126579708    0.000239153440
C    0.250014808726    0.583325793920    0.083381299972
C   -0.000633993893    0.333735596190    0.333736850942
C    0.082402555794    0.417224797481    0.417220366430
C   -0.001443772433    0.500824251582    0.500821826227
C    0.082615455581    0.583557216851    0.583560001034
C    0.166287207951    0.333575192162    0.500107413296
C    0.249900762550    0.416856141897    0.583312000068
C    0.166288863938    0.500110049492    0.333573749108
C    0.249900760282    0.583310402426    0.416856201212
C    0.000102357929    0.333029244875    0.666679826088
C    0.083248292128    0.416881546520    0.750132203027
C    0.000801877409    0.500391671841    0.834469306823
C    0.083799197273    0.583344039567    0.917235863743
C    0.166759941586    0.333463910126    0.833258066641
C    0.250249479956    0.416761492160    0.916404066285
C    0.166512130417    0.500170928502    0.666673363447
C    0.250206731644    0.583408412749    0.749820741614
C    0.000111541972    0.666780618345    0.000247976206
C    0.083416749640    0.750069714553    0.083461467067
C    0.000042414176    0.833418658867    0.166721284155
C    0.083321450873    0.916692125820    0.250140853975
C    0.166794619315    0.666657707452    0.166740328648
C    0.250139009014    0.749928818200    0.250199296508
C    0.166740297869    0.833328116842    0.000003745437
C    0.250048569325    0.916625988264    0.083367869842
C    0.000103529273    0.666678804751    0.333029543961
C    0.083251353672    0.750129072099    0.416878248063
C    0.000796070068    0.834473834186    0.500390591116
C    0.083795812954    0.917238702869    0.583348081495
C    0.166514098578    0.666674177252    0.500171719188
C    0.250209361495    0.749819378943    0.583407956605
C    0.166759112743    0.833258198645    0.333459227687
C    0.250251364367    0.916401529978    0.416758562240
C   -0.000868091608    0.666533948280    0.666537990088
C    0.082964661386    0.749851272833    0.749851757067
C   -0.000080562298    0.833361859144    0.833363905086
C    0.083349142108    0.916676347886    0.916674491347
C    0.166754268125    0.666703964939    0.833312487417
C    0.250108410453    0.750029956619    0.916617820262
C    0.166757414769    0.833312140703    0.666708570992
C    0.250109820368    0.916616279270    0.750030211929
C    0.333375956252   -0.000058159201   -0.000059757985
C    0.416635439621    0.083223296090    0.083222284029
C    0.333165218861    0.166567405238    0.166562601837
C    0.416373190604    0.249807802179    0.249805386727
C    0.499964549534   -0.000273661698    0.166693279427
C    0.583149434939    0.083039599890    0.249884627840
C    0.499961210747    0.166692524582   -0.000272475005
C    0.583148470548    0.249886032922    0.083038271444
C    0.333330570203   -0.000266860035    0.333377501109
C    0.416517746941    0.083034553810    0.416620490510
C    0.333004382846    0.166479848169    0.499927319058
C    0.416229913400    0.249596621008    0.583028674294
C    0.500006416528   -0.000192669948    0.500035058721
C    0.583333254399    0.083235287497    0.583301961014
C    0.499648139157    0.166190575374    0.333061768302
C    0.582820293475    0.249217680826    0.416129978368
C    0.333331230591    0.000047649881    0.666596497360
C    0.416762113043    0.083394348149    0.749941205743
C    0.333408062018    0.166787351169    0.833185453515
C    0.416784095922    0.250167436788    0.916318040857
C    0.500101871030    0.000037759545    0.833216985807
C    0.583278735478    0.083476020455    0.916461703344
C    0.499994591664    0.166787178892    0.666438490527
C    0.583486743465    0.250875250865    0.749122035620
C    0.333323758149    0.333380472836   -0.000266826623
C    0.416516557619    0.416624396989    0.083035724684
C    0.333006373934    0.499930837665    0.166481007318
C    0.416222717934    0.583032593235    0.249592395961
C    0.499647676067    0.333062441751    0.166189739143
C    0.582820603574    0.416128853714    0.249217044124
C    0.500003011864    0.500030301707   -0.000194511964
C    0.583334287271    0.583301527501    0.083235938661
C    0.332838182644    0.333137411493    0.333140286877
C    0.416058060454    0.416261333287    0.416263339148
C    0.333383617277    0.499964939667    0.499967586129
C    0.417535668953    0.583231551746    0.583233088357
C    0.498959246935    0.332161738990    0.499541091968
C    0.584061060520    0.416944442069    0.579302594498
C    0.498957461234    0.499538691004    0.332162417781
C    0.584055943414    0.579301361179    0.416943673704
C    0.333543861013    0.333515431460    0.666417309554
C    0.417916735749    0.417075566607    0.748959649127
C    0.333898287561    0.500212836545    0.832826134719
C    0.416802347709    0.583507212895    0.916615169231
C    0.500346596767    0.333721056926    0.832831180926
C    0.583636609707    0.417076794770    0.916255511680
C    0.502277649336    0.500962580817    0.665015263514
C    0.586459374230    0.584694934816    0.748059036983
C    0.333330491068    0.666593262490    0.000050238649
C    0.416759156937    0.749939051998    0.083391425145
C    0.333409970580    0.833189167050    0.166785093974
C    0.416788754522    0.916322382014    0.250168915198
C    0.499995270451    0.666438566040    0.166786731435
C    0.583487004555    0.749119533893    0.250873817737
C    0.500102474968    0.833215338492    0.000038823661
C    0.583278684610    0.916461301933    0.083478407763
C    0.333544800989    0.666414549245    0.333513678338
C    0.417914500552    0.748960436892    0.417073457871
C    0.333897778241    0.832828109043    0.500211159410
C    0.416799297506    0.916614262239    0.583509648720
C    0.502278229819    0.665011999440    0.500958283422
C    0.586457848491    0.748059344290    0.584690501469
C    0.500346240024    0.832832222243    0.333722939181
C    0.583638675843    0.916253313184    0.417075324030
C    0.333791831633    0.666594477582    0.666593926087
C    0.417196330737    0.749899363174    0.749898841863
C    0.333544679299    0.833240163497    0.833241494019
C    0.416812269314    0.916604517750    0.916606118412
C    0.500252444859    0.666402936196    0.833392760123
C    0.583584544812    0.750089251280    0.916629457796
C    0.500250475441    0.833392463546    0.666401009577
C    0.583584013668    0.916629196992    0.750089056375
C    0.666763370156    0.000247795675    0.000248207613
C    0.749916492369    0.083341158939    0.083342395149
C    0.666498556339    0.166322267686    0.166320775376
C    0.749621136357    0.249326474779    0.249328013970
C    0.833220935485    0.000284449311    0.166532045474
C    0.916597298962    0.083494830771    0.250089192333
C    0.833221083754    0.166531428152    0.000284755565
C    0.916598888496    0.250087820043    0.083492832538
C    0.666584483179   -0.000097694801    0.333339868842
C    0.749899994010    0.083298208183    0.416718996043
C    0.666477365490    0.166550821782    0.499893738392
C    0.749811297481    0.250301322986    0.583277692122
C    0.833284340536    0.000108297609    0.500116277868
C    0.916567665392    0.083539938817    0.583395847083
C    0.833014603961    0.166785439923    0.333335241137
C    0.915681117407    0.250897457001    0.416921554042
C    0.666745971176   -0.000004689217    0.666669456180
C    0.749991528682    0.083468398418    0.749936058188
C    0.666737464876    0.167013940252    0.832996108240
C    0.750015330642    0.249629493051    0.917120617822
C    0.833359014525    0.000213087322    0.833485981899
C    0.916704558429    0.083414591618    0.916780168118
C    0.833253028875    0.166858136783    0.666690719461
C    0.916567115204    0.250005832459    0.750211206025
C    0.666584457726    0.333339026590   -0.000098346080
C    0.749897585668    0.416715690570    0.083297559219
C    0.666479087411    0.499890975779    0.166554293940
C    0.749811021814    0.583275116234    0.250299297561
C    0.833014353083    0.333334469069    0.166787811645
C    0.915679243426    0.416915596669    0.250894197463
C    0.833285282474    0.500114748733    0.000107389915
C    0.916567181919    0.583394227262    0.083537310586
C    0.666163394590    0.331779150973    0.331777177090
C    0.745926565861    0.416330054634    0.416328769581
C    0.831532733650    0.334695840644    0.500617625676
C    0.914602172416    0.418395442134    0.584357576912
C    0.831533465329    0.500619040420    0.334697171345
C    0.914603642438    0.584348870753    0.418397660506
C    0.667418792581    0.334707415981    0.665279154707
C    0.750754244933    0.417359011598    0.750005765517
C    0.667105812056    0.500374921666    0.832886513836
C    0.750139016032    0.583485729058    0.916484040505
C    0.833007248316    0.332429212995    0.834394593080
C    0.916684071367    0.416691934680    0.917000711570
C    0.839161193387    0.494127528984    0.675449233502
C    0.915938339528    0.582980459755    0.750282096812
C    0.666747292674    0.666669736301   -0.000002961010
C    0.749995671635    0.749930896218    0.083471376990
C    0.666738511170    0.832997656870    0.167015237708
C    0.750016721529    0.917119638769    0.249629122492
C    0.833253502678    0.666689396506    0.166852743560
C    0.916566364593    0.750209135132    0.250005027206
C    0.833363360420    0.833488402933    0.000216902033
C    0.916703384868    0.916775671539    0.083415211541
C    0.667420639488    0.665279714791    0.334705487776
C    0.750748167856    0.750001502571    0.417358578656
C    0.667100552249    0.832882837123    0.500379195823
C    0.750137403134    0.916484563568    0.583486417469
C    0.839168379087    0.675454400536    0.494114601219
C    0.915937069452    0.750280575865    0.582988057663
C    0.833008552969    0.834393345160    0.332429516136
C    0.916686350417    0.917000606349    0.416693884056
C    0.667104003474    0.670575754949    0.670581220857
C    0.749377495287    0.749799193958    0.749802794737
C    0.667299198040    0.834281990729    0.834282991317
C    0.749936413839    0.917247453247    0.917252298623
C    0.833238998460    0.666948715600    0.833418202264
C    0.916571482544    0.749961346000    0.916763934666
C    0.833238240694    0.833417506765    0.666950586497
C    0.916569314637    0.916765623943    0.749960470323
N    0.659675014324    0.491550549818    0.491543487344
