&control
    calculation = 'scf',
    prefix='pwscf',
    pseudo_dir='/global/cfs/projectdirs/m542/yjin/PPs/'
    outdir = './',
    verbosity='high',
    tprnfor=.TRUE.,
    wf_collect=.TRUE.
    max_seconds = 42000
    restart_mode = 'from_scratch'
    forc_conv_thr = 0.00039 
/
&system
    ibrav=0,
    nat = 511
    ntyp=2,
    ecutwfc = 60,
    nbnd = 2080
    input_dft = 'PBE0'
    exx_fraction = 0.36
    ecutfock = 120
/
&electrons
    diago_full_acc=.true.,
    conv_thr=1.0D-8
    electron_maxstep=300
    mixing_mode = 'plain'
    mixing_beta = 0.7
    diagonalization = 'david'
/
&IONS
    ion_dynamics='bfgs'
    ion_positions='default'
/
ATOMIC_SPECIES
Mg  24.305  Mg_ONCV_PBE-1.0.upf
O   15.999  O_ONCV_PBE-1.0.upf
K_POINTS gamma
CELL_PARAMETERS {angstrom}
        16.760000000       0.0000000000        0.0000000000
        0.0000000000       16.760000000        0.0000000000
        0.0000000000       0.0000000000        16.760000000
ATOMIC_POSITIONS {crystal}
Mg            0.0000000638        0.0000000638        0.0000000638
Mg            0.0000000638        0.0000000638        0.2499999362
Mg            0.0000000196        0.0000000196        0.4999979263
Mg            0.0000000196        0.0000000196        0.7500020737
Mg            0.0000000638        0.2499999362        0.0000000638
Mg            0.0000000638        0.2499999362        0.2499999362
Mg            0.0000000196        0.2499999804        0.4999979263
Mg            0.0000000196        0.2499999804        0.7500020737
Mg            0.0000000196        0.4999979263        0.0000000196
Mg            0.0000000196        0.4999979263        0.2499999804
Mg            0.0000126552        0.4999831350        0.4999831350
Mg            0.0000126552        0.4999831350        0.7500168650
Mg            0.0000000196        0.7500020737        0.0000000196
Mg            0.0000000196        0.7500020737        0.2499999804
Mg            0.0000126552        0.7500168650        0.4999831350
Mg            0.0000126552        0.7500168650        0.7500168650
Mg            0.2499999362        0.0000000638        0.0000000638
Mg            0.2499999362        0.0000000638        0.2499999362
Mg            0.2499999804        0.0000000196        0.4999979263
Mg            0.2499999804        0.0000000196        0.7500020737
Mg            0.2499999362        0.2499999362        0.0000000638
Mg            0.2499999362        0.2499999362        0.2499999362
Mg            0.2499999804        0.2499999804        0.4999979263
Mg            0.2499999804        0.2499999804        0.7500020737
Mg            0.2499999804        0.4999979263        0.0000000196
Mg            0.2499999804        0.4999979263        0.2499999804
Mg            0.2499873448        0.4999831350        0.4999831350
Mg            0.2499873448        0.4999831350        0.7500168650
Mg            0.2499999804        0.7500020737        0.0000000196
Mg            0.2499999804        0.7500020737        0.2499999804
Mg            0.2499873448        0.7500168650        0.4999831350
Mg            0.2499873448        0.7500168650        0.7500168650
Mg            0.4999979263        0.0000000196        0.0000000196
Mg            0.4999979263        0.0000000196        0.2499999804
Mg            0.4999831350        0.0000126552        0.4999831350
Mg            0.4999831350        0.0000126552        0.7500168650
Mg            0.4999979263        0.2499999804        0.0000000196
Mg            0.4999979263        0.2499999804        0.2499999804
Mg            0.4999831350        0.2499873448        0.4999831350
Mg            0.4999831350        0.2499873448        0.7500168650
Mg            0.4999831350        0.4999831350        0.0000126552
Mg            0.4999831350        0.4999831350        0.2499873448
Mg            0.5000464532        0.5000464532        0.5000464532
Mg            0.5000464532        0.5000464532        0.7499535468
Mg            0.4999831350        0.7500168650        0.0000126552
Mg            0.4999831350        0.7500168650        0.2499873448
Mg            0.5000464532        0.7499535468        0.5000464532
Mg            0.5000464532        0.7499535468        0.7499535468
Mg            0.7500020737        0.0000000196        0.0000000196
Mg            0.7500020737        0.0000000196        0.2499999804
Mg            0.7500168650        0.0000126552        0.4999831350
Mg            0.7500168650        0.0000126552        0.7500168650
Mg            0.7500020737        0.2499999804        0.0000000196
Mg            0.7500020737        0.2499999804        0.2499999804
Mg            0.7500168650        0.2499873448        0.4999831350
Mg            0.7500168650        0.2499873448        0.7500168650
Mg            0.7500168650        0.4999831350        0.0000126552
Mg            0.7500168650        0.4999831350        0.2499873448
Mg            0.7499535468        0.5000464532        0.5000464532
Mg            0.7499535468        0.5000464532        0.7499535468
Mg            0.7500168650        0.7500168650        0.0000126552
Mg            0.7500168650        0.7500168650        0.2499873448
Mg            0.7499535468        0.7499535468        0.5000464532
Mg            0.7499535468        0.7499535468        0.7499535468
Mg            0.0000000701        0.1250000000        0.1250000000
Mg            0.0000001937        0.1250000000        0.3749996139
Mg            0.0000058561        0.1250000000        0.6250000000
Mg            0.0000001937        0.1250000000        0.8750003861
Mg            0.0000001937        0.3749996139        0.1250000000
Mg           -0.0000011345        0.3749989178        0.3749989178
Mg            0.0000158446        0.3749737789        0.6250000000
Mg           -0.0000011345        0.3749989178        0.8750010822
Mg            0.0000058561        0.6250000000        0.1250000000
Mg            0.0000158446        0.6250000000        0.3749737789
Mg            0.0000412706        0.6250000000        0.6250000000
Mg            0.0000158446        0.6250000000        0.8750262211
Mg            0.0000001937        0.8750003861        0.1250000000
Mg           -0.0000011345        0.8750010822        0.3749989178
Mg            0.0000158446        0.8750262211        0.6250000000
Mg           -0.0000011345        0.8750010822        0.8750010822
Mg            0.2499999299        0.1250000000        0.1250000000
Mg            0.2499998063        0.1250000000        0.3749996139
Mg            0.2499941439        0.1250000000        0.6250000000
Mg            0.2499998063        0.1250000000        0.8750003861
Mg            0.2499998063        0.3749996139        0.1250000000
Mg            0.2500011345        0.3749989178        0.3749989178
Mg            0.2499841554        0.3749737789        0.6250000000
Mg            0.2500011345        0.3749989178        0.8750010822
Mg            0.2499941439        0.6250000000        0.1250000000
Mg            0.2499841554        0.6250000000        0.3749737789
Mg            0.2499587294        0.6250000000        0.6250000000
Mg            0.2499841554        0.6250000000        0.8750262211
Mg            0.2499998063        0.8750003861        0.1250000000
Mg            0.2500011345        0.8750010822        0.3749989178
Mg            0.2499841554        0.8750262211        0.6250000000
Mg            0.2500011345        0.8750010822        0.8750010822
Mg            0.4999995503        0.1250000000        0.1250000000
Mg            0.4999962722        0.1250000000        0.3749950815
Mg            0.4999906109        0.1250000000        0.6250000000
Mg            0.4999962722        0.1250000000        0.8750049185
Mg            0.4999962722        0.3749950815        0.1250000000
Mg            0.4999934569        0.3750058092        0.3750058092
Mg            0.4998875957        0.3748409001        0.6250000000
Mg            0.4999934569        0.3750058092        0.8749941908
Mg            0.4999906109        0.6250000000        0.1250000000
Mg            0.4998875957        0.6250000000        0.3748409001
Mg            0.4991791223        0.6250000000        0.6250000000
Mg            0.4998875957        0.6250000000        0.8751590999
Mg            0.4999962722        0.8750049185        0.1250000000
Mg            0.4999934569        0.8749941908        0.3750058092
Mg            0.4998875957        0.8751590999        0.6250000000
Mg            0.4999934569        0.8749941908        0.8749941908
Mg            0.7500004497        0.1250000000        0.1250000000
Mg            0.7500037278        0.1250000000        0.3749950815
Mg            0.7500093891        0.1250000000        0.6250000000
Mg            0.7500037278        0.1250000000        0.8750049185
Mg            0.7500037278        0.3749950815        0.1250000000
Mg            0.7500065431        0.3750058092        0.3750058092
Mg            0.7501124043        0.3748409001        0.6250000000
Mg            0.7500065431        0.3750058092        0.8749941908
Mg            0.7500093891        0.6250000000        0.1250000000
Mg            0.7501124043        0.6250000000        0.3748409001
Mg            0.7508208777        0.6250000000        0.6250000000
Mg            0.7501124043        0.6250000000        0.8751590999
Mg            0.7500037278        0.8750049185        0.1250000000
Mg            0.7500065431        0.8749941908        0.3750058092
Mg            0.7501124043        0.8751590999        0.6250000000
Mg            0.7500065431        0.8749941908        0.8749941908
Mg            0.1250000000        0.0000000701        0.1250000000
Mg            0.1250000000        0.0000001937        0.3749996139
Mg            0.1250000000        0.0000058561        0.6250000000
Mg            0.1250000000        0.0000001937        0.8750003861
Mg            0.1250000000        0.2499999299        0.1250000000
Mg            0.1250000000        0.2499998063        0.3749996139
Mg            0.1250000000        0.2499941439        0.6250000000
Mg            0.1250000000        0.2499998063        0.8750003861
Mg            0.1250000000        0.4999995503        0.1250000000
Mg            0.1250000000        0.4999962722        0.3749950815
Mg            0.1250000000        0.4999906109        0.6250000000
Mg            0.1250000000        0.4999962722        0.8750049185
Mg            0.1250000000        0.7500004497        0.1250000000
Mg            0.1250000000        0.7500037278        0.3749950815
Mg            0.1250000000        0.7500093891        0.6250000000
Mg            0.1250000000        0.7500037278        0.8750049185
Mg            0.3749996139        0.0000001937        0.1250000000
Mg            0.3749989178       -0.0000011345        0.3749989178
Mg            0.3749737789        0.0000158446        0.6250000000
Mg            0.3749989178       -0.0000011345        0.8750010822
Mg            0.3749996139        0.2499998063        0.1250000000
Mg            0.3749989178        0.2500011345        0.3749989178
Mg            0.3749737789        0.2499841554        0.6250000000
Mg            0.3749989178        0.2500011345        0.8750010822
Mg            0.3749950815        0.4999962722        0.1250000000
Mg            0.3750058092        0.4999934569        0.3750058092
Mg            0.3748409001        0.4998875957        0.6250000000
Mg            0.3750058092        0.4999934569        0.8749941908
Mg            0.3749950815        0.7500037278        0.1250000000
Mg            0.3750058092        0.7500065431        0.3750058092
Mg            0.3748409001        0.7501124043        0.6250000000
Mg            0.3750058092        0.7500065431        0.8749941908
Mg            0.6250000000        0.0000058561        0.1250000000
Mg            0.6250000000        0.0000158446        0.3749737789
Mg            0.6250000000        0.0000412706        0.6250000000
Mg            0.6250000000        0.0000158446        0.8750262211
Mg            0.6250000000        0.2499941439        0.1250000000
Mg            0.6250000000        0.2499841554        0.3749737789
Mg            0.6250000000        0.2499587294        0.6250000000
Mg            0.6250000000        0.2499841554        0.8750262211
Mg            0.6250000000        0.4999906109        0.1250000000
Mg            0.6250000000        0.4998875957        0.3748409001
Mg            0.6250000000        0.4991791223        0.6250000000
Mg            0.6250000000        0.4998875957        0.8751590999
Mg            0.6250000000        0.7500093891        0.1250000000
Mg            0.6250000000        0.7501124043        0.3748409001
Mg            0.6250000000        0.7508208777        0.6250000000
Mg            0.6250000000        0.7501124043        0.8751590999
Mg            0.8750003861        0.0000001937        0.1250000000
Mg            0.8750010822       -0.0000011345        0.3749989178
Mg            0.8750262211        0.0000158446        0.6250000000
Mg            0.8750010822       -0.0000011345        0.8750010822
Mg            0.8750003861        0.2499998063        0.1250000000
Mg            0.8750010822        0.2500011345        0.3749989178
Mg            0.8750262211        0.2499841554        0.6250000000
Mg            0.8750010822        0.2500011345        0.8750010822
Mg            0.8750049185        0.4999962722        0.1250000000
Mg            0.8749941908        0.4999934569        0.3750058092
Mg            0.8751590999        0.4998875957        0.6250000000
Mg            0.8749941908        0.4999934569        0.8749941908
Mg            0.8750049185        0.7500037278        0.1250000000
Mg            0.8749941908        0.7500065431        0.3750058092
Mg            0.8751590999        0.7501124043        0.6250000000
Mg            0.8749941908        0.7500065431        0.8749941908
Mg            0.1250000000        0.1250000000        0.0000000701
Mg            0.1250000000        0.1250000000        0.2499999299
Mg            0.1250000000        0.1250000000        0.4999995503
Mg            0.1250000000        0.1250000000        0.7500004497
Mg            0.1250000000        0.3749996139        0.0000001937
Mg            0.1250000000        0.3749996139        0.2499998063
Mg            0.1250000000        0.3749950815        0.4999962722
Mg            0.1250000000        0.3749950815        0.7500037278
Mg            0.1250000000        0.6250000000        0.0000058561
Mg            0.1250000000        0.6250000000        0.2499941439
Mg            0.1250000000        0.6250000000        0.4999906109
Mg            0.1250000000        0.6250000000        0.7500093891
Mg            0.1250000000        0.8750003861        0.0000001937
Mg            0.1250000000        0.8750003861        0.2499998063
Mg            0.1250000000        0.8750049185        0.4999962722
Mg            0.1250000000        0.8750049185        0.7500037278
Mg            0.3749996139        0.1250000000        0.0000001937
Mg            0.3749996139        0.1250000000        0.2499998063
Mg            0.3749950815        0.1250000000        0.4999962722
Mg            0.3749950815        0.1250000000        0.7500037278
Mg            0.3749989178        0.3749989178       -0.0000011345
Mg            0.3749989178        0.3749989178        0.2500011345
Mg            0.3750058092        0.3750058092        0.4999934569
Mg            0.3750058092        0.3750058092        0.7500065431
Mg            0.3749737789        0.6250000000        0.0000158446
Mg            0.3749737789        0.6250000000        0.2499841554
Mg            0.3748409001        0.6250000000        0.4998875957
Mg            0.3748409001        0.6250000000        0.7501124043
Mg            0.3749989178        0.8750010822       -0.0000011345
Mg            0.3749989178        0.8750010822        0.2500011345
Mg            0.3750058092        0.8749941908        0.4999934569
Mg            0.3750058092        0.8749941908        0.7500065431
Mg            0.6250000000        0.1250000000        0.0000058561
Mg            0.6250000000        0.1250000000        0.2499941439
Mg            0.6250000000        0.1250000000        0.4999906109
Mg            0.6250000000        0.1250000000        0.7500093891
Mg            0.6250000000        0.3749737789        0.0000158446
Mg            0.6250000000        0.3749737789        0.2499841554
Mg            0.6250000000        0.3748409001        0.4998875957
Mg            0.6250000000        0.3748409001        0.7501124043
Mg            0.6250000000        0.6250000000        0.0000412706
Mg            0.6250000000        0.6250000000        0.2499587294
Mg            0.6250000000        0.6250000000        0.4991791223
Mg            0.6250000000        0.6250000000        0.7508208777
Mg            0.6250000000        0.8750262211        0.0000158446
Mg            0.6250000000        0.8750262211        0.2499841554
Mg            0.6250000000        0.8751590999        0.4998875957
Mg            0.6250000000        0.8751590999        0.7501124043
Mg            0.8750003861        0.1250000000        0.0000001937
Mg            0.8750003861        0.1250000000        0.2499998063
Mg            0.8750049185        0.1250000000        0.4999962722
Mg            0.8750049185        0.1250000000        0.7500037278
Mg            0.8750010822        0.3749989178       -0.0000011345
Mg            0.8750010822        0.3749989178        0.2500011345
Mg            0.8749941908        0.3750058092        0.4999934569
Mg            0.8749941908        0.3750058092        0.7500065431
Mg            0.8750262211        0.6250000000        0.0000158446
Mg            0.8750262211        0.6250000000        0.2499841554
Mg            0.8751590999        0.6250000000        0.4998875957
Mg            0.8751590999        0.6250000000        0.7501124043
Mg            0.8750010822        0.8750010822       -0.0000011345
Mg            0.8750010822        0.8750010822        0.2500011345
Mg            0.8749941908        0.8749941908        0.4999934569
Mg            0.8749941908        0.8749941908        0.7500065431
O             0.0000000511        0.1250000000        0.0000000511
O             0.0000000511        0.1250000000        0.2499999489
O             0.0000004829        0.1250000000        0.4999998931
O             0.0000004829        0.1250000000        0.7500001069
O             0.0000003441        0.3749997102        0.0000003441
O             0.0000003441        0.3749997102        0.2499996559
O             0.0000060846        0.3749974410        0.4999990242
O             0.0000060846        0.3749974410        0.7500009758
O             0.0000086793        0.6250000000        0.0000086793
O             0.0000086793        0.6250000000        0.2499913207
O             0.0000184504        0.6250000000        0.4999984077
O             0.0000184504        0.6250000000        0.7500015923
O             0.0000003441        0.8750002898        0.0000003441
O             0.0000003441        0.8750002898        0.2499996559
O             0.0000060846        0.8750025590        0.4999990242
O             0.0000060846        0.8750025590        0.7500009758
O             0.2499999489        0.1250000000        0.0000000511
O             0.2499999489        0.1250000000        0.2499999489
O             0.2499995171        0.1250000000        0.4999998931
O             0.2499995171        0.1250000000        0.7500001069
O             0.2499996559        0.3749997102        0.0000003441
O             0.2499996559        0.3749997102        0.2499996559
O             0.2499939154        0.3749974410        0.4999990242
O             0.2499939154        0.3749974410        0.7500009758
O             0.2499913207        0.6250000000        0.0000086793
O             0.2499913207        0.6250000000        0.2499913207
O             0.2499815496        0.6250000000        0.4999984077
O             0.2499815496        0.6250000000        0.7500015923
O             0.2499996559        0.8750002898        0.0000003441
O             0.2499996559        0.8750002898        0.2499996559
O             0.2499939154        0.8750025590        0.4999990242
O             0.2499939154        0.8750025590        0.7500009758
O             0.4999998931        0.1250000000        0.0000004829
O             0.4999998931        0.1250000000        0.2499995171
O             0.5000008718        0.1250000000        0.5000008718
O             0.5000008718        0.1250000000        0.7499991282
O             0.4999990242        0.3749974410        0.0000060846
O             0.4999990242        0.3749974410        0.2499939154
O             0.4999935734        0.3749646998        0.4999935734
O             0.4999935734        0.3749646998        0.7500064266
O             0.4999984077        0.6250000000        0.0000184504
O             0.4999984077        0.6250000000        0.2499815496
O             0.4996656455        0.6250000000        0.4996656455
O             0.4996656455        0.6250000000        0.7503343545
O             0.4999990242        0.8750025590        0.0000060846
O             0.4999990242        0.8750025590        0.2499939154
O             0.4999935734        0.8750353002        0.4999935734
O             0.4999935734        0.8750353002        0.7500064266
O             0.7500001069        0.1250000000        0.0000004829
O             0.7500001069        0.1250000000        0.2499995171
O             0.7499991282        0.1250000000        0.5000008718
O             0.7499991282        0.1250000000        0.7499991282
O             0.7500009758        0.3749974410        0.0000060846
O             0.7500009758        0.3749974410        0.2499939154
O             0.7500064266        0.3749646998        0.4999935734
O             0.7500064266        0.3749646998        0.7500064266
O             0.7500015923        0.6250000000        0.0000184504
O             0.7500015923        0.6250000000        0.2499815496
O             0.7503343545        0.6250000000        0.4996656455
O             0.7503343545        0.6250000000        0.7503343545
O             0.7500009758        0.8750025590        0.0000060846
O             0.7500009758        0.8750025590        0.2499939154
O             0.7500064266        0.8750353002        0.4999935734
O             0.7500064266        0.8750353002        0.7500064266
O             0.0000000511        0.0000000511        0.1250000000
O             0.0000003441        0.0000003441        0.3749997102
O             0.0000086793        0.0000086793        0.6250000000
O             0.0000003441        0.0000003441        0.8750002898
O             0.0000000511        0.2499999489        0.1250000000
O             0.0000003441        0.2499996559        0.3749997102
O             0.0000086793        0.2499913207        0.6250000000
O             0.0000003441        0.2499996559        0.8750002898
O             0.0000004829        0.4999998931        0.1250000000
O             0.0000060846        0.4999990242        0.3749974410
O             0.0000184504        0.4999984077        0.6250000000
O             0.0000060846        0.4999990242        0.8750025590
O             0.0000004829        0.7500001069        0.1250000000
O             0.0000060846        0.7500009758        0.3749974410
O             0.0000184504        0.7500015923        0.6250000000
O             0.0000060846        0.7500009758        0.8750025590
O             0.2499999489        0.0000000511        0.1250000000
O             0.2499996559        0.0000003441        0.3749997102
O             0.2499913207        0.0000086793        0.6250000000
O             0.2499996559        0.0000003441        0.8750002898
O             0.2499999489        0.2499999489        0.1250000000
O             0.2499996559        0.2499996559        0.3749997102
O             0.2499913207        0.2499913207        0.6250000000
O             0.2499996559        0.2499996559        0.8750002898
O             0.2499995171        0.4999998931        0.1250000000
O             0.2499939154        0.4999990242        0.3749974410
O             0.2499815496        0.4999984077        0.6250000000
O             0.2499939154        0.4999990242        0.8750025590
O             0.2499995171        0.7500001069        0.1250000000
O             0.2499939154        0.7500009758        0.3749974410
O             0.2499815496        0.7500015923        0.6250000000
O             0.2499939154        0.7500009758        0.8750025590
O             0.4999998931        0.0000004829        0.1250000000
O             0.4999990242        0.0000060846        0.3749974410
O             0.4999984077        0.0000184504        0.6250000000
O             0.4999990242        0.0000060846        0.8750025590
O             0.4999998931        0.2499995171        0.1250000000
O             0.4999990242        0.2499939154        0.3749974410
O             0.4999984077        0.2499815496        0.6250000000
O             0.4999990242        0.2499939154        0.8750025590
O             0.5000008718        0.5000008718        0.1250000000
O             0.4999935734        0.4999935734        0.3749646998
O             0.4996656455        0.4996656455        0.6250000000
O             0.4999935734        0.4999935734        0.8750353002
O             0.5000008718        0.7499991282        0.1250000000
O             0.4999935734        0.7500064266        0.3749646998
O             0.4996656455        0.7503343545        0.6250000000
O             0.4999935734        0.7500064266        0.8750353002
O             0.7500001069        0.0000004829        0.1250000000
O             0.7500009758        0.0000060846        0.3749974410
O             0.7500015923        0.0000184504        0.6250000000
O             0.7500009758        0.0000060846        0.8750025590
O             0.7500001069        0.2499995171        0.1250000000
O             0.7500009758        0.2499939154        0.3749974410
O             0.7500015923        0.2499815496        0.6250000000
O             0.7500009758        0.2499939154        0.8750025590
O             0.7499991282        0.5000008718        0.1250000000
O             0.7500064266        0.4999935734        0.3749646998
O             0.7503343545        0.4996656455        0.6250000000
O             0.7500064266        0.4999935734        0.8750353002
O             0.7499991282        0.7499991282        0.1250000000
O             0.7500064266        0.7500064266        0.3749646998
O             0.7503343545        0.7503343545        0.6250000000
O             0.7500064266        0.7500064266        0.8750353002
O             0.1250000000        0.1250000000        0.1250000000
O             0.1250000000        0.1250000000        0.3750000167
O             0.1250000000        0.1250000000        0.6250000000
O             0.1250000000        0.1250000000        0.8749999833
O             0.1250000000        0.3750000167        0.1250000000
O             0.1250000000        0.3749996691        0.3749996691
O             0.1250000000        0.3749989794        0.6250000000
O             0.1250000000        0.3749996691        0.8750003309
O             0.1250000000        0.6250000000        0.1250000000
O             0.1250000000        0.6250000000        0.3749989794
O             0.1250000000        0.6250000000        0.6250000000
O             0.1250000000        0.6250000000        0.8750010206
O             0.1250000000        0.8749999833        0.1250000000
O             0.1250000000        0.8750003309        0.3749996691
O             0.1250000000        0.8750010206        0.6250000000
O             0.1250000000        0.8750003309        0.8750003309
O             0.3750000167        0.1250000000        0.1250000000
O             0.3749996691        0.1250000000        0.3749996691
O             0.3749989794        0.1250000000        0.6250000000
O             0.3749996691        0.1250000000        0.8750003309
O             0.3749996691        0.3749996691        0.1250000000
O             0.3749973150        0.3749973150        0.3749973150
O             0.3749409591        0.3749409591        0.6250000000
O             0.3749973150        0.3749973150        0.8750026850
O             0.3749989794        0.6250000000        0.1250000000
O             0.3749409591        0.6250000000        0.3749409591
O             0.3749188207        0.6250000000        0.6250000000
O             0.3749409591        0.6250000000        0.8750590409
O             0.3749996691        0.8750003309        0.1250000000
O             0.3749973150        0.8750026850        0.3749973150
O             0.3749409591        0.8750590409        0.6250000000
O             0.3749973150        0.8750026850        0.8750026850
O             0.6250000000        0.1250000000        0.1250000000
O             0.6250000000        0.1250000000        0.3749989794
O             0.6250000000        0.1250000000        0.6250000000
O             0.6250000000        0.1250000000        0.8750010206
O             0.6250000000        0.3749989794        0.1250000000
O             0.6250000000        0.3749409591        0.3749409591
O             0.6250000000        0.3749188207        0.6250000000
O             0.6250000000        0.3749409591        0.8750590409
O             0.6250000000        0.6250000000        0.1250000000
O             0.6250000000        0.6250000000        0.3749188207
O             0.6250000000        0.6250000000        0.8750811793
O             0.6250000000        0.8750010206        0.1250000000
O             0.6250000000        0.8750590409        0.3749409591
O             0.6250000000        0.8750811793        0.6250000000
O             0.6250000000        0.8750590409        0.8750590409
O             0.8749999833        0.1250000000        0.1250000000
O             0.8750003309        0.1250000000        0.3749996691
O             0.8750010206        0.1250000000        0.6250000000
O             0.8750003309        0.1250000000        0.8750003309
O             0.8750003309        0.3749996691        0.1250000000
O             0.8750026850        0.3749973150        0.3749973150
O             0.8750590409        0.3749409591        0.6250000000
O             0.8750026850        0.3749973150        0.8750026850
O             0.8750010206        0.6250000000        0.1250000000
O             0.8750590409        0.6250000000        0.3749409591
O             0.8750811793        0.6250000000        0.6250000000
O             0.8750590409        0.6250000000        0.8750590409
O             0.8750003309        0.8750003309        0.1250000000
O             0.8750026850        0.8750026850        0.3749973150
O             0.8750590409        0.8750590409        0.6250000000
O             0.8750026850        0.8750026850        0.8750026850
O             0.1250000000        0.0000000511        0.0000000511
O             0.1250000000        0.0000000511        0.2499999489
O             0.1250000000        0.0000004829        0.4999998931
O             0.1250000000        0.0000004829        0.7500001069
O             0.1250000000        0.2499999489        0.0000000511
O             0.1250000000        0.2499999489        0.2499999489
O             0.1250000000        0.2499995171        0.4999998931
O             0.1250000000        0.2499995171        0.7500001069
O             0.1250000000        0.4999998931        0.0000004829
O             0.1250000000        0.4999998931        0.2499995171
O             0.1250000000        0.5000008718        0.5000008718
O             0.1250000000        0.5000008718        0.7499991282
O             0.1250000000        0.7500001069        0.0000004829
O             0.1250000000        0.7500001069        0.2499995171
O             0.1250000000        0.7499991282        0.5000008718
O             0.1250000000        0.7499991282        0.7499991282
O             0.3749997102        0.0000003441        0.0000003441
O             0.3749997102        0.0000003441        0.2499996559
O             0.3749974410        0.0000060846        0.4999990242
O             0.3749974410        0.0000060846        0.7500009758
O             0.3749997102        0.2499996559        0.0000003441
O             0.3749997102        0.2499996559        0.2499996559
O             0.3749974410        0.2499939154        0.4999990242
O             0.3749974410        0.2499939154        0.7500009758
O             0.3749974410        0.4999990242        0.0000060846
O             0.3749974410        0.4999990242        0.2499939154
O             0.3749646998        0.4999935734        0.4999935734
O             0.3749646998        0.4999935734        0.7500064266
O             0.3749974410        0.7500009758        0.0000060846
O             0.3749974410        0.7500009758        0.2499939154
O             0.3749646998        0.7500064266        0.4999935734
O             0.3749646998        0.7500064266        0.7500064266
O             0.6250000000        0.0000086793        0.0000086793
O             0.6250000000        0.0000086793        0.2499913207
O             0.6250000000        0.0000184504        0.4999984077
O             0.6250000000        0.0000184504        0.7500015923
O             0.6250000000        0.2499913207        0.0000086793
O             0.6250000000        0.2499913207        0.2499913207
O             0.6250000000        0.2499815496        0.4999984077
O             0.6250000000        0.2499815496        0.7500015923
O             0.6250000000        0.4999984077        0.0000184504
O             0.6250000000        0.4999984077        0.2499815496
O             0.6250000000        0.4996656455        0.4996656455
O             0.6250000000        0.4996656455        0.7503343545
O             0.6250000000        0.7500015923        0.0000184504
O             0.6250000000        0.7500015923        0.2499815496
O             0.6250000000        0.7503343545        0.4996656455
O             0.6250000000        0.7503343545        0.7503343545
O             0.8750002898        0.0000003441        0.0000003441
O             0.8750002898        0.0000003441        0.2499996559
O             0.8750025590        0.0000060846        0.4999990242
O             0.8750025590        0.0000060846        0.7500009758
O             0.8750002898        0.2499996559        0.0000003441
O             0.8750002898        0.2499996559        0.2499996559
O             0.8750025590        0.2499939154        0.4999990242
O             0.8750025590        0.2499939154        0.7500009758
O             0.8750025590        0.4999990242        0.0000060846
O             0.8750025590        0.4999990242        0.2499939154
O             0.8750353002        0.4999935734        0.4999935734
O             0.8750353002        0.4999935734        0.7500064266
O             0.8750025590        0.7500009758        0.0000060846
O             0.8750025590        0.7500009758        0.2499939154
O             0.8750353002        0.7500064266        0.4999935734
O             0.8750353002        0.7500064266        0.7500064266
