&CONTROL
calculation = 'scf'
restart_mode = 'from_scratch'
prefix = 'pwscf'
pseudo_dir = '/home/jinyuchem/program/QE/pseudo-potential'
outdir = './'
wf_collect = .TRUE.
tprnfor = .TRUE.
verbosity = 'high'
forc_conv_thr = 0.00039
nstep = 100
/
&SYSTEM
ibrav = 0
nat = 999
ntyp = 2
ecutwfc = 60
tot_charge = 0
nspin = 2
tot_magnetization = 2
nbnd = 2016
/
&ELECTRONS
electron_maxstep = 600
conv_thr = 1.0d-8
mixing_mode = 'plain'
mixing_beta = 0.3
diagonalization = 'david'
diago_full_acc = .TRUE.
startingpot = 'atomic'
startingwfc = 'atomic+random'
/
&IONS
ion_dynamics='bfgs'
ion_positions='default'
/
ATOMIC_SPECIES
C  12.0107      C_ONCV_PBE-1.0.upf
Si 28.0855      Si_ONCV_PBE-1.1.upf
CELL_PARAMETERS angstrom
17.84 0.0 0.0
0.0 17.84 0.0
0.0 0.0 17.84
K_POINTS gamma
ATOMIC_POSITIONS crystal
C        0.000248493   0.000248493   0.000248493
C        0.000495732   0.100326241   0.100326241
C        0.100326241   0.100326241   0.000495732
C        0.100326241   0.000495732   0.100326241
C        0.150412761   0.050560310   0.150412761
C        0.050349792   0.050349792   0.050349792
C        0.050560310   0.150412761   0.150412761
C        0.150412761   0.150412761   0.050560310
C        0.000403787   0.000403787   0.200212391
C        0.000541317   0.100335728   0.300318942
C        0.100001732   0.100001732   0.800574958
C        0.100053378   0.000186471   0.900407104
C        0.200212391   0.000403787   0.000403787
C        0.300318942   0.000541317   0.100335728
C        0.800574958   0.100001732   0.100001732
C        0.900407104   0.100053378   0.000186471
C        0.000403787   0.200212391   0.000403787
C        0.100335728   0.300318942   0.000541317
C        0.100001732   0.800574958   0.100001732
C        0.000186471   0.900407104   0.100053378
C        0.150177375   0.050269002   0.950489383
C        0.050023906   0.050023906   0.850436420
C        0.050549296   0.150397681   0.350422818
C        0.150626151   0.150626151   0.250543647
C        0.150626151   0.250543647   0.150626151
C        0.150397681   0.350422818   0.050549296
C        0.050023906   0.850436420   0.050023906
C        0.050269002   0.950489383   0.150177375
C        0.350422818   0.050549296   0.150397681
C        0.250543647   0.150626151   0.150626151
C        0.950489383   0.150177375   0.050269002
C        0.850436420   0.050023906   0.050023906
C        0.050269002   0.150177375   0.950489383
C        0.150397681   0.050549296   0.350422818
C        0.950489383   0.050269002   0.150177375
C        0.350422818   0.150397681   0.050549296
C        0.150177375   0.950489383   0.050269002
C        0.050549296   0.350422818   0.150397681
C        0.100335728   0.000541317   0.300318942
C        0.000186471   0.100053378   0.900407104
C        0.100053378   0.900407104   0.000186471
C        0.000541317   0.300318942   0.100335728
C        0.900407104   0.000186471   0.100053378
C        0.300318942   0.100335728   0.000541317
C        0.200446942   0.100542043   0.100542043
C        0.800312042  -0.000084473  -0.000084473
C        0.100542043   0.200446942   0.100542043
C       -0.000084473   0.800312042  -0.000084473
C        0.150057804   0.150057804   0.850651230
C        0.050467534   0.050467534   0.250323537
C        0.250323537   0.050467534   0.050467534
C        0.850651230   0.150057804   0.150057804
C        0.150057804   0.850651230   0.150057804
C        0.050467534   0.250323537   0.050467534
C        0.100542043   0.100542043   0.200446942
C       -0.000084473  -0.000084473   0.800312042
C        0.000222911   0.000222911   0.400248437
C        0.000174855   0.099998566   0.500396558
C        0.099965179   0.099965179   0.600560134
C        0.099820057  -0.000037917   0.700448746
C        0.400248437   0.000222911   0.000222911
C        0.500396558   0.000174855   0.099998566
C        0.600560134   0.099965179   0.099965179
C        0.700448746   0.099820057  -0.000037917
C        0.000222911   0.400248437   0.000222911
C        0.099998566   0.500396558   0.000174855
C        0.099965179   0.600560134   0.099965179
C       -0.000037917   0.700448746   0.099820057
C        0.149886355   0.049955960   0.750558315
C        0.049896302   0.049896302   0.650452247
C        0.050059561   0.149978784   0.550515719
C        0.150358248   0.150358248   0.450614277
C        0.150358248   0.450614277   0.150358248
C        0.149978784   0.550515719   0.050059561
C        0.049896302   0.650452247   0.049896302
C        0.049955960   0.750558315   0.149886355
C        0.550515719   0.050059561   0.149978784
C        0.450614277   0.150358248   0.150358248
C        0.750558315   0.149886355   0.049955960
C        0.650452247   0.049896302   0.049896302
C        0.049955960   0.149886355   0.750558315
C        0.149978784   0.050059561   0.550515719
C        0.750558315   0.049955960   0.149886355
C        0.550515719   0.149978784   0.050059561
C        0.149886355   0.750558315   0.049955960
C        0.050059561   0.550515719   0.149978784
C        0.099998566   0.000174855   0.500396558
C       -0.000037917   0.099820057   0.700448746
C        0.099820057   0.700448746  -0.000037917
C        0.000174855   0.500396558   0.099998566
C        0.700448746  -0.000037917   0.099820057
C        0.500396558   0.099998566   0.000174855
C        0.400467098   0.100404378   0.100404378
C        0.600307601  -0.000115021  -0.000115021
C        0.100404378   0.400467098   0.100404378
C       -0.000115021   0.600307601  -0.000115021
C        0.149894725   0.149894725   0.650677087
C        0.050228513   0.050228513   0.450389617
C        0.450389617   0.050228513   0.050228513
C        0.650677087   0.149894725   0.149894725
C        0.149894725   0.650677087   0.149894725
C        0.050228513   0.450389617   0.050228513
C        0.100404378   0.100404378   0.400467098
C       -0.000115021  -0.000115021   0.600307601
C        0.000637110   0.200345311   0.200345311
C        0.000115984   0.900399763   0.300064124
C        0.099837240   0.300000427   0.800617192
C        0.099715604   0.800250715   0.900060863
C        0.200345311   0.000637110   0.200345311
C        0.300064124   0.000115984   0.900399763
C        0.800617192   0.099837240   0.300000427
C        0.900060863   0.099715604   0.800250715
C        0.200345311   0.200345311   0.000637110
C        0.900399763   0.300064124   0.000115984
C        0.300000427   0.800617192   0.099837240
C        0.800250715   0.900060863   0.099715604
C        0.350200753   0.050162944   0.950432078
C        0.850084471   0.049687956   0.850084471
C        0.250674615   0.150733091   0.350666083
C        0.950623542   0.150230574   0.250237699
C        0.150230574   0.250237699   0.950623542
C        0.150733091   0.350666083   0.250674615
C        0.049687956   0.850084471   0.850084471
C        0.050162944   0.950432078   0.350200753
C        0.350666083   0.250674615   0.150733091
C        0.250237699   0.950623542   0.150230574
C        0.950432078   0.350200753   0.050162944
C        0.850084471   0.850084471   0.049687956
C        0.050162944   0.350200753   0.950432078
C        0.150230574   0.950623542   0.250237699
C        0.150733091   0.250674615   0.350666083
C        0.950432078   0.050162944   0.350200753
C        0.250237699   0.150230574   0.950623542
C        0.350666083   0.150733091   0.250674615
C        0.350200753   0.950432078   0.050162944
C        0.950623542   0.250237699   0.150230574
C        0.250674615   0.350666083   0.150733091
C        0.900399763   0.000115984   0.300064124
C        0.800250715   0.099715604   0.900060863
C        0.300000427   0.099837240   0.800617192
C        0.099837240   0.800617192   0.300000427
C        0.099715604   0.900060863   0.800250715
C        0.000115984   0.300064124   0.900399763
C        0.900060863   0.800250715   0.099715604
C        0.800617192   0.300000427   0.099837240
C        0.300064124   0.900399763   0.000115984
C        0.000527544   0.300287514   0.300287514
C        0.000021568   0.800478933   0.199891874
C        0.100165067   0.200143942   0.900601110
C        0.200567055   0.100682561   0.300522045
C        0.800478933   0.000021568   0.199891874
C        0.900103541  -0.000100464   0.900103541
C        0.200567055   0.300522045   0.100682561
C        0.900601110   0.200143942   0.100165067
C        0.799976093   0.799976093  -0.000436420
C        0.350078556   0.149861099   0.850597228
C        0.850348075   0.149856337   0.950118806
C        0.250429060   0.050649336   0.250429060
C        0.149861099   0.350078556   0.850597228
C        0.050045824   0.950233803   0.950233803
C        0.050027997   0.850554800   0.250004593
C        0.350347876   0.350347876   0.050370343
C        0.250004593   0.850554800   0.050027997
C        0.850348075   0.950118806   0.149856337
C        0.050027997   0.250004593   0.850554800
C        0.149861099   0.850597228   0.350078556
C        0.250004593   0.050027997   0.850554800
C        0.350347876   0.050370343   0.350347876
C        0.350078556   0.850597228   0.149861099
C        0.250429060   0.250429060   0.050649336
C        0.900601110   0.100165067   0.200143942
C        0.799976093  -0.000436420   0.799976093
C        0.100165067   0.900601110   0.200143942
C        0.000021568   0.199891874   0.800478933
C        0.900103541   0.900103541  -0.000100464
C        0.800478933   0.199891874   0.000021568
C        0.100682561   0.200567055   0.300522045
C       -0.000436420   0.799976093   0.799976093
C        0.300287514   0.000527544   0.300287514
C        0.199891874   0.000021568   0.800478933
C        0.300522045   0.200567055   0.100682561
C        0.199891874   0.800478933   0.000021568
C        0.950233803   0.050045824   0.950233803
C        0.850597228   0.149861099   0.350078556
C        0.050370343   0.350347876   0.350347876
C        0.149856337   0.850348075   0.950118806
C        0.850597228   0.350078556   0.149861099
C        0.950118806   0.850348075   0.149856337
C        0.050649336   0.250429060   0.250429060
C        0.850554800   0.050027997   0.250004593
C        0.850554800   0.250004593   0.050027997
C        0.200143942   0.100165067   0.900601110
C       -0.000100464   0.900103541   0.900103541
C        0.200143942   0.900601110   0.100165067
C        0.100682561   0.300522045   0.200567055
C        0.300522045   0.100682561   0.200567055
C        0.300287514   0.300287514   0.000527544
C        0.950118806   0.149856337   0.850348075
C        0.149856337   0.950118806   0.850348075
C        0.950233803   0.950233803   0.050045824
C        0.000433540   0.200180988   0.400361349
C       -0.000234151   0.900074925   0.500111088
C        0.099712767   0.299975689   0.600635829
C        0.099441684   0.800044043   0.700113641
C        0.400361349   0.000433540   0.200180988
C        0.500111088  -0.000234151   0.900074925
C        0.600635829   0.099712767   0.299975689
C        0.700113641   0.099441684   0.800044043
C        0.200180988   0.400361349   0.000433540
C        0.900074925   0.500111088  -0.000234151
C        0.299975689   0.600635829   0.099712767
C        0.800044043   0.700113641   0.099441684
C        0.349921853   0.049642181   0.750539263
C        0.849978434   0.049521069   0.650108118
C        0.249973520   0.149834955   0.550703523
C        0.950358930   0.149976365   0.450290864
C        0.149976365   0.450290864   0.950358930
C        0.149834955   0.550703523   0.249973520
C        0.049521069   0.650108118   0.849978434
C        0.049642181   0.750539263   0.349921853
C        0.550703523   0.249973520   0.149834955
C        0.450290864   0.950358930   0.149976365
C        0.750539263   0.349921853   0.049642181
C        0.650108118   0.849978434   0.049521069
C        0.049521069   0.849978434   0.650108118
C        0.049642181   0.349921853   0.750539263
C        0.149976365   0.950358930   0.450290864
C        0.149834955   0.249973520   0.550703523
C        0.650108118   0.049521069   0.849978434
C        0.750539263   0.049642181   0.349921853
C        0.450290864   0.149976365   0.950358930
C        0.550703523   0.149834955   0.249973520
C        0.849978434   0.650108118   0.049521069
C        0.349921853   0.750539263   0.049642181
C        0.950358930   0.450290864   0.149976365
C        0.249973520   0.550703523   0.149834955
C        0.900074925  -0.000234151   0.500111088
C        0.200180988   0.000433540   0.400361349
C        0.800044043   0.099441684   0.700113641
C        0.299975689   0.099712767   0.600635829
C        0.099712767   0.600635829   0.299975689
C        0.099441684   0.700113641   0.800044043
C        0.000433540   0.400361349   0.200180988
C       -0.000234151   0.500111088   0.900074925
C        0.700113641   0.800044043   0.099441684
C        0.600635829   0.299975689   0.099712767
C        0.500111088   0.900074925  -0.000234151
C        0.400361349   0.200180988   0.000433540
C        0.000061822   0.300015376   0.500342402
C       -0.000322467   0.800312358   0.399936787
C        0.099884530   0.199914933   0.700641376
C        0.099637190   0.900076244   0.600257181
C        0.400521322   0.100368170   0.300398472
C        0.500078140   0.099460742   0.800357826
C        0.600465900  -0.000015745   0.199854895
C        0.700143655  -0.000348073   0.899881197
C        0.200113757   0.500585346   0.100118201
C        0.900441453   0.400187399   0.099921816
C        0.299841698   0.700440885  -0.000231530
C        0.799972005   0.599995397  -0.000554799
C        0.349950606   0.149352708   0.650868605
C        0.850037921   0.149551249   0.750179942
C        0.250194440   0.050277221   0.450453430
C        0.950053779   0.049811027   0.550259380
C        0.149559118   0.550158294   0.850231536
C        0.150071987   0.450605302   0.350372050
C        0.049749285   0.750284391   0.949939140
C        0.049817564   0.650571012   0.249877512
C        0.550439202   0.350037814   0.049790930
C        0.450063200   0.850322471   0.049687647
C        0.750732984   0.249918552   0.149815835
C        0.650370763   0.950000161   0.149712114
C        0.049749285   0.949939140   0.750284391
C        0.049817564   0.249877512   0.650571012
C        0.149559118   0.850231536   0.550158294
C        0.150071987   0.350372050   0.450605302
C        0.650370763   0.149712114   0.950000161
C        0.750732984   0.149815835   0.249918552
C        0.450063200   0.049687647   0.850322471
C        0.550439202   0.049790930   0.350037814
C        0.850037921   0.750179942   0.149551249
C        0.349950606   0.650868605   0.149352708
C        0.950053779   0.550259380   0.049811027
C        0.250194440   0.450453430   0.050277221
C        0.900441453   0.099921816   0.400187399
C        0.200113757   0.100118201   0.500585346
C        0.799972005  -0.000554799   0.599995397
C        0.299841698  -0.000231530   0.700440885
C        0.099884530   0.700641376   0.199914933
C        0.099637190   0.600257181   0.900076244
C        0.000061822   0.500342402   0.300015376
C       -0.000322467   0.399936787   0.800312358
C        0.700143655   0.899881197  -0.000348073
C        0.600465900   0.199854895  -0.000015745
C        0.500078140   0.800357826   0.099460742
C        0.400521322   0.300398472   0.100368170
C        0.100118201   0.200113757   0.500585346
C        0.099921816   0.900441453   0.400187399
C       -0.000231530   0.299841698   0.700440885
C       -0.000554799   0.799972005   0.599995397
C        0.500342402   0.000061822   0.300015376
C        0.399936787  -0.000322467   0.800312358
C        0.700641376   0.099884530   0.199914933
C        0.600257181   0.099637190   0.900076244
C        0.300398472   0.400521322   0.100368170
C        0.800357826   0.500078140   0.099460742
C        0.199854895   0.600465900  -0.000015745
C        0.899881197   0.700143655  -0.000348073
C        0.249877512   0.049817564   0.650571012
C        0.949939140   0.049749285   0.750284391
C        0.350372050   0.150071987   0.450605302
C        0.850231536   0.149559118   0.550158294
C        0.049687647   0.450063200   0.850322471
C        0.049790930   0.550439202   0.350037814
C        0.149712114   0.650370763   0.950000161
C        0.149815835   0.750732984   0.249918552
C        0.450453430   0.250194440   0.050277221
C        0.550259380   0.950053779   0.049811027
C        0.650868605   0.349950606   0.149352708
C        0.750179942   0.850037921   0.149551249
C        0.149551249   0.850037921   0.750179942
C        0.149352708   0.349950606   0.650868605
C        0.049811027   0.950053779   0.550259380
C        0.050277221   0.250194440   0.450453430
C        0.750284391   0.049749285   0.949939140
C        0.650571012   0.049817564   0.249877512
C        0.550158294   0.149559118   0.850231536
C        0.450605302   0.150071987   0.350372050
C        0.950000161   0.650370763   0.149712114
C        0.249918552   0.750732984   0.149815835
C        0.850322471   0.450063200   0.049687647
C        0.350037814   0.550439202   0.049790930
C        0.800312358  -0.000322467   0.399936787
C        0.300015376   0.000061822   0.500342402
C        0.900076244   0.099637190   0.600257181
C        0.199914933   0.099884530   0.700641376
C       -0.000015745   0.600465900   0.199854895
C       -0.000348073   0.700143655   0.899881197
C        0.100368170   0.400521322   0.300398472
C        0.099460742   0.500078140   0.800357826
C        0.599995397   0.799972005  -0.000554799
C        0.700440885   0.299841698  -0.000231530
C        0.400187399   0.900441453   0.099921816
C        0.500585346   0.200113757   0.100118201
C        0.100368170   0.300398472   0.400521322
C        0.099460742   0.800357826   0.500078140
C       -0.000015745   0.199854895   0.600465900
C       -0.000348073   0.899881197   0.700143655
C        0.500585346   0.100118201   0.200113757
C        0.400187399   0.099921816   0.900441453
C        0.700440885  -0.000231530   0.299841698
C        0.599995397  -0.000554799   0.799972005
C        0.300015376   0.500342402   0.000061822
C        0.800312358   0.399936787  -0.000322467
C        0.199914933   0.700641376   0.099884530
C        0.900076244   0.600257181   0.099637190
C        0.249918552   0.149815835   0.750732984
C        0.950000161   0.149712114   0.650370763
C        0.350037814   0.049790930   0.550439202
C        0.850322471   0.049687647   0.450063200
C        0.049811027   0.550259380   0.950053779
C        0.050277221   0.450453430   0.250194440
C        0.149551249   0.750179942   0.850037921
C        0.149352708   0.650868605   0.349950606
C        0.450605302   0.350372050   0.150071987
C        0.550158294   0.850231536   0.149559118
C        0.650571012   0.249877512   0.049817564
C        0.750284391   0.949939140   0.049749285
C        0.149712114   0.950000161   0.650370763
C        0.149815835   0.249918552   0.750732984
C        0.049687647   0.850322471   0.450063200
C        0.049790930   0.350037814   0.550439202
C        0.750179942   0.149551249   0.850037921
C        0.650868605   0.149352708   0.349950606
C        0.550259380   0.049811027   0.950053779
C        0.450453430   0.050277221   0.250194440
C        0.949939140   0.750284391   0.049749285
C        0.249877512   0.650571012   0.049817564
C        0.850231536   0.550158294   0.149559118
C        0.350372050   0.450605302   0.150071987
C        0.800357826   0.099460742   0.500078140
C        0.300398472   0.100368170   0.400521322
C        0.899881197  -0.000348073   0.700143655
C        0.199854895  -0.000015745   0.600465900
C       -0.000231530   0.700440885   0.299841698
C       -0.000554799   0.599995397   0.799972005
C        0.100118201   0.500585346   0.200113757
C        0.099921816   0.400187399   0.900441453
C        0.600257181   0.900076244   0.099637190
C        0.700641376   0.199914933   0.099884530
C        0.399936787   0.800312358  -0.000322467
C        0.500342402   0.300015376   0.000061822
C        0.000102290   0.400178304   0.400178304
C       -0.000597226   0.700138904   0.499921435
C        0.099316527   0.500139364   0.600345464
C        0.099267019   0.600081446   0.700184168
C        0.400178304   0.000102290   0.400178304
C        0.499921435  -0.000597226   0.700138904
C        0.600345464   0.099316527   0.500139364
C        0.700184168   0.099267019   0.600081446
C        0.400178304   0.400178304   0.000102290
C        0.700138904   0.499921435  -0.000597226
C        0.500139364   0.600345464   0.099316527
C        0.600081446   0.700184168   0.099267019
C        0.549999565   0.049382812   0.750162763
C        0.650037566   0.049291774   0.650037566
C        0.450212810   0.149393802   0.550556858
C        0.750590296   0.149379433   0.450027093
C        0.149379433   0.450027093   0.750590296
C        0.149393802   0.550556858   0.450212810
C        0.049291774   0.650037566   0.650037566
C        0.049382812   0.750162763   0.549999565
C        0.550556858   0.450212810   0.149393802
C        0.450027093   0.750590296   0.149379433
C        0.750162763   0.549999565   0.049382812
C        0.650037566   0.650037566   0.049291774
C        0.049382812   0.549999565   0.750162763
C        0.149379433   0.750590296   0.450027093
C        0.149393802   0.450212810   0.550556858
C        0.750162763   0.049382812   0.549999565
C        0.450027093   0.149379433   0.750590296
C        0.550556858   0.149393802   0.450212810
C        0.549999565   0.750162763   0.049382812
C        0.750590296   0.450027093   0.149379433
C        0.450212810   0.550556858   0.149393802
C        0.700138904  -0.000597226   0.499921435
C        0.600081446   0.099267019   0.700184168
C        0.500139364   0.099316527   0.600345464
C        0.099316527   0.600345464   0.500139364
C        0.099267019   0.700184168   0.600081446
C       -0.000597226   0.499921435   0.700138904
C        0.700184168   0.600081446   0.099267019
C        0.600345464   0.500139364   0.099316527
C        0.499921435   0.700138904  -0.000597226
C       -0.000415813   0.500080881   0.500080881
C       -0.000376283   0.600273374   0.399927694
C        0.099409709   0.399972903   0.700620574
C        0.400223598   0.099756273   0.500456561
C        0.600273374  -0.000376283   0.399927694
C        0.699942192  -0.000651231   0.699942192
C        0.400223598   0.500456561   0.099756273
C        0.700620574   0.399972903   0.099409709
C        0.599996085   0.599996085  -0.000680340
C        0.550122332   0.149230531   0.650350977
C        0.650085066   0.149358624   0.750115474
C        0.450244446   0.049802841   0.450244446
C        0.149230531   0.550122332   0.650350977
C        0.049425042   0.749998266   0.749998266
C        0.049437849   0.650351271   0.449979070
C        0.550143706   0.550143706   0.049373734
C        0.449979070   0.650351271   0.049437849
C        0.650085066   0.750115474   0.149358624
C        0.049437849   0.449979070   0.650351271
C        0.149230531   0.650350977   0.550122332
C        0.449979070   0.049437849   0.650351271
C        0.550143706   0.049373734   0.550143706
C        0.550122332   0.650350977   0.149230531
C        0.450244446   0.450244446   0.049802841
C        0.700620574   0.099409709   0.399972903
C        0.599996085  -0.000680340   0.599996085
C        0.099409709   0.700620574   0.399972903
C       -0.000376283   0.399927694   0.600273374
C        0.699942192   0.699942192  -0.000651231
C        0.600273374   0.399927694  -0.000376283
C        0.099756273   0.400223598   0.500456561
C       -0.000680340   0.599996085   0.599996085
C        0.500080881  -0.000415813   0.500080881
C        0.399927694  -0.000376283   0.600273374
C        0.500456561   0.400223598   0.099756273
C        0.399927694   0.600273374  -0.000376283
C        0.749998266   0.049425042   0.749998266
C        0.650350977   0.149230531   0.550122332
C        0.049373734   0.550143706   0.550143706
C        0.149358624   0.650085066   0.750115474
C        0.650350977   0.550122332   0.149230531
C        0.750115474   0.650085066   0.149358624
C        0.049802841   0.450244446   0.450244446
C        0.650351271   0.049437849   0.449979070
C        0.650351271   0.449979070   0.049437849
C        0.399972903   0.099409709   0.700620574
C       -0.000651231   0.699942192   0.699942192
C        0.399972903   0.700620574   0.099409709
C        0.099756273   0.500456561   0.400223598
C        0.500456561   0.099756273   0.400223598
C        0.500080881   0.500080881  -0.000415813
C        0.750115474   0.149358624   0.650085066
C        0.149358624   0.750115474   0.650085066
C        0.749998266   0.749998266   0.049425042
C        0.200707660   0.200707660   0.200707660
C        0.800188978   0.899946226   0.299740607
C        0.899946226   0.299740607   0.800188978
C        0.299740607   0.800188978   0.899946226
C        0.350224423   0.250125437   0.950514936
C        0.849751503   0.849751503   0.849751503
C        0.250125437   0.950514936   0.350224423
C        0.950514936   0.350224423   0.250125437
C        0.250125437   0.350224423   0.950514936
C        0.350224423   0.950514936   0.250125437
C        0.950514936   0.250125437   0.350224423
C        0.899946226   0.800188978   0.299740607
C        0.800188978   0.299740607   0.899946226
C        0.299740607   0.899946226   0.800188978
C        0.201102284   0.300938118   0.300938118
C        0.800103703   0.800103703   0.199547747
C        0.900238612   0.199882991   0.900238612
C        0.349919118   0.349919118   0.850415821
C        0.850100460   0.949896457   0.949896457
C        0.250003912   0.850680341   0.250003912
C        0.250003912   0.250003912   0.850680341
C        0.349919118   0.850415821   0.349919118
C        0.900238612   0.900238612   0.199882991
C        0.800103703   0.199547747   0.800103703
C        0.300938118   0.201102284   0.300938118
C        0.199547747   0.800103703   0.800103703
C        0.949896457   0.850100460   0.949896457
C        0.850415821   0.349919118   0.349919118
C        0.850680341   0.250003912   0.250003912
C        0.199882991   0.900238612   0.900238612
C        0.300938118   0.300938118   0.201102284
C        0.949896457   0.949896457   0.850100460
C        0.200639471   0.200639471   0.400696502
C        0.799837059   0.899567926   0.499799233
C        0.899928215   0.299697329   0.600168180
C        0.299484274   0.799940447   0.700021219
C        0.400696502   0.200639471   0.200639471
C        0.499799233   0.799837059   0.899567926
C        0.600168180   0.899928215   0.299697329
C        0.700021219   0.299484274   0.799940447
C        0.200639471   0.400696502   0.200639471
C        0.899567926   0.499799233   0.799837059
C        0.299697329   0.600168180   0.899928215
C        0.799940447   0.700021219   0.299484274
C        0.349860639   0.249654540   0.750683479
C        0.849596212   0.849596212   0.649787598
C        0.249831818   0.950071797   0.550302665
C        0.950114090   0.350000148   0.450155065
C        0.350000148   0.450155065   0.950114090
C        0.950071797   0.550302665   0.249831818
C        0.849596212   0.649787598   0.849596212
C        0.249654540   0.750683479   0.349860639
C        0.550302665   0.249831818   0.950071797
C        0.450155065   0.950114090   0.350000148
C        0.750683479   0.349860639   0.249654540
C        0.649787598   0.849596212   0.849596212
C        0.249654540   0.349860639   0.750683479
C        0.350000148   0.950114090   0.450155065
C        0.950071797   0.249831818   0.550302665
C        0.750683479   0.249654540   0.349860639
C        0.450155065   0.350000148   0.950114090
C        0.550302665   0.950071797   0.249831818
C        0.349860639   0.750683479   0.249654540
C        0.950114090   0.450155065   0.350000148
C        0.249831818   0.550302665   0.950071797
C        0.899567926   0.799837059   0.499799233
C        0.799940447   0.299484274   0.700021219
C        0.299697329   0.899928215   0.600168180
C        0.899928215   0.600168180   0.299697329
C        0.299484274   0.700021219   0.799940447
C        0.799837059   0.499799233   0.899567926
C        0.700021219   0.799940447   0.299484274
C        0.600168180   0.299697329   0.899928215
C        0.499799233   0.899567926   0.799837059
C        0.199836544   0.300162855   0.500858207
C        0.799771492   0.799771492   0.399610370
C        0.899999847   0.199629234   0.700287885
C        0.401707038   0.301890254   0.301890254
C        0.600122486   0.800182444   0.199428991
C        0.700287885   0.199629234   0.899999847
C        0.199836544   0.500858207   0.300162855
C        0.899984754   0.399922499   0.899984754
C        0.800182444   0.600122486   0.199428991
C        0.349577647   0.349577647   0.650664639
C        0.849813527   0.949592896   0.749946614
C        0.249726627   0.850376291   0.450072300
C        0.349657595   0.549984623   0.849938190
C        0.849813527   0.749946614   0.949592896
C        0.249715797   0.650911335   0.249715797
C        0.549984623   0.349657595   0.849938190
C        0.450072300   0.850376291   0.249726627
C        0.650116997   0.949761391   0.949761391
C        0.249715797   0.249715797   0.650911335
C        0.349657595   0.849938190   0.549984623
C        0.450072300   0.249726627   0.850376291
C        0.549984623   0.849938190   0.349657595
C        0.349577647   0.650664639   0.349577647
C        0.249726627   0.450072300   0.850376291
C        0.899984754   0.899984754   0.399922499
C        0.800182444   0.199428991   0.600122486
C        0.899999847   0.700287885   0.199629234
C        0.799771492   0.399610370   0.799771492
C        0.700287885   0.899999847   0.199629234
C        0.600122486   0.199428991   0.800182444
C        0.300162855   0.199836544   0.500858207
C        0.199428991   0.800182444   0.600122486
C        0.500858207   0.199836544   0.300162855
C        0.399610370   0.799771492   0.799771492
C        0.301890254   0.401707038   0.301890254
C        0.199428991   0.600122486   0.800182444
C        0.949592896   0.849813527   0.749946614
C        0.849938190   0.349657595   0.549984623
C        0.849938190   0.549984623   0.349657595
C        0.949761391   0.650116997   0.949761391
C        0.650664639   0.349577647   0.349577647
C        0.749946614   0.849813527   0.949592896
C        0.850376291   0.249726627   0.450072300
C        0.650911335   0.249715797   0.249715797
C        0.850376291   0.450072300   0.249726627
C        0.199629234   0.899999847   0.700287885
C        0.199629234   0.700287885   0.899999847
C        0.399922499   0.899984754   0.899984754
C        0.301890254   0.301890254   0.401707038
C        0.500858207   0.300162855   0.199836544
C        0.300162855   0.500858207   0.199836544
C        0.949761391   0.949761391   0.650116997
C        0.949592896   0.749946614   0.849813527
C        0.749946614   0.949592896   0.849813527
C        0.199894248   0.199894248   0.600708227
C        0.799730997   0.899510617   0.699822617
C        0.900361319   0.299941446   0.400097768
C        0.299560800   0.800209081   0.499962187
C        0.600708227   0.199894248   0.199894248
C        0.699822617   0.799730997   0.899510617
C        0.400097768   0.900361319   0.299941446
C        0.499962187   0.299560800   0.800209081
C        0.199894248   0.600708227   0.199894248
C        0.899510617   0.699822617   0.799730997
C        0.299941446   0.400097768   0.900361319
C        0.800209081   0.499962187   0.299560800
C        0.349838527   0.248685610   0.551611460
C        0.849777092   0.849777092   0.449751549
C        0.249742810   0.949923763   0.750362812
C        0.949734401   0.349775554   0.650231847
C        0.349775554   0.650231847   0.949734401
C        0.949923763   0.750362812   0.249742810
C        0.849777092   0.449751549   0.849777092
C        0.248685610   0.551611460   0.349838527
C        0.750362812   0.249742810   0.949923763
C        0.650231847   0.949734401   0.349775554
C        0.551611460   0.349838527   0.248685610
C        0.449751549   0.849777092   0.849777092
C        0.248685610   0.349838527   0.551611460
C        0.349775554   0.949734401   0.650231847
C        0.949923763   0.249742810   0.750362812
C        0.551611460   0.248685610   0.349838527
C        0.650231847   0.349775554   0.949734401
C        0.750362812   0.949923763   0.249742810
C        0.349838527   0.551611460   0.248685610
C        0.949734401   0.650231847   0.349775554
C        0.249742810   0.750362812   0.949923763
C        0.899510617   0.799730997   0.699822617
C        0.800209081   0.299560800   0.499962187
C        0.299941446   0.900361319   0.400097768
C        0.900361319   0.400097768   0.299941446
C        0.299560800   0.499962187   0.800209081
C        0.799730997   0.699822617   0.899510617
C        0.499962187   0.800209081   0.299560800
C        0.400097768   0.299941446   0.900361319
C        0.699822617   0.899510617   0.799730997
C        0.199649029   0.299877669   0.700769475
C        0.799532466   0.799532466   0.599676453
C        0.900265609   0.199768155   0.500224438
C        0.600982400   0.299591252   0.299591252
C        0.400020926   0.800562159   0.199648734
C        0.500224438   0.199768155   0.900265609
C        0.199649029   0.700769475   0.299877669
C        0.899702660   0.599959992   0.899702660
C        0.800562159   0.400020926   0.199648734
C        0.349248804   0.349248804   0.456374389
C        0.849884018   0.949600241   0.549935862
C        0.249534096   0.850015753   0.650145105
C        0.349603431   0.750001438   0.849825151
C        0.849884018   0.549935862   0.949600241
C        0.250508682   0.451013296   0.250508682
C        0.750001438   0.349603431   0.849825151
C        0.650145105   0.850015753   0.249534096
C        0.450077487   0.950015249   0.950015249
C        0.250508682   0.250508682   0.451013296
C        0.349603431   0.849825151   0.750001438
C        0.650145105   0.249534096   0.850015753
C        0.750001438   0.849825151   0.349603431
C        0.349248804   0.456374389   0.349248804
C        0.249534096   0.650145105   0.850015753
C        0.899702660   0.899702660   0.599959992
C        0.800562159   0.199648734   0.400020926
C        0.900265609   0.500224438   0.199768155
C        0.799532466   0.599676453   0.799532466
C        0.500224438   0.900265609   0.199768155
C        0.400020926   0.199648734   0.800562159
C        0.299877669   0.199649029   0.700769475
C        0.199648734   0.800562159   0.400020926
C        0.700769475   0.199649029   0.299877669
C        0.599676453   0.799532466   0.799532466
C        0.299591252   0.600982400   0.299591252
C        0.199648734   0.400020926   0.800562159
C        0.949600241   0.849884018   0.549935862
C        0.849825151   0.349603431   0.750001438
C        0.849825151   0.750001438   0.349603431
C        0.950015249   0.450077487   0.950015249
C        0.456374389   0.349248804   0.349248804
C        0.549935862   0.849884018   0.949600241
C        0.850015753   0.249534096   0.650145105
C        0.451013296   0.250508682   0.250508682
C        0.850015753   0.650145105   0.249534096
C        0.199768155   0.900265609   0.500224438
C        0.199768155   0.500224438   0.900265609
C        0.599959992   0.899702660   0.899702660
C        0.299591252   0.299591252   0.600982400
C        0.700769475   0.299877669   0.199649029
C        0.299877669   0.700769475   0.199649029
C        0.950015249   0.950015249   0.450077487
C        0.949600241   0.549935862   0.849884018
C        0.549935862   0.949600241   0.849884018
C        0.199962432   0.199962432   0.800708229
C        0.799954171   0.899766196   0.899766196
C        0.900617108   0.300151600   0.200062014
C        0.299856295   0.800626272   0.299856295
C        0.800708229   0.199962432   0.199962432
C        0.899766196   0.799954171   0.899766196
C        0.200062014   0.900617108   0.300151600
C        0.299856295   0.299856295   0.800626272
C        0.199962432   0.800708229   0.199962432
C        0.899766196   0.899766196   0.799954171
C        0.300151600   0.200062014   0.900617108
C        0.800626272   0.299856295   0.299856295
C        0.351323671   0.251374220   0.351323671
C        0.850115027   0.850115027   0.249692386
C        0.250039995   0.950297343   0.950297343
C        0.949925080   0.349888899   0.850234156
C        0.349888899   0.850234156   0.949925080
C        0.950297343   0.950297343   0.250039995
C        0.850115027   0.249692386   0.850115027
C        0.251374220   0.351323671   0.351323671
C        0.950297343   0.250039995   0.950297343
C        0.850234156   0.949925080   0.349888899
C        0.351323671   0.351323671   0.251374220
C        0.249692386   0.850115027   0.850115027
C        0.349888899   0.949925080   0.850234156
C        0.850234156   0.349888899   0.949925080
C        0.949925080   0.850234156   0.349888899
C        0.300151600   0.900617108   0.200062014
C        0.900617108   0.200062014   0.300151600
C        0.200062014   0.300151600   0.900617108
C        0.799650206   0.799650206   0.799650206
C        0.250873170   0.250873170   0.250873170
C        0.200231775   0.400662069   0.400662069
C        0.799450708   0.699602320   0.499577174
C        0.899485069   0.499775570   0.599874561
C        0.299296481   0.600026483   0.700165053
C        0.400662069   0.200231775   0.400662069
C        0.499577174   0.799450708   0.699602320
C        0.599874561   0.899485069   0.499775570
C        0.700165053   0.299296481   0.600026483
C        0.400662069   0.400662069   0.200231775
C        0.699602320   0.499577174   0.799450708
C        0.499775570   0.599874561   0.899485069
C        0.600026483   0.700165053   0.299296481
C        0.550024313   0.249364175   0.750287242
C        0.649654685   0.849362892   0.649654685
C        0.449902227   0.949638690   0.550058553
C        0.750243738   0.349543443   0.449776404
C        0.349543443   0.449776404   0.750243738
C        0.949638690   0.550058553   0.449902227
C        0.849362892   0.649654685   0.649654685
C        0.249364175   0.750287242   0.550024313
C        0.550058553   0.449902227   0.949638690
C        0.449776404   0.750243738   0.349543443
C        0.750287242   0.550024313   0.249364175
C        0.649654685   0.649654685   0.849362892
C        0.249364175   0.550024313   0.750287242
C        0.349543443   0.750243738   0.449776404
C        0.949638690   0.449902227   0.550058553
C        0.750287242   0.249364175   0.550024313
C        0.449776404   0.349543443   0.750243738
C        0.550058553   0.949638690   0.449902227
C        0.550024313   0.750287242   0.249364175
C        0.750243738   0.449776404   0.349543443
C        0.449902227   0.550058553   0.949638690
C        0.699602320   0.799450708   0.499577174
C        0.600026483   0.299296481   0.700165053
C        0.499775570   0.899485069   0.599874561
C        0.899485069   0.599874561   0.499775570
C        0.299296481   0.700165053   0.600026483
C        0.799450708   0.499577174   0.699602320
C        0.700165053   0.600026483   0.299296481
C        0.599874561   0.499775570   0.899485069
C        0.499577174   0.699602320   0.799450708
C        0.199335370   0.500422361   0.500422361
C        0.799722789   0.599805561   0.399546565
C        0.899641077   0.399709123   0.700023637
C        0.399906473   0.298440746   0.502408754
C        0.599805561   0.799722789   0.399546565
C        0.700105279   0.199322915   0.700105279
C        0.399906473   0.502408754   0.298440746
C        0.700023637   0.399709123   0.899641077
C        0.600284209   0.600284209   0.199088674
C        0.549837152   0.349141800   0.650163463
C        0.649856051   0.949398892   0.749834930
C        0.449821694   0.849897722   0.449821694
C        0.349141800   0.549837152   0.650163463
C        0.849504266   0.749673755   0.749673755
C        0.248909682   0.650991295   0.449979183
C        0.549712483   0.549712483   0.849472463
C        0.449979183   0.650991295   0.248909682
C        0.649856051   0.749834930   0.949398892
C        0.248909682   0.449979183   0.650991295
C        0.349141800   0.650163463   0.549837152
C        0.449979183   0.248909682   0.650991295
C        0.549712483   0.849472463   0.549712483
C        0.549837152   0.650163463   0.349141800
C        0.449821694   0.449821694   0.849897722
C        0.700023637   0.899641077   0.399709123
C        0.600284209   0.199088674   0.600284209
C        0.899641077   0.700023637   0.399709123
C        0.799722789   0.399546565   0.599805561
C        0.700105279   0.700105279   0.199322915
C        0.599805561   0.399546565   0.799722789
C        0.298440746   0.399906473   0.502408754
C        0.199088674   0.600284209   0.600284209
C        0.500422361   0.199335370   0.500422361
C        0.399546565   0.799722789   0.599805561
C        0.502408754   0.399906473   0.298440746
C        0.399546565   0.599805561   0.799722789
C        0.749673755   0.849504266   0.749673755
C        0.650163463   0.349141800   0.549837152
C        0.849472463   0.549712483   0.549712483
C        0.949398892   0.649856051   0.749834930
C        0.650163463   0.549837152   0.349141800
C        0.749834930   0.649856051   0.949398892
C        0.849897722   0.449821694   0.449821694
C        0.650991295   0.248909682   0.449979183
C        0.650991295   0.449979183   0.248909682
C        0.399709123   0.899641077   0.700023637
C        0.199322915   0.700105279   0.700105279
C        0.399709123   0.700023637   0.899641077
C        0.298440746   0.502408754   0.399906473
C        0.502408754   0.298440746   0.399906473
C        0.500422361   0.500422361   0.199335370
C        0.749834930   0.949398892   0.649856051
C        0.949398892   0.749834930   0.649856051
C        0.749673755   0.749673755   0.849504266
C        0.199008712   0.400020821   0.601090328
C        0.799439689   0.699587234   0.699587234
C        0.899885921   0.499999850   0.399844930
C        0.298388553   0.601314397   0.500161481
C        0.601090328   0.199008712   0.400020821
C        0.699587234   0.799439689   0.699587234
C        0.399844930   0.899885921   0.499999850
C        0.500161481   0.298388553   0.601314397
C        0.400020821   0.601090328   0.199008712
C        0.699587234   0.699587234   0.799439689
C        0.499999850   0.399844930   0.899885921
C        0.601314397   0.500161481   0.298388553
C        0.550408754   0.249017611   0.550408754
C        0.649819014   0.849566467   0.449638642
C        0.449812588   0.949558553   0.750078186
C        0.749881807   0.349414651   0.649886247
C        0.349414651   0.649886247   0.749881807
C        0.949558553   0.750078186   0.449812588
C        0.849566467   0.449638642   0.649819014
C        0.249017611   0.550408754   0.550408754
C        0.750078186   0.449812588   0.949558553
C        0.649886247   0.749881807   0.349414651
C        0.550408754   0.550408754   0.249017611
C        0.449638642   0.649819014   0.849566467
C        0.849566467   0.649819014   0.449638642
C        0.349414651   0.749881807   0.649886247
C        0.949558553   0.449812588   0.750078186
C        0.449638642   0.849566467   0.649819014
C        0.649886247   0.349414651   0.749881807
C        0.750078186   0.949558553   0.449812588
C        0.649819014   0.449638642   0.849566467
C        0.749881807   0.649886247   0.349414651
C        0.449812588   0.750078186   0.949558553
C        0.400020821   0.199008712   0.601090328
C        0.601314397   0.298388553   0.500161481
C        0.499999850   0.899885921   0.399844930
C        0.899885921   0.399844930   0.499999850
C        0.298388553   0.500161481   0.601314397
C        0.199008712   0.601090328   0.400020821
C        0.500161481   0.601314397   0.298388553
C        0.399844930   0.499999850   0.899885921
C        0.601090328   0.400020821   0.199008712
C        0.199131404   0.500049398   0.700647299
C        0.799350667   0.599570936   0.599570936
C        0.299443150   0.700606208   0.399787195
C        0.699769423   0.899376460   0.599762292
C        0.399755555   0.800197168   0.399755555
C        0.500049398   0.199131404   0.700647299
C        0.399787195   0.700606208   0.299443150
C        0.699769423   0.599762292   0.899376460
C        0.499652123   0.499652123   0.799629665
C        0.551559255   0.347591264   0.450093532
C        0.649937985   0.949382897   0.549848393
C        0.750034827   0.249439861   0.750034827
C        0.949382897   0.649937985   0.549848393
C        0.849458686   0.549681047   0.749664273
C        0.249519262   0.450556483   0.450556483
C        0.749664273   0.549681047   0.849458686
C        0.650105758   0.650105758   0.249291778
C        0.551559255   0.450093532   0.347591264
C        0.849458686   0.749664273   0.549681047
C        0.949382897   0.549848393   0.649937985
C        0.650105758   0.249291778   0.650105758
C        0.749664273   0.849458686   0.549681047
C        0.649937985   0.549848393   0.949382897
C        0.750034827   0.750034827   0.249439861
C        0.399787195   0.299443150   0.700606208
C        0.499652123   0.799629665   0.499652123
C        0.299443150   0.399787195   0.700606208
C        0.199131404   0.700647299   0.500049398
C        0.500049398   0.700647299   0.199131404
C        0.399755555   0.399755555   0.800197168
C        0.899376460   0.699769423   0.599762292
C        0.799629665   0.499652123   0.499652123
C        0.700647299   0.199131404   0.500049398
C        0.599570936   0.799350667   0.599570936
C        0.599762292   0.699769423   0.899376460
C        0.700647299   0.500049398   0.199131404
C        0.450556483   0.249519262   0.450556483
C        0.549848393   0.949382897   0.649937985
C        0.249291778   0.650105758   0.650105758
C        0.347591264   0.551559255   0.450093532
C        0.450093532   0.551559255   0.347591264
C        0.549848393   0.649937985   0.949382897
C        0.249439861   0.750034827   0.750034827
C        0.549681047   0.849458686   0.749664273
C        0.549681047   0.749664273   0.849458686
C        0.700606208   0.299443150   0.399787195
C        0.800197168   0.399755555   0.399755555
C        0.700606208   0.399787195   0.299443150
C        0.899376460   0.599762292   0.699769423
C        0.599762292   0.899376460   0.699769423
C        0.599570936   0.599570936   0.799350667
C        0.450093532   0.347591264   0.551559255
C        0.347591264   0.450093532   0.551559255
C        0.450556483   0.450556483   0.249519262
C        0.599325388   0.699266916   0.499333917
C        0.699266916   0.499333917   0.599325388
C        0.499333917   0.599325388   0.699266916
C        0.549601529   0.449478677   0.749631840
C        0.649292341   0.649292341   0.649292341
C        0.449478677   0.749631840   0.549601529
C        0.749631840   0.549601529   0.449478677
C        0.449478677   0.549601529   0.749631840
C        0.549601529   0.749631840   0.449478677
C        0.749631840   0.449478677   0.549601529
C        0.699266916   0.599325388   0.499333917
C        0.599325388   0.499333917   0.699266916
C        0.499333917   0.699266916   0.599325388
C        0.393625627   0.500751191   0.500751191
C        0.599491326   0.599491326   0.398986707
C        0.699641757   0.399385719   0.699641757
C        0.549061886   0.549061886   0.648897721
C        0.649553053   0.749457956   0.749457956
C        0.449337938   0.649768234   0.449337938
C        0.449337938   0.449337938   0.649768234
C        0.549061886   0.648897721   0.549061886
C        0.699641757   0.699641757   0.399385719
C        0.599491326   0.398986707   0.599491326
C        0.500751191   0.393625627   0.500751191
C        0.398986707   0.599491326   0.599491326
C        0.749457956   0.649553053   0.749457956
C        0.648897721   0.549061886   0.549061886
C        0.649768234   0.449337938   0.449337938
C        0.399385719   0.699641757   0.699641757
C        0.500751191   0.500751191   0.393625627
C        0.749457956   0.749457956   0.649553053
C        0.399443526   0.399443526   0.600480748
C        0.599456349   0.699373848   0.699373848
C        0.699928023   0.499627954   0.399394702
C        0.498676334   0.598625788   0.498676334
C        0.600480748   0.399443526   0.399443526
C        0.699373848   0.599456349   0.699373848
C        0.399394702   0.699928023   0.499627954
C        0.498676334   0.498676334   0.598625788
C        0.399443526   0.600480748   0.399443526
C        0.699373848   0.699373848   0.599456349
C        0.499627954   0.399394702   0.699928023
C        0.598625788   0.498676334   0.498676334
C        0.548109749   0.448292972   0.548109749
C        0.649360534   0.649360534   0.449303497
C        0.449532894   0.749595627   0.749595627
C        0.749317444   0.549477951   0.649432947
C        0.549477951   0.649432947   0.749317444
C        0.749595627   0.749595627   0.449532894
C        0.649360534   0.449303497   0.649360534
C        0.448292972   0.548109749   0.548109749
C        0.749595627   0.449532894   0.749595627
C        0.649432947   0.749317444   0.549477951
C        0.548109749   0.548109749   0.448292972
C        0.449303497   0.649360534   0.649360534
C        0.549477951   0.749317444   0.649432947
C        0.649432947   0.549477951   0.749317444
C        0.749317444   0.649432947   0.549477951
C        0.499627954   0.699928023   0.399394702
C        0.699928023   0.399394702   0.499627954
C        0.399394702   0.499627954   0.699928023
C        0.599126833   0.599126833   0.599126833
Si       0.424999937   0.424999937   0.424999937
