&CONTROL
calculation = 'scf'
verbosity = 'high'
tprnfor=.TRUE.
tstress=.TRUE.
wf_collect = .true.
prefix='pwscf'
outdir = './'
pseudo_dir='/home/jinyuchem/program/QE/pseudo-potential'
/
&SYSTEM
ibrav = 0
ecutwfc = 85
tot_charge = -1
nspin = 2
tot_magnetization = 2.0
nbnd = 800
nat = 215
ntyp = 2
/
&ELECTRONS
conv_thr = 1D-10
diago_full_acc=.true.
/
K_POINTS gamma
CELL_PARAMETERS angstrom
10.70400  0.000000  0.000000
0.000000  10.70400  0.000000
0.000000  0.000000  10.70400
ATOMIC_SPECIES
C  12.01099968  C_ONCV_PBE-1.0.upf
N  14.00699997  N_ONCV_PBE-1.0.upf
ATOMIC_POSITIONS crystal
C    0.000009708093    0.000027931708    0.000056595940
C    0.083278934673    0.083391127300    0.083400528595
C   -0.000170948451    0.166806341252    0.166809231908
C    0.082892647030    0.250208591121    0.250204174973
C    0.166617579887   -0.000045457488    0.166721580538
C    0.249864911830    0.083214671789    0.250000139040
C    0.166634379840    0.166720164766   -0.000032303640
C    0.249878269288    0.250020815799    0.083211735918
C   -0.000083279190    0.000156598449    0.333445326054
C    0.083091797589    0.083576715055    0.416700901993
C   -0.000435073174    0.167141859282    0.500165818440
C    0.083500585964    0.249881090356    0.583477035888
C    0.166933850664    0.000262313812    0.500128013624
C    0.250026956145    0.083356013100    0.583296676504
C    0.166325822066    0.166726058579    0.333359942445
C    0.249581192894    0.249923442165    0.416553107949
C    0.000126826330    0.000237587713    0.666749592383
C    0.083425510873    0.083452651852    0.750065902455
C    0.000062606040    0.166755615632    0.833395560901
C    0.083345128916    0.250157286623    0.916678584713
C    0.166723813542    0.000027596457    0.833342702934
C    0.250067391928    0.083391081266    0.916612000069
C    0.166875887608    0.166632137687    0.666601714780
C    0.250174926350    0.250152051706    0.749913449891
C   -0.000065519712    0.333449809311    0.000179121325
C    0.083080699219    0.416728156069    0.083619597348
C   -0.000499058664    0.500192979245    0.167217753899
C    0.083319305394    0.583491707097    0.250059373346
C    0.166327944155    0.333378279066    0.166728739585
C    0.249576628755    0.416585326877    0.249914569676
C    0.166949391789    0.500135292320    0.000283327840
C    0.250033804922    0.583307390691    0.083368016502
C   -0.000663358666    0.333783561217    0.333790375669
C    0.082603850135    0.417166364103    0.417166429260
C   -0.000927363811    0.500599061482    0.500686987849
C    0.082887045299    0.583541284691    0.583554028032
C    0.166373809633    0.333460430442    0.500037014642
C    0.249914346662    0.416775363536    0.583270308574
C    0.166334387674    0.500052587350    0.333479391629
C    0.249888699798    0.583285131130    0.416770343225
C    0.000547510915    0.332857539888    0.666535339411
C    0.083477636346    0.416810787032    0.750114037941
C    0.001046200059    0.500439119811    0.834379947865
C    0.083923147716    0.583326125816    0.917257260410
C    0.166845339146    0.333449587232    0.833267971176
C    0.250285656024    0.416728163666    0.916414685201
C    0.166652117026    0.500146350323    0.666660762327
C    0.250237655194    0.583403290530    0.749850570420
C    0.000077358583    0.666728413921    0.000199990770
C    0.083365568271    0.750047852308    0.083467717306
C    0.000001541837    0.833347451245    0.166812778178
C    0.083306768645    0.916649497856    0.250161554085
C    0.166780921815    0.666603999279    0.166693981244
C    0.250123827506    0.749908570791    0.250156729401
C    0.166710153231    0.833327841671    0.000043379358
C    0.250055010972    0.916605371632    0.083387895257
C    0.000237056566    0.666554684417    0.333214120215
C    0.083354430587    0.750114280169    0.416902887515
C    0.000962529111    0.834398082265    0.500502839968
C    0.083904115375    0.917261017009    0.583337095355
C    0.166615806981    0.666655744741    0.500152057962
C    0.250208494986    0.749860927746    0.583386958201
C    0.166771906220    0.833243031009    0.333463700164
C    0.250235254418    0.916402645210    0.416704477869
C   -0.000345505920    0.666682177301    0.666650846752
C    0.083207818294    0.749884429668    0.749883918591
C   -0.000009274694    0.833339884486    0.833324037600
C    0.083350105674    0.916665319726    0.916683345850
C    0.166866072146    0.666728531128    0.833411135284
C    0.250134028413    0.750047906672    0.916699059601
C    0.166851291323    0.833408806913    0.666726639597
C    0.250121213611    0.916701759516    0.750043750938
C    0.333388604012   -0.000045145446   -0.000049720156
C    0.416667096766    0.083215037026    0.083197687598
C    0.333162771166    0.166512276174    0.166495824588
C    0.416352566394    0.249723623126    0.249685766248
C    0.500015373586   -0.000334129440    0.166690427824
C    0.583203070607    0.082954119091    0.249862626135
C    0.500026612806    0.166726770218   -0.000341618008
C    0.583219496788    0.249924327978    0.082914052743
C    0.333358008325   -0.000334637197    0.333348196115
C    0.416530340643    0.082953630521    0.416535745283
C    0.332970818645    0.166342576404    0.499849566680
C    0.416095931900    0.249435980636    0.582934435755
C    0.500059476590   -0.000226570956    0.499995865703
C    0.583393977934    0.083261423431    0.583260244129
C    0.499642492658    0.166092698976    0.332975123839
C    0.582758443674    0.249148126181    0.416091490703
C    0.333297721152    0.000169737736    0.666582433875
C    0.416796635553    0.083475703670    0.749909777807
C    0.333475658647    0.166806425108    0.833161944892
C    0.416870212605    0.250209205502    0.916225745187
C    0.500112259906    0.000156783269    0.833249344441
C    0.583367636996    0.083577250392    0.916424126279
C    0.500049111991    0.166813321733    0.666347910004
C    0.583614519956    0.250995437485    0.748973197727
C    0.333394753383    0.333378446101   -0.000338378179
C    0.416580220603    0.416585748178    0.082910540455
C    0.333009586574    0.499878197996    0.166343492891
C    0.416140469436    0.582951430465    0.249473845731
C    0.499668792612    0.333027607896    0.166076293190
C    0.582787238586    0.416114941918    0.249187114123
C    0.500145188787    0.500052834979   -0.000331821570
C    0.583436382098    0.583285414705    0.083222049433
C    0.332743033380    0.333027090926    0.333002640809
C    0.415853700890    0.416114696382    0.416120830959
C    0.333260368475    0.499878268253    0.499856848804
C    0.417250816693    0.583215205800    0.583171576418
C    0.498661154834    0.331955815347    0.499446954809
C    0.583486494667    0.416682024746    0.579307500938
C    0.498726406281    0.499457622937    0.332059682108
C    0.583591121614    0.579310200205    0.416924442282
C    0.333510352675    0.333427911555    0.666337324881
C    0.417763770605    0.416990776905    0.748931235735
C    0.333883993103    0.500192862254    0.832834746002
C    0.416725344810    0.583491517889    0.916652944701
C    0.500456537539    0.333784057395    0.832669868754
C    0.583832521976    0.417166663027    0.915937470402
C    0.501774629508    0.500801642779    0.664953191967
C    0.585596605525    0.584466315031    0.748223867976
C    0.333359919865    0.666603963028    0.000114684432
C    0.416823130292    0.749908624957    0.083457023380
C    0.333454027619    0.833156615228    0.166787028321
C    0.416841909044    0.916235329142    0.250174319591
C    0.500084380049    0.666354905290    0.166823324420
C    0.583624611758    0.748967086723    0.251064997870
C    0.500130138484    0.833243427300    0.000104882985
C    0.583371295277    0.916403424670    0.083567929947
C    0.333490046537    0.666354701656    0.333417893237
C    0.417731778786    0.748966890054    0.416957255971
C    0.333827210377    0.832870346870    0.500162874673
C    0.416583834469    0.916818075141    0.583451581937
C    0.501748295288    0.665079359513    0.500816451571
C    0.585251485499    0.748849035723    0.584408840324
C    0.500425111519    0.832716487150    0.333757705379
C    0.583760652217    0.916099605315    0.417093306981
C    0.333674550522    0.666619271913    0.666594188961
C    0.416935663697    0.750040294366    0.749943763337
C    0.333479660366    0.833347210287    0.833334887259
C    0.416828414218    0.916649632124    0.916639639638
C    0.499880682652    0.666554672356    0.833570528966
C    0.583569518010    0.750114565919    0.916687911131
C    0.499686199571    0.833872609800    0.666454263034
C    0.583507727706    0.916820833109    0.750080466192
C    0.666794801857    0.000263004746    0.000266449624
C    0.749963603443    0.083356959666    0.083359475914
C    0.666516538422    0.166343127233    0.166303673233
C    0.749601409359    0.249436115226    0.249429206098
C    0.833249382960    0.000170509942    0.166630305106
C    0.916576899719    0.083475775400    0.250129636934
C    0.833268784106    0.166632706379    0.000208776547
C    0.916580330189    0.250152269073    0.083508380155
C    0.666662985460   -0.000226368293    0.333392061339
C    0.749927348783    0.083261254079    0.416726568004
C    0.666507791782    0.166556394348    0.499840481777
C    0.749865908037    0.250438669160    0.583199263668
C    0.833317461071    0.000044747040    0.500127785131
C    0.916556389828    0.083552030892    0.583393527302
C    0.833014961299    0.166813353495    0.333382247926
C    0.915640091193    0.250995325425    0.416948244135
C    0.666794664859    0.000044905062    0.666650207557
C    0.750060378766    0.083552467468    0.749888920294
C    0.666832696277    0.167142152486    0.832897506591
C    0.750144000197    0.249881467061    0.916833802572
C    0.833416325257    0.000237970420    0.833459591683
C    0.916732672403    0.083452977548    0.916758497888
C    0.833303601763    0.166928072676    0.666636269385
C    0.916724736343    0.250106260397    0.750057778964
C    0.666703505038    0.333460999214   -0.000292995921
C    0.749936725879    0.416775848456    0.083248033508
C    0.666522890521    0.499878839298    0.166593845083
C    0.749838311286    0.583215017197    0.250584313450
C    0.833003990817    0.333428083352    0.166843769903
C    0.915597819164    0.416990329696    0.251097193996
C    0.833326933403    0.500146511437   -0.000013956731
C    0.916516530694    0.583403343668    0.083571755543
C    0.666113645030    0.331955665707    0.331994555589
C    0.745974196899    0.416682057325    0.416819705502
C    0.831723377863    0.334869751499    0.500789313465
C    0.915427279629    0.418253196511    0.584477647767
C    0.831620081748    0.500801363485    0.335108027495
C    0.914890389124    0.584466214169    0.418929631349
C    0.667455678402    0.334869829610    0.665056957763
C    0.751143801756    0.418252796286    0.748761186617
C    0.667353052545    0.500599377674    0.832406508593
C    0.750220396179    0.583541420474    0.916220867673
C    0.833202006128    0.332857550366    0.833880946384
C    0.916780380636    0.416810683753    0.916811291770
C    0.840106777093    0.495150504693    0.673441491564
C    0.916408868316    0.582781949788    0.749742765565
C    0.666818608027    0.666656347594   -0.000050796674
C    0.750053620452    0.749861724335    0.083541524025
C    0.666829704267    0.832871005642    0.167160074218
C    0.750118519948    0.916818571789    0.249916387034
C    0.833260341605    0.666619945209    0.167008038351
C    0.916610260028    0.750040684072    0.250268901838
C    0.833393662364    0.833409353630    0.000184311369
C    0.916710870968    0.916702276086    0.083454198370
C    0.667483422218    0.665079305301    0.335081558005
C    0.751076028516    0.748849142764    0.418584485444
C    0.667173463076    0.832729685852    0.500506280637
C    0.750187199239    0.916405115476    0.583520368633
C    0.838958069315    0.673180069524    0.496602774363
C    0.916281026686    0.749906358366    0.582870288792
C    0.833121040907    0.833873134589    0.333018947740
C    0.916747397320    0.916820871285    0.416840948071
C    0.663269650365    0.673180886974    0.672291066434
C    0.749537104634    0.749906402025    0.749614526502
C    0.667169451771    0.834398189161    0.834295832830
C    0.750003893607    0.917261694181    0.917236841160
C    0.833317074436    0.666682496369    0.832988354146
C    0.916550874977    0.749884236072    0.916541392173
C    0.833408511265    0.833300844770    0.666741677787
C    0.916591138446    0.916682982482    0.749924671317
N    0.658853946432    0.491866304090    0.492187336682
