&CONTROL
calculation = 'scf'
verbosity = 'high'
tprnfor=.TRUE.
tstress=.TRUE.
wf_collect = .true.
prefix='pwscf'
outdir = './'
pseudo_dir='/home/jinyuchem/program/QE/pseudo-potential'
/
&SYSTEM
ibrav = 0
ecutwfc = 85
tot_charge = -1
nspin = 2
tot_magnetization = 2.0
nbnd = 800
nat = 215
ntyp = 2
/
&ELECTRONS
conv_thr = 1D-10
diago_full_acc=.true.
/
K_POINTS gamma
CELL_PARAMETERS angstrom
10.70400  0.000000  0.000000
0.000000  10.70400  0.000000
0.000000  0.000000  10.70400
ATOMIC_SPECIES
C  12.01099968  C_ONCV_PBE-1.0.upf
N  14.00699997  N_ONCV_PBE-1.0.upf
ATOMIC_POSITIONS crystal
C   -0.000004025638    0.000034876840    0.000051701766
C    0.083272745478    0.083385848073    0.083391705825
C   -0.000176069577    0.166788112667    0.166789967249
C    0.082901244035    0.250178617917    0.250176566953
C    0.166617099664   -0.000052547087    0.166722218904
C    0.249876937770    0.083199959701    0.249995326578
C    0.166626665401    0.166721027754   -0.000044486197
C    0.249884485669    0.250006966476    0.083198612537
C   -0.000093660368    0.000104121793    0.333460779258
C    0.083074604832    0.083558405162    0.416697611407
C   -0.000444369047    0.167140038269    0.500156654781
C    0.083530795945    0.249869906241    0.583450536602
C    0.166926131156    0.000261105729    0.500126316162
C    0.250022064054    0.083356458109    0.583294267041
C    0.166331361443    0.166693121542    0.333345163185
C    0.249618247901    0.249870477106    0.416529899068
C    0.000092546727    0.000198393138    0.666734121209
C    0.083388609509    0.083450476983    0.750050501533
C    0.000033372285    0.166793677612    0.833352061724
C    0.083328250732    0.250160090595    0.916650571994
C    0.166700593114    0.000050134562    0.833346605548
C    0.250061807799    0.083400358865    0.916613829481
C    0.166863728484    0.166615561773    0.666583832513
C    0.250157871811    0.250130568564    0.749911665689
C   -0.000083556199    0.333463494482    0.000117257225
C    0.083067891751    0.416713232709    0.083583445074
C   -0.000481612123    0.500172145879    0.167184069498
C    0.083425784416    0.583458679372    0.249973249190
C    0.166332396973    0.333355362767    0.166695130420
C    0.249615424530    0.416548109698    0.249865806560
C    0.166934800880    0.500130416399    0.000273553041
C    0.250025569006    0.583300190595    0.083363645637
C   -0.000620948827    0.333758481273    0.333762806518
C    0.082751720869    0.417099962541    0.417100366873
C   -0.000632666361    0.500493265063    0.500544236781
C    0.083055188618    0.583519206239    0.583526568679
C    0.166443893685    0.333393759351    0.499996061124
C    0.249932988488    0.416732310685    0.583257823720
C    0.166421094354    0.500004781101    0.333404999104
C    0.249918253205    0.583266150956    0.416729779311
C    0.000616237878    0.332917551374    0.666456856146
C    0.083516707785    0.416815795151    0.750083544659
C    0.001083542407    0.500481619510    0.834298889420
C    0.083932096844    0.583333412940    0.917238104258
C    0.166843268413    0.333442324780    0.833257611504
C    0.250259642710    0.416709086066    0.916426913663
C    0.166714988269    0.500128085206    0.666652729928
C    0.250227606463    0.583398391968    0.749883472389
C    0.000063735409    0.666721620221    0.000176697379
C    0.083353654261    0.750039693720    0.083459287979
C   -0.000002007282    0.833324183711    0.166826891033
C    0.083306082992    0.916633458543    0.250162739560
C    0.166808409915    0.666584825427    0.166651594936
C    0.250128241616    0.749908433495    0.250133415389
C    0.166692509300    0.833337672788    0.000059654653
C    0.250054556143    0.916609731416    0.083398758613
C    0.000436528071    0.666467959014    0.333123889778
C    0.083445497466    0.750083630704    0.416869050391
C    0.001035223946    0.834309497827    0.500518306757
C    0.083921386778    0.917240113518    0.583339859896
C    0.166694039260    0.666649604882    0.500131468525
C    0.250210906973    0.749889126041    0.583389078488
C    0.166800843672    0.833242739378    0.333450568043
C    0.250230721976    0.916419435170    0.416695473683
C   -0.000060548839    0.666744121928    0.666725961911
C    0.083336948470    0.749921137300    0.749920740198
C    0.000005168618    0.833329320968    0.833320157806
C    0.083333653313    0.916677320616    0.916687797321
C    0.166904553138    0.666748092146    0.833456183691
C    0.250123870279    0.750065204785    0.916752687539
C    0.166896148682    0.833454602004    0.666747137606
C    0.250116596435    0.916754133807    0.750062985169
C    0.333387102658   -0.000032482665   -0.000034916118
C    0.416685758551    0.083216134467    0.083206183305
C    0.333177592587    0.166501246354    0.166492032988
C    0.416386978885    0.249698358843    0.249676618040
C    0.500039740752   -0.000336353878    0.166715996607
C    0.583243957373    0.082924100278    0.249894133062
C    0.500046201346    0.166737215063   -0.000340716608
C    0.583253285879    0.249930248062    0.082900637758
C    0.333381172645   -0.000339991415    0.333351523875
C    0.416573183673    0.082928249731    0.416539173371
C    0.332996738760    0.166307070310    0.499842825936
C    0.416091317518    0.249420588141    0.582930536235
C    0.500100473895   -0.000261262325    0.500019305753
C    0.583427705269    0.083258847554    0.583263077669
C    0.499683132159    0.166081750051    0.332987001320
C    0.582772475761    0.249174143846    0.416112279866
C    0.333283896148    0.000218834639    0.666595065005
C    0.416810439787    0.083509992581    0.749913578951
C    0.333478630016    0.166813639398    0.833163614066
C    0.416881964732    0.250212918066    0.916223588665
C    0.500111706856    0.000189709916    0.833267672559
C    0.583391564543    0.083617935108    0.916420143787
C    0.500082049742    0.166838602233    0.666336580317
C    0.583650933948    0.251071109887    0.748936414959
C    0.333402121638    0.333368858195   -0.000341693118
C    0.416601678736    0.416568070293    0.082903504261
C    0.333018876443    0.499859042215    0.166307722949
C    0.416116933621    0.582940031967    0.249442421839
C    0.499698142621    0.333017512647    0.166072324811
C    0.582789009979    0.416125963809    0.249196523032
C    0.500149836726    0.500052224770   -0.000322101637
C    0.583452080276    0.583277699176    0.083235792123
C    0.332757950683    0.332985863436    0.332972096557
C    0.415818274316    0.416092135826    0.416095776981
C    0.333226384060    0.499849242142    0.499837131400
C    0.417118315614    0.583211323435    0.583186138105
C    0.498609917269    0.331965742376    0.499444341010
C    0.583335527354    0.416748257484    0.579306836904
C    0.498647695999    0.499450511311    0.332025660773
C    0.583395930883    0.579308399752    0.416888285760
C    0.333487723764    0.333388821170    0.666342992890
C    0.417678942845    0.416960060734    0.748960876081
C    0.333829262753    0.500175517823    0.832883707292
C    0.416598365803    0.583488014411    0.916777307438
C    0.500458666204    0.333796067445    0.832658557484
C    0.583850714185    0.417184190881    0.915897613386
C    0.501564163411    0.500786733109    0.665016659397
C    0.585064629689    0.584490539315    0.748560063151
C    0.333319649211    0.666607106355    0.000187122866
C    0.416825684435    0.749912632750    0.083499075586
C    0.333466077988    0.833160067179    0.166802285538
C    0.416865804500    0.916228888658    0.250192540667
C    0.500102347369    0.666340514419    0.166844268413
C    0.583656904189    0.748932897492    0.251111205551
C    0.500121947732    0.833264168150    0.000159430373
C    0.583393663463    0.916408388964    0.083612253154
C    0.333475937082    0.666352763222    0.333383092798
C    0.417660524556    0.748981361124    0.416940590508
C    0.333796527375    0.832903889217    0.500158369752
C    0.416516647667    0.916872773348    0.583465210226
C    0.501548997467    0.665089697387    0.500795112266
C    0.584865003756    0.748921626216    0.584457003012
C    0.500440670620    0.832685388581    0.333780656658
C    0.583809186750    0.915991591596    0.417141516334
C    0.333601855929    0.666641003534    0.666626800159
C    0.416787511181    0.750079820192    0.750024177899
C    0.333427485531    0.833394258583    0.833387388547
C    0.416824424771    0.916678330496    0.916672557136
C    0.499603671510    0.666561546805    0.833779255062
C    0.583500807837    0.750122347682    0.916767501959
C    0.499491227969    0.833953954771    0.666503561443
C    0.583465002742    0.916844621310    0.750102461169
C    0.666801375240    0.000280499053    0.000282248616
C    0.749973213001    0.083366222622    0.083367266823
C    0.666542434948    0.166352977060    0.166329889457
C    0.749616707377    0.249472153499    0.249468134407
C    0.833264121899    0.000110230632    0.166687151675
C    0.916574676129    0.083450777734    0.250148565932
C    0.833275326828    0.166688917690    0.000132191545
C    0.916576666341    0.250161778851    0.083469677134
C    0.666704549186   -0.000306172278    0.333454084491
C    0.749947549166    0.083228869563    0.416753922677
C    0.666538326463    0.166581402673    0.499845565243
C    0.749887051379    0.250535811438    0.583170189257
C    0.833320111766   -0.000027787453    0.500145221546
C    0.916540471527    0.083537842683    0.583385126470
C    0.833023684161    0.166815038412    0.333403370991
C    0.915644640078    0.251033945503    0.416946667875
C    0.666805679415    0.000014675020    0.666657985074
C    0.750070823982    0.083572635141    0.749860151003
C    0.666858034564    0.167206519890    0.832846517703
C    0.750163399632    0.250034778019    0.916672625343
C    0.833402620948    0.000216406452    0.833427419766
C    0.916721596760    0.083466024052    0.916718037608
C    0.833298585971    0.166981427033    0.666601594946
C    0.916736822080    0.250214671002    0.749958026500
C    0.666727871239    0.333494394433   -0.000345011233
C    0.749952872512    0.416782685035    0.083221055978
C    0.666546833166    0.499868022022    0.166602821173
C    0.749871268062    0.583179312167    0.250619672251
C    0.833017258938    0.333429946040    0.166832598858
C    0.915620130862    0.416970581166    0.251092775824
C    0.833325295745    0.500156086319   -0.000061958966
C    0.916517101690    0.583390778164    0.083549175883
C    0.666123370455    0.332040924607    0.332063338842
C    0.745976661386    0.416869181160    0.416948663495
C    0.831769240227    0.335004518816    0.500811263916
C    0.915638902974    0.418389765523    0.584418194236
C    0.831709536947    0.500818124201    0.335142078746
C    0.915328727143    0.584411306066    0.418780743417
C    0.667460256992    0.335035076179    0.664957164689
C    0.751150547172    0.418788165962    0.748250258104
C    0.667317502217    0.500701760427    0.832327124900
C    0.750217229343    0.583558005179    0.916175430682
C    0.833239433122    0.333142752405    0.833600129908
C    0.916789035124    0.416887245841    0.916696436689
C    0.840150374140    0.496118639598    0.672457684335
C    0.916589543883    0.582840812263    0.749585866627
C    0.666819436729    0.666661729298   -0.000041133425
C    0.750066919846    0.749844740667    0.083565760965
C    0.666856212357    0.832831340225    0.167216625582
C    0.750148522712    0.916663999071    0.250054550156
C    0.833273284423    0.666592349803    0.167027378588
C    0.916670486665    0.749948183773    0.250308643749
C    0.833389572520    0.833398584827    0.000185024952
C    0.916708973778    0.916685549513    0.083466531372
C    0.667476381437    0.664969975507    0.335157256786
C    0.751111257763    0.748301324245    0.418979892268
C    0.667213831392    0.832514372095    0.500647627384
C    0.750198073888    0.916282409148    0.583545613921
C    0.839487492771    0.672307020809    0.496957311351
C    0.916515677262    0.749680655098    0.582891948811
C    0.833192649722    0.833595681530    0.333235947396
C    0.916770108838    0.916702209019    0.416904650125
C    0.661946978472    0.673635270748    0.673120518101
C    0.749456582141    0.749828650386    0.749659554202
C    0.667111485284    0.834406552771    0.834347074921
C    0.749993841943    0.917263578931    0.917248795523
C    0.833323760836    0.666639197815    0.832911589409
C    0.916541228744    0.749874134960    0.916506590633
C    0.833376694660    0.833092652426    0.666673046759
C    0.916564417951    0.916588653847    0.749897609919
N    0.658561651098    0.492080345914    0.492265590193
