&control
    calculation = 'scf',
    prefix='pwscf',
    pseudo_dir='/home/jinyuchem/program/QE/pseudo-potential'
    outdir = './',
    verbosity='high'
    tstress=.TRUE.
    tprnfor=.TRUE.
    wf_collect=.TRUE.
    verbosity = 'high'
    max_seconds = 248000
    forc_conv_thr = 0.00039
    nstep = 100
/
 &system
    ibrav=0, 
    nat=398
    ntyp=2,
    ecutwfc = 60,
    nspin=2,
    nbnd=816,
    occupations='fixed',
    tot_charge=0
    tot_magnetization=2
 /
 &electrons
    conv_thr=1.0D-8
    electron_maxstep=300
    mixing_mode = 'plain'
    mixing_beta = 0.3
    diagonalization = 'david'
    diago_full_acc = .TRUE.
 /
&IONS
    ion_dynamics='bfgs'
    ion_positions='default'
/
ATOMIC_SPECIES
Si 28.0855 Si_ONCV_PBE-1.1.upf
C 12.0107  C_ONCV_PBE-1.0.upf
K_POINTS gamma
CELL_PARAMETERS angstrom
        15.476479580         0.0000000000         0.0000000000
        -7.738239788         13.403024470         0.0000000000
        0.0000000000         0.0000000000         20.265020410
ATOMIC_POSITIONS crystal
Si            0.0666498965        0.1333501488        0.2189328419
Si            0.0667270837        0.1332729434        0.7189151969
Si            0.0665903163        0.3332951915        0.2188869269
Si            0.0668947746        0.3334474167        0.7188498749
Si            0.0666498849        0.5332998139        0.2189328434
Si            0.0667270705        0.5334542009        0.7189151994
Si            0.0667033491        0.7333233646        0.2188915680
Si            0.0666481350        0.7333577674        0.7189967444
Si            0.0667033555        0.9333800850        0.2188915660
Si            0.0666481454        0.9332904696        0.7189967399
Si            0.2666200095        0.1332967073        0.2188915633
Si            0.2667096047        0.1333518977        0.7189967500
Si            0.2664800379        0.3332352178        0.2188173174
Si            0.2673980792        0.3337036389        0.7188078846
Si            0.2664800275        0.5332448903        0.2188173173
Si            0.2673980728        0.5336945077        0.7188078856
Si            0.2666199929        0.7333233617        0.2188915645
Si            0.2667095913        0.7333577623        0.7189967479
Si            0.2666667108        0.9333333934        0.2188762445
Si            0.2666667026        0.9333333860        0.7189970994
Si            0.4666767639        0.1332967010        0.2188915613
Si            0.4666423514        0.1333518913        0.7189967435
Si            0.4666184107        0.3332367446        0.2187854668
Si            0.4667922281        0.3335843894        0.7192845356
Si            0.4664390722        0.5332195671        0.2185007460
Si            0.4672116319        0.5336058452        0.7187032606
Si            0.4666183995        0.7333817084        0.2187854693
Si            0.4667922224        0.7332078868        0.7192845317
Si            0.4666767538        0.9333800867        0.2188915606
Si            0.4666423465        0.9332904799        0.7189967414
Si            0.6667002843        0.1333501464        0.2189328425
Si            0.6665458971        0.1332729472        0.7189151897
Si            0.6667552236        0.3332352137        0.2188173189
Si            0.6663056267        0.3337036390        0.7188078958
Si            0.6667805270        0.5332195642        0.2185007516
Si            0.6663941688        0.5336058580        0.7187034455
Si            0.6667805294        0.7335610217        0.2185007531
Si            0.6663941723        0.7327883651        0.7187034506
Si            0.6667552091        0.9335200346        0.2188173214
Si            0.6663056199        0.9326020124        0.7188078935
Si            0.8667048732        0.1334097283        0.2188869352
Si            0.8665526562        0.1331052855        0.7188498716
Si            0.8667048686        0.3332951875        0.2188869347
Si            0.8665526470        0.3334474049        0.7188498736
Si            0.8667648573        0.5332448953        0.2188173256
Si            0.8662964229        0.5336944942        0.7188078967
Si            0.8667633234        0.7333817071        0.2187854741
Si            0.8664156704        0.7332078888        0.7192845222
Si            0.8667648600        0.9335200385        0.2188173250
Si            0.8662964267        0.9326020088        0.7188078934
Si            0.1334428404        0.0665571801        0.4688575707
Si            0.1333223403        0.0666777254        0.9688704350
Si            0.1334120626        0.2668097310        0.4690126652
Si            0.1333434789        0.2666792175        0.9688156500
Si            0.1334120726        0.4666023993        0.4690126654
Si            0.1333434878        0.4666643367        0.9688156543
Si            0.1334428348        0.6668857331        0.4688575641
Si            0.1333223311        0.6666446985        0.9688704310
Si            0.1332754913        0.8666377737        0.4689727860
Si            0.1333474246        0.8666737490        0.9689179968
Si            0.3333622901        0.0667245478        0.4689727832
Si            0.3333263264        0.0666526341        0.9689180036
Si            0.3341747363        0.2671029007        0.4687812927
Si            0.3332824521        0.2665724370        0.9689555811
Si            0.3332209697        0.4666105248        0.4689240600
Si            0.3333098602        0.4666549750        0.9688929921
Si            0.3341747304        0.6670718713        0.4687812920
Si            0.3332824344        0.6667100593        0.9689555795
Si            0.3333622754        0.8666377695        0.4689727819
Si            0.3333263116        0.8666737374        0.9689180001
Si            0.5331143959        0.0665571928        0.4688575749
Si            0.5333554159        0.0666777209        0.9688704355
Si            0.5329282445        0.2671029262        0.4687812739
Si            0.5332900604        0.2665724630        0.9689555750
Si            0.5331888267        0.4663777001        0.4669718445
Si            0.5333228059        0.4666455659        0.9689991068
Si            0.5331888350        0.6668111661        0.4669718468
Si            0.5333227875        0.6666773115        0.9689991009
Si            0.5329282305        0.8658253019        0.4687812730
Si            0.5332900414        0.8667176116        0.9689555704
Si            0.7333977097        0.0665880012        0.4690126573
Si            0.7333357679        0.0666565918        0.9688156458
Si            0.7333977420        0.2668097485        0.4690126576
Si            0.7333357979        0.2666792337        0.9688156475
Si            0.7333896100        0.4666105567        0.4689240508
Si            0.7333451570        0.4666549957        0.9688929878
Si            0.7336223084        0.6668111899        0.4669718030
Si            0.7333545726        0.6666773291        0.9689991004
Si            0.7333895927        0.8667791045        0.4689240531
Si            0.7333451384        0.8666902273        0.9688929829
Si            0.9331903158        0.0665879818        0.4690126592
Si            0.9333208384        0.0666565793        0.9688156464
Si            0.9333333447        0.2666666942        0.4690284710
Si            0.9333333511        0.2666667021        0.9688047767
Si            0.9331903324        0.4666024358        0.4690126594
Si            0.9333208532        0.4666643687        0.9688156504
Si            0.9328971264        0.6670719061        0.4687812636
Si            0.9334275934        0.6667100741        0.9689555636
Si            0.9328971087        0.8658253102        0.4687812669
Si            0.9334275783        0.8667176208        0.9689555636
Si            0.0000377418        0.0000550919        0.0939086139
Si            0.0001418641       -0.0001120338        0.5941200649
Si           -0.0000019709        0.2000020063        0.0938685417
Si            0.0000323746        0.1999676248        0.5940868984
Si           -0.0000019684        0.3999960658        0.0938685457
Si            0.0000323796        0.4000647933        0.5940869024
Si            0.0000377403        0.5999826924        0.0939086094
Si            0.0001418675        0.6002539517        0.5941200585
Si            0.0000513193        0.8000256767        0.0939399322
Si           -0.0000366301        0.7999817065        0.5943214217
Si            0.1999960958        0.0000039801        0.0939121490
Si            0.2000469305       -0.0000468891        0.5941152684
Si            0.1999449737        0.1999623070        0.0939086129
Si            0.2001119770        0.1998580466        0.5941200637
Si            0.1999379324        0.3999689887        0.0938688485
Si            0.2006953617        0.4003477008        0.5942581082
Si            0.1999449597        0.5999827055        0.0939086126
Si            0.2001119686        0.6002539645        0.5941200617
Si            0.1999960811        0.7999921626        0.0939121431
Si            0.2000469190        0.8000938626        0.5941152632
Si            0.4000078867        0.0000039669        0.0939121508
Si            0.3999061998       -0.0000468839        0.5941152689
Si            0.3999743634        0.1999487213        0.0939399350
Si            0.4000183435        0.2000366987        0.5943214382
Si            0.3999161638        0.3999160292        0.0938477338
Si            0.4019216935        0.4015073576        0.5947560541
Si            0.3999161500        0.6000001621        0.0938477310
Si            0.4019216852        0.6004143597        0.5947560499
Si            0.3999743507        0.8000256718        0.0939399360
Si            0.4000183320        0.7999816700        0.5943214341
Si            0.6000173505        0.0000550877        0.0939086132
Si            0.5997461228       -0.0001119784        0.5941200689
Si            0.6000173384        0.1999623058        0.0939086156
Si            0.5997461159        0.1998581193        0.5941200716
Si            0.5999998810        0.3999160225        0.0938477365
Si            0.5995854992        0.4015071280        0.5947559900
Si            0.6000000147        0.6000000263        0.0938434334
Si            0.5999998649        0.8000838846        0.0938477302
Si            0.5995854783        0.7980783773        0.5947559790
Si            0.8000310649        0.0000621285        0.0938688520
Si            0.7996523414       -0.0006953166        0.5942580781
Si            0.8000039826        0.2000020124        0.0938685374
Si            0.7999352523        0.1999676398        0.5940868940
Si            0.8000310500        0.3999689712        0.0938688507
Si            0.7996523347        0.4003476920        0.5942580777
Si            0.8000840148        0.6000001752        0.0938477285
Si            0.7984928507        0.6004145488        0.5947559439
Si            0.8000840249        0.8000838968        0.0938477283
Si            0.7984928658        0.7980783646        0.5947559382
Si           -0.0000079660        0.0000780663        0.3439859378
Si           -0.0000351130       -0.0000896649        0.8438758964
Si           -0.0000240942        0.2000241092        0.3439993943
Si            0.0000180828        0.1999819464        0.8438265732
Si           -0.0000240871        0.3999518277        0.3439993922
Si            0.0000180914        0.4000361788        0.8438265738
Si           -0.0000079673        0.5999140072        0.3439859395
Si           -0.0000351175        0.6000545940        0.8438759044
Si           -0.0000138114        0.7999931076        0.3438245672
Si            0.0000257583        0.8000128935        0.8439936530
Si            0.2000126931       -0.0000126416        0.3439336326
Si            0.2000018656       -0.0000018102        0.8439611818
Si            0.1999219848        0.2000080000        0.3439859329
Si            0.2000897172        0.2000351559        0.8438759001
Si            0.1996963498        0.3998481918        0.3439096170
Si            0.2002114564        0.4001057514        0.8437867437
Si            0.1999219762        0.5999140217        0.3439859347
Si            0.2000897042        0.6000546066        0.8438759025
Si            0.2000126771        0.8000253710        0.3439336362
Si            0.2000018467        0.8000037168        0.8439611854
Si            0.3999746732       -0.0000126461        0.3439336259
Si            0.3999963178       -0.0000018188        0.8439611786
Si            0.4000069212        0.2000138321        0.3438245587
Si            0.3999871227        0.1999742593        0.8439936632
Si            0.3993326054        0.3998714464        0.3435721109
Si            0.4001006429        0.3999184328        0.8441068114
Si            0.3993325949        0.5994611787        0.3435721170
Si            0.4001006276        0.6001822292        0.8441068125
Si            0.4000069094        0.7999931095        0.3438245607
Si            0.3999871087        0.8000128880        0.8439936616
Si            0.6000860549        0.0000780754        0.3439859331
Si            0.5999454587       -0.0000896625        0.8438758929
Si            0.6000860415        0.2000080116        0.3439859313
Si            0.5999454448        0.2000351642        0.8438758937
Si            0.6005388930        0.3998714523        0.3435721124
Si            0.5998178223        0.3999184247        0.8441068274
Si            0.6000000299        0.6000000316        0.3424802024
Si            0.6000000116        0.6000000235        0.8441516887
Si            0.6005388665        0.8006674471        0.3435721238
Si            0.5998177976        0.7998994140        0.8441068270
Si            0.8001518622        0.0003037140        0.3439096277
Si            0.7998943116       -0.0002113817        0.8437867418
Si            0.8000482093        0.2000241245        0.3439993988
Si            0.7999638642        0.1999819586        0.8438265746
Si            0.8001518552        0.3998481870        0.3439096254
Si            0.7998943047        0.4001057422        0.8437867463
Si            0.8001286004        0.5994612005        0.3435721226
Si            0.8000816160        0.6001822559        0.8441068194
Si            0.8001286001        0.8006674534        0.3435721270
Si            0.8000816195        0.7998994265        0.8441068199
C             0.0666541959        0.1333458542        0.1249385002
C             0.0667164687        0.1332834147        0.6247271205
C             0.0666394460        0.3333197547        0.1248834493
C             0.0668706062        0.3334353367        0.6246955696
C             0.0666541825        0.5333083947        0.1249385012
C             0.0667164548        0.5334331197        0.6247271189
C             0.0666686871        0.7333130787        0.1249207100
C             0.0669234992        0.7335510538        0.6248090090
C             0.0666686971        0.9333557009        0.1249207124
C             0.0669235016        0.9333725521        0.6248090112
C             0.2666443932        0.1333313722        0.1249207091
C             0.2666275115        0.1330765015        0.6248090129
C             0.2666147707        0.3333062519        0.1248887117
C             0.2665307052        0.3325884546        0.6245584434
C             0.2666147587        0.5333085822        0.1248887089
C             0.2665306992        0.5339423066        0.6245584478
C             0.2666443773        0.7333130762        0.1249207081
C             0.2666274971        0.7335510683        0.6248090064
C             0.2666667146        0.9333333951        0.1248875672
C             0.2666667139        0.9333333917        0.6248429850
C             0.4666870295        0.1333313588        0.1249207113
C             0.4664490934        0.1330765395        0.6248090155
C             0.4666676264        0.3333351894        0.1248868577
C             0.4663560237        0.3327120672        0.6250627700
C             0.4665859167        0.5332929898        0.1247297877
C             0.4563614906        0.5281807641        0.6279694568
C             0.4666676168        0.7333324809        0.1248868564
C             0.4663560179        0.7336440039        0.6250627646
C             0.4666870243        0.9333556965        0.1249207096
C             0.4664490862        0.9333725685        0.6248090136
C             0.6666916799        0.1333458476        0.1249385002
C             0.6665669826        0.1332834820        0.6247271173
C             0.6666915094        0.3333062386        0.1248887163
C             0.6660578127        0.3325885323        0.6245584438
C             0.6667070951        0.5332929871        0.1247297916
C             0.6718194504        0.5281805763        0.6279695565
C             0.6667070994        0.7334141705        0.1247297880
C             0.6718194625        0.7436389193        0.6279695535
C             0.6666915049        0.9333853049        0.1248887147
C             0.6660578059        0.9334692906        0.6245584447
C             0.8666803143        0.1333606067        0.1248834534
C             0.8665647017        0.1331293936        0.6246955684
C             0.8666803060        0.3333197464        0.1248834549
C             0.8665646941        0.3334353412        0.6246955697
C             0.8666938188        0.5333085818        0.1248887137
C             0.8674114599        0.5339422984        0.6245584405
C             0.8666648834        0.7333324857        0.1248868580
C             0.8672880334        0.7336440745        0.6250627467
C             0.8666938302        0.9333853131        0.1248887166
C             0.8674114643        0.9334692420        0.6245584444
C             0.1333549092        0.0666451300        0.3748500493
C             0.1333225591        0.0666774887        0.8748606067
C             0.1333372554        0.2666750192        0.3749159496
C             0.1333597934        0.2666987796        0.8747752762
C             0.1333372642        0.4666622931        0.3749159479
C             0.1333598039        0.4666610894        0.8747752804
C             0.1333548997        0.6667098465        0.3748500473
C             0.1333225464        0.6666451457        0.8748606105
C             0.1332215578        0.8666108043        0.3748822833
C             0.1333835960        0.8666918267        0.8749312758
C             0.3333892487        0.0667784808        0.3748822743
C             0.3333082246        0.0666164425        0.8749312804
C             0.3335952010        0.2669750851        0.3748242759
C             0.3332502618        0.2664965211        0.8750774783
C             0.3332399361        0.4666200086        0.3748560221
C             0.3333530585        0.4666765709        0.8749960319
C             0.3335951864        0.6666201531        0.3748242784
C             0.3332502443        0.6667537801        0.8750774808
C             0.3333892318        0.8666107972        0.3748822756
C             0.3333082078        0.8666918188        0.8749312772
C             0.5332902686        0.0666451387        0.3748500437
C             0.5333549632        0.0666774924        0.8748606006
C             0.5333799771        0.2669751113        0.3748242723
C             0.5332463280        0.2664965536        0.8750774701
C             0.5335758417        0.4671516227        0.3740672543
C             0.5333146148        0.4666291631        0.8752567375
C             0.5335758291        0.6664242787        0.3740672612
C             0.5333145968        0.6666855223        0.8752567374
C             0.5333799587        0.8664048679        0.3748242771
C             0.5332463129        0.8667497863        0.8750774698
C             0.7333378095        0.0666628103        0.3749159586
C             0.7333390223        0.0666402758        0.8747752760
C             0.7333378398        0.2666750416        0.3749159573
C             0.7333390512        0.2666988022        0.8747752755
C             0.7333801350        0.4666200383        0.3748560345
C             0.7333235603        0.4666765965        0.8749960229
C             0.7328485210        0.6664242915        0.3740672498
C             0.7333709988        0.6666855416        0.8752567349
C             0.7333801153        0.8667601492        0.3748560400
C             0.7333235393        0.8666470191        0.8749960220
C             0.9333250213        0.0666627893        0.3749159581
C             0.9333012694        0.0666402567        0.8747752747
C             0.9333333423        0.2666666869        0.3749317172
C             0.9333333442        0.2666666956        0.8747614713
C             0.9333250341        0.4666623279        0.3749159539
C             0.9333012836        0.4666611202        0.8747752763
C             0.9330249464        0.6666201672        0.3748242830
C             0.9335034967        0.6667537895        0.8750774664
C             0.9330249314        0.8664048663        0.3748242856
C             0.9335034802        0.8667497913        0.8750774640
C             0.0000248841        0.0000653584        0.0002675362
C            -0.0005479160       -0.0005652018        0.5001460417
C            -0.0000011358        0.2000011663        0.0001623284
C             0.0000495064        0.1999505024        0.5002054988
C            -0.0000011276        0.3999977465        0.0001623340
C             0.0000495153        0.4000990490        0.5002055039
C             0.0000248806        0.5999595870        0.0002675291
C            -0.0005479157        0.6000173401        0.5001460309
C             0.0000670655        0.8000335590        0.0003465167
C            -0.0003852245        0.7998074095        0.5002898869
C             0.1999897262        0.0000103638        0.0002516577
C             0.2000153867       -0.0000153188        0.5001967835
C             0.1999347157        0.1999751750        0.0002675308
C             0.2005652160        0.2005479048        0.5001460245
C             0.1999534846        0.3999767671        0.0002238469
C             0.2003736081        0.4001868268        0.5002498884
C             0.1999347014        0.5999595988        0.0002675325
C             0.2005652095        0.6000173606        0.5001460228
C             0.1999897072        0.7999794225        0.0002516514
C             0.2000153683        0.8000307471        0.5001967796
C             0.4000206430        0.0000103480        0.0002516582
C             0.3999693184       -0.0000153237        0.5001967821
C             0.3999664925        0.1999329707        0.0003465108
C             0.4001926393        0.2003852425        0.5002898689
C             0.3999213834        0.3999209076        0.0003055785
C             0.4019686457        0.4024250387        0.5003066049
C             0.3999213656        0.6000005019        0.0003055787
C             0.4019686461        0.5995436203        0.5003066048
C             0.3999664755        0.8000335543        0.0003465172
C             0.4001926295        0.7998074205        0.5002898740
C             0.6000404809        0.0000653593        0.0002675344
C             0.5999827473       -0.0005651898        0.5001460399
C             0.6000404667        0.1999751739        0.0002675325
C             0.5999827332        0.2005479520        0.5001460364
C             0.5999995637        0.3999209092        0.0003055849
C             0.6004564081        0.4024250763        0.5003065756
C             0.6000000189        0.6000000350        0.0003839201
C             0.5999995367        0.8000786791        0.0003055827
C             0.6004563896        0.7980313274        0.5003065788
C             0.8000232976        0.0000465989        0.0002238556
C             0.7998132342       -0.0003735395        0.5002498921
C             0.8000022981        0.2000011786        0.0001623240
C             0.7999009929        0.1999505182        0.5002054977
C             0.8000232914        0.3999767590        0.0002238502
C             0.7998132281        0.4001868212        0.5002498871
C             0.8000791346        0.6000005254        0.0003055816
C             0.7975749670        0.5995436886        0.5003065577
C             0.8000791382        0.8000786931        0.0003055834
C             0.7975749737        0.7980313378        0.5003065584
C            -0.0000182359       -0.0000310319        0.2503008222
C            -0.0000662313       -0.0000709560        0.7501132662
C            -0.0000025002        0.2000025343        0.2502853974
C             0.0000057377        0.1999942846        0.7500477926
C            -0.0000024937        0.3999950190        0.2502853923
C             0.0000057419        0.4000114947        0.7500477896
C            -0.0000182313        0.6000128555        0.2503008215
C            -0.0000662327        0.6000047743        0.7501132718
C            -0.0000222860        0.7999888783        0.2502011428
C             0.0001519622        0.8000760055        0.7502630330
C             0.2000104152       -0.0000103410        0.2502497299
C             0.2000083811       -0.0000083378        0.7501971741
C             0.2000310989        0.2000182805        0.2503008089
C             0.2000709967        0.2000662552        0.7501132688
C             0.1999663319        0.3999831936        0.2502334241
C             0.2002722984        0.4001361747        0.7499856102
C             0.2000310864        0.6000128672        0.2503008094
C             0.2000709842        0.6000047822        0.7501132677
C             0.2000104010        0.8000208098        0.2502497347
C             0.2000083657        0.8000167646        0.7501971788
C             0.3999792501       -0.0000103499        0.2502497220
C             0.3999832796       -0.0000083396        0.7501971729
C             0.4000111711        0.2000223227        0.2502011297
C             0.3999240292        0.1998480374        0.7502630396
C             0.4000131731        0.4000629360        0.2500712387
C             0.4001707643        0.3998087225        0.7508208571
C             0.4000131562        0.5999502624        0.2500712443
C             0.4001707549        0.6003620752        0.7508208581
C             0.4000111551        0.7999888790        0.2502011307
C             0.3999240172        0.8000760215        0.7502630384
C             0.5999872136       -0.0000310336        0.2503008186
C             0.5999952935       -0.0000709457        0.7501132632
C             0.5999872083        0.2000182903        0.2503008135
C             0.5999952818        0.2000662702        0.7501132602
C             0.6000497947        0.4000629321        0.2500712442
C             0.5996380089        0.3998087035        0.7508208802
C             0.6000000277        0.6000000353        0.2494654251
C             0.5999999421        0.5999999885        0.7506885856
C             0.6000497743        0.7999868807        0.2500712583
C             0.5996379932        0.7998293280        0.7508208841
C             0.8000168658        0.0000337257        0.2502334473
C             0.7998639036       -0.0002722131        0.7499856103
C             0.8000050451        0.2000025458        0.2502854108
C             0.7999885595        0.1999942969        0.7500477977
C             0.8000168618        0.3999831864        0.2502334428
C             0.7998638903        0.4001361616        0.7499856095
C             0.7999371126        0.5999502755        0.2500712615
C             0.8001913195        0.6003620736        0.7508208656
C             0.7999371198        0.7999868915        0.2500712666
C             0.8001913264        0.7998293143        0.7508208720
