&CONTROL
calculation = 'scf'
restart_mode = 'from_scratch'
verbosity = 'high'
wf_collect = .true.
pseudo_dir='/home/jinyuchem/program/QE/pseudo-potential'
tprnfor = .true.
/
&SYSTEM
ibrav = 0
ecutwfc = 60
tot_charge = -1
nspin = 2
tot_magnetization = 2.0
nbnd = 456
nat = 215
ntyp = 2
input_dft = 'PBE0'
exx_fraction = 0.18
ecutfock = 120
/
&ELECTRONS
conv_thr = 1D-8
diago_full_acc=.true.
mixing_beta = 0.3
/
K_POINTS gamma
CELL_PARAMETERS angstrom
10.65000  0.000000  0.000000
0.000000  10.65000  0.000000
0.000000  0.000000  10.65000
ATOMIC_SPECIES
C  12.01099968  C_ONCV_PBE-1.0.upf
N  14.00699997  N_ONCV_PBE-1.0.upf
ATOMIC_POSITIONS crystal
C    0.000012926215    0.000041288470    0.000041359135
C    0.083278300443    0.083387931316    0.083388401377
C   -0.000134705056    0.166805191270    0.166806277838
C    0.082963835584    0.250195773060    0.250196382881
C    0.166636981434   -0.000020705371    0.166725800858
C    0.249880999125    0.083248023451    0.250030755410
C    0.166638519986    0.166728589903   -0.000021664189
C    0.249881501876    0.250031486594    0.083244766835
C   -0.000054898623    0.000193701663    0.333411778308
C    0.083123684836    0.083573840081    0.416720345955
C   -0.000431669947    0.167135024080    0.500159036165
C    0.083309151050    0.250029023842    0.583461625814
C    0.166920030183    0.000243235229    0.500129633680
C    0.250016165340    0.083373418048    0.583318903871
C    0.166390595499    0.166760863764    0.333377869032
C    0.249617233166    0.249998843623    0.416622996372
C    0.000107672615    0.000244624299    0.666768680915
C    0.083409383066    0.083466040301    0.750066957390
C    0.000038728088    0.166750095133    0.833403061229
C    0.083316299618    0.250154983538    0.916680126367
C    0.166736500001    0.000021979058    0.833332208104
C    0.250052181417    0.083375649928    0.916624353205
C    0.166800782116    0.166727472841    0.666648265671
C    0.250133605891    0.250184593958    0.749929041538
C   -0.000054879063    0.333414342747    0.000194832284
C    0.083123376829    0.416720408257    0.083572635344
C   -0.000429925243    0.500158288901    0.167133719508
C    0.083308662589    0.583460957045    0.250029651690
C    0.166391426032    0.333377460517    0.166757036998
C    0.249615111256    0.416624754033    0.249999193587
C    0.166920636560    0.500128708848    0.000242723683
C    0.250016437609    0.583318189279    0.083372735245
C   -0.000617515420    0.333735646740    0.333736593841
C    0.082470879264    0.417202473153    0.417199130592
C   -0.001285560824    0.500778936901    0.500777120647
C    0.082701494165    0.583552176545    0.583554275331
C    0.166320608569    0.333539415806    0.500087626323
C    0.249905236423    0.416832020374    0.583304303100
C    0.166321843083    0.500089623431    0.333538311283
C    0.249905210714    0.583303089229    0.416832092382
C    0.000167299396    0.333049683306    0.666652198315
C    0.083275681170    0.416886054482    0.750114952032
C    0.000855379413    0.500405238033    0.834441181212
C    0.083818981726    0.583347461969    0.917233277876
C    0.166768751885    0.333461017509    0.833255620853
C    0.250242160612    0.416752393125    0.916410805307
C    0.166556872168    0.500163696511    0.666671423047
C    0.250210573812    0.583404132317    0.749835606989
C    0.000109374436    0.666771728701    0.000242098125
C    0.083408975249    0.750064749198    0.083466825700
C    0.000038006908    0.833401856062    0.166746988814
C    0.083315519399    0.916679528159    0.250151438685
C    0.166800754304    0.666648454732    0.166725150690
C    0.250132996075    0.749927214395    0.250184742348
C    0.166739806402    0.833333070377    0.000018339303
C    0.250053250599    0.916625319515    0.083373856044
C    0.000168179612    0.666651425492    0.333049912447
C    0.083277976782    0.750112597212    0.416883585747
C    0.000851024673    0.834444598694    0.500404380390
C    0.083816418486    0.917235378086    0.583350475148
C    0.166558348450    0.666672026193    0.500164294095
C    0.250212517636    0.749834551977    0.583403744406
C    0.166768105009    0.833255714164    0.333457515944
C    0.250243617582    0.916408951756    0.416750093102
C   -0.000680743249    0.666573163472    0.666576229398
C    0.083048346080    0.749870372923    0.749870737969
C   -0.000050176870    0.833362728832    0.833364242882
C    0.083353668306    0.916685641120    0.916684248068
C    0.166791500409    0.666715787086    0.833341563104
C    0.250120774708    0.750035079629    0.916644038274
C    0.166793703754    0.833341289235    0.666719179733
C    0.250121585167    0.916644005670    0.750035502498
C    0.333381727629   -0.000052582600   -0.000053776517
C    0.416649875227    0.083220351936    0.083219630969
C    0.333170291321    0.166558765971    0.166555165354
C    0.416383021462    0.249791561350    0.249789636630
C    0.499980993451   -0.000280917441    0.166696214026
C    0.583170833897    0.083020614184    0.249888457107
C    0.499978512074    0.166695501679   -0.000279942168
C    0.583170091225    0.249889538784    0.083019653835
C    0.333339049490   -0.000275396564    0.333371972040
C    0.416532362502    0.083017269305    0.416610570942
C    0.333005078315    0.166447862454    0.499916954171
C    0.416200521950    0.249559141192    0.583015944691
C    0.500030179128   -0.000205637338    0.500033199787
C    0.583353120399    0.083237547550    0.583295940733
C    0.499662408871    0.166177153456    0.333053574449
C    0.582812921112    0.249214927282    0.416131709830
C    0.333332203357    0.000071058394    0.666602256115
C    0.416776978434    0.083407095052    0.749936157627
C    0.333417944550    0.166789087656    0.833184097694
C    0.416798076797    0.250166661782    0.916309722471
C    0.500108447970    0.000058438111    0.833226625629
C    0.583303891145    0.083493951442    0.916454618611
C    0.500013225755    0.166797234036    0.666424875161
C    0.583524617056    0.250920047055    0.749091897803
C    0.333334012485    0.333374502525   -0.000275130387
C    0.416531402050    0.416613355225    0.083017997232
C    0.333006234075    0.499919371854    0.166448651152
C    0.416195069125    0.583018751139    0.249556108194
C    0.499662093775    0.333053923486    0.166176490484
C    0.582813152666    0.416130875732    0.249214430740
C    0.500027608667    0.500029602560   -0.000206941821
C    0.583353892481    0.583295626941    0.083238059817
C    0.332826589241    0.333109013643    0.333113074400
C    0.416010810349    0.416230864508    0.416232372824
C    0.333350596770    0.499940548888    0.499942534279
C    0.417449021074    0.583220092445    0.583221533551
C    0.498877962899    0.332114325254    0.499525064394
C    0.583897927816    0.416901547943    0.579253512329
C    0.498876436031    0.499523188076    0.332114817214
C    0.583894122193    0.579252629910    0.416900947810
C    0.333526948304    0.333485118621    0.666410271735
C    0.417869668160    0.417050422772    0.748970949777
C    0.333879070133    0.500199268981    0.832841029066
C    0.416770001408    0.583484510381    0.916647973448
C    0.500361672550    0.333724600801    0.832812139490
C    0.583672595228    0.417089502907    0.916199275048
C    0.502139497286    0.500909505691    0.664991239098
C    0.586264985433    0.584624776139    0.748099233478
C    0.333331574057    0.666599918407    0.000073100144
C    0.416774747533    0.749934525933    0.083404941288
C    0.333419370273    0.833186813833    0.166787371351
C    0.416802084902    0.916313593803    0.250168320541
C    0.500014157805    0.666425050951    0.166796712678
C    0.583524818186    0.749090008875    0.250918941356
C    0.500108933953    0.833225330927    0.000059267408
C    0.583303802805    0.916454580743    0.083495828938
C    0.333527713371    0.666408173660    0.333483808748
C    0.417868019112    0.748971530256    0.417048822528
C    0.333878942620    0.832842180179    0.500197583692
C    0.416767890396    0.916647313561    0.583486320563
C    0.502139986401    0.664988755736    0.500906286503
C    0.586263833342    0.748099451822    0.584621478168
C    0.500361497485    0.832812956520    0.333726039464
C    0.583674137192    0.916197619934    0.417088362151
C    0.333757100931    0.666598429212    0.666598218515
C    0.417135227530    0.749916523154    0.749916140264
C    0.333528612984    0.833267407457    0.833268590291
C    0.416824213955    0.916614107343    0.916615316118
C    0.500137532722    0.666444928212    0.833469097178
C    0.583578010848    0.750083517902    0.916649025203
C    0.500136069213    0.833468869359    0.666443488981
C    0.583577656460    0.916648804396    0.750083380980
C    0.666773907569    0.000248942342    0.000249278875
C    0.749929545362    0.083341888136    0.083342847609
C    0.666512582026    0.166327479606    0.166326393344
C    0.749624999856    0.249348691768    0.249349853673
C    0.833234540569    0.000248634464    0.166568623415
C    0.916596737363    0.083482078073    0.250103609941
C    0.833234695710    0.166568222173    0.000248924431
C    0.916597950653    0.250102571080    0.083480580237
C    0.666613932539   -0.000135939266    0.333362453277
C    0.749913500961    0.083284460947    0.416729051800
C    0.666493100547    0.166561905507    0.499887179262
C    0.749824378567    0.250355058388    0.583255789227
C    0.833294640097    0.000085963924    0.500122548805
C    0.916564438173    0.083541684813    0.583393269953
C    0.833019490283    0.166794572198    0.333348836399
C    0.915676645166    0.250936282541    0.416934747215
C    0.666763573418    0.000001376049    0.666668329733
C    0.750008918204    0.083489445170    0.749921907242
C    0.666761584820    0.167051977099    0.832967862400
C    0.750034395454    0.249721091818    0.917025032177
C    0.833370950203    0.000216185419    0.833471808606
C    0.916710474596    0.083431188386    0.916768098796
C    0.833255737813    0.166893565827    0.666670761696
C    0.916584668618    0.250073547193    0.750150849174
C    0.666613890382    0.333361821206   -0.000136385911
C    0.749911756716    0.416726487070    0.083283990874
C    0.666494394796    0.499885098247    0.166564517091
C    0.749823998527    0.583253564717    0.250353373674
C    0.833019279638    0.333348273281    0.166796305948
C    0.915675224212    0.416930309685    0.250933801215
C    0.833295399819    0.500121425803    0.000085285263
C    0.916564067202    0.583392138838    0.083539668780
C    0.666157800309    0.331823760041    0.331822290628
C    0.745880841907    0.416442868367    0.416441912250
C    0.831541117294    0.334791874904    0.500651753008
C    0.914669669848    0.418551931372    0.584373616021
C    0.831541667555    0.500652809145    0.334792854070
C    0.914670771964    0.584367083222    0.418553625803
C    0.667423696795    0.334799935233    0.665186517677
C    0.750841337017    0.417772657440    0.749555156397
C    0.667155128440    0.500435161962    0.832799451693
C    0.750156255157    0.583497225763    0.916440410025
C    0.833061166490    0.332599429719    0.834219316511
C    0.916697218452    0.416744155767    0.916927438791
C    0.839253916750    0.494753815119    0.674798687498
C    0.916006479011    0.582954455943    0.750096042268
C    0.666764557854    0.666668546038    0.000002699373
C    0.750012531173    0.749918145906    0.083491025374
C    0.666762179893    0.832969504642    0.167053035337
C    0.750035367484    0.917024272688    0.249720852893
C    0.833256212291    0.666669651227    0.166889407508
C    0.916584103372    0.750149290565    0.250072946759
C    0.833374252372    0.833473614238    0.000219002493
C    0.916709297634    0.916764606062    0.083431825647
C    0.667425078957    0.665186979929    0.334798498683
C    0.750836778815    0.749551925153    0.417772311585
C    0.667151131521    0.832796689189    0.500438386834
C    0.750154994195    0.916440797202    0.583497792668
C    0.839259307809    0.674802608094    0.494744095946
C    0.916005525547    0.750094894782    0.582960133041
C    0.833062144101    0.834218351593    0.332599634401
C    0.916698927718    0.916927302143    0.416745597059
C    0.666145115707    0.671140906770    0.671145014492
C    0.749415391942    0.749726224738    0.749728925450
C    0.667255923553    0.834298767553    0.834299522920
C    0.749961385485    0.917240977292    0.917244624866
C    0.833262731854    0.666882425223    0.833362164616
C    0.916578335791    0.749952697439    0.916731609489
C    0.833262162667    0.833361635158    0.666883808565
C    0.916576731934    0.916732846522    0.749952043399
N    0.659330724696    0.491589183238    0.491583866199
