&CONTROL
calculation = 'scf'
verbosity = 'high'
tprnfor=.TRUE.
tstress=.TRUE.
wf_collect = .true.
prefix='pwscf'
outdir = './'
pseudo_dir='/home/jinyuchem/program/QE/pseudo-potential'
/
&SYSTEM
ibrav = 0
ecutwfc = 60
tot_charge = 0
nspin = 2
tot_magnetization = 2.0
nbnd = 1080
nat = 511
ntyp = 2
/
&ELECTRONS
conv_thr = 1D-10
diago_full_acc=.true.
/
K_POINTS gamma
CELL_PARAMETERS angstrom
14.27200  0.000000  0.000000
0.000000  14.27200  0.000000
0.000000  0.000000  14.27200
ATOMIC_SPECIES
C  12.01099968  C_ONCV_PBE-1.0.upf
Si 28.0855      Si_ONCV_PBE-1.1.upf
ATOMIC_POSITIONS crystal
C   -0.000036918581   -0.000045614291   -0.000033346830
C    0.000090024802    0.000118045466    0.249937343713
C   -0.000056656843   -0.000015579611    0.499962200653
C   -0.000173854294   -0.000184300291    0.749993569139
C    0.000147628883    0.249873977231    0.000144993463
C    0.000356799888    0.249994872082    0.250051976583
C    0.000311515746    0.249902738766    0.500051244149
C    0.000083200320    0.249761948929    0.750169861832
C   -0.000001896464    0.499915830536   -0.000003699106
C    0.000331979442    0.500042674862    0.249845175010
C    0.000139844182    0.499975261417    0.499939731146
C   -0.000102977707    0.499881108850    0.750060223148
C   -0.000161819354    0.750006297420   -0.000152145362
C    0.000077281939    0.750146309791    0.249808793771
C   -0.000164250265    0.750067101921    0.499883467257
C   -0.000420030818    0.749914310311    0.749877385427
C    0.249935967247    0.000129511073    0.000096384194
C    0.250091391065    0.000373317987    0.250095379318
C    0.250017598445    0.000273426924    0.500107253592
C    0.249845573955    0.000057425802    0.750103484997
C    0.250066250430    0.249988593038    0.000354249010
C    0.250467818978    0.250446933769    0.250459560199
C    0.250557015687    0.250690689285    0.500463441358
C    0.249872138654    0.249930740432    0.750323473687
C    0.249848290259    0.500044192526    0.000333715403
C    0.250416400093    0.500317355222    0.250405581909
C    0.250090812959    0.500466255919    0.500588946622
C    0.248708459556    0.499920337194    0.751321168407
C    0.249809635831    0.750169150972    0.000089323499
C    0.249883270467    0.750264023043    0.249882688400
C    0.248990601745    0.750856481725    0.500024090379
C    0.249355755832    0.750194127362    0.750263178909
C    0.499961386197   -0.000010251346   -0.000050784080
C    0.500109639049    0.000265360035    0.250020000190
C    0.499989000363    0.000020229334    0.499985895012
C    0.499893935045   -0.000224314664    0.749895499856
C    0.500057267219    0.249898658226    0.000296832537
C    0.500473889214    0.250677701391    0.250552274358
C    0.500517610273    0.250756522885    0.500509203825
C    0.499911540598    0.249252628963    0.750953365184
C    0.499941527230    0.499976484756    0.000122469958
C    0.500590720702    0.500450188699    0.250086766929
C    0.499300486996    0.499796584199    0.750771151439
C    0.499880364390    0.750068483451   -0.000170443689
C    0.500017579857    0.750850929600    0.248991539083
C    0.499713028427    0.749551969842    0.499724914864
C    0.499279015005    0.749065472547    0.749507375237
C    0.749987053144   -0.000191610336   -0.000172170904
C    0.750101958788    0.000034021161    0.249844579739
C    0.749898549302   -0.000238636242    0.499892741181
C    0.749818489762   -0.000459403290    0.749819535605
C    0.750159395815    0.249754630346    0.000066737503
C    0.750325526661    0.249916460520    0.249868551572
C    0.750967483600    0.249257699714    0.499914366694
C    0.750238872752    0.249439796522    0.750229883998
C    0.750043922596    0.499875116321   -0.000123124637
C    0.751302646016    0.499900948532    0.248705258996
C    0.750782055057    0.499795259558    0.499313263770
C    0.750124815590    0.499002579320    0.750124209064
C    0.749861422795    0.749907391943   -0.000429837309
C    0.750241589921    0.750171363631    0.249363455363
C    0.749499717899    0.749040071302    0.499291349599
C    0.749295742168    0.749192857137    0.749301357269
C    0.000153899613    0.124985870581    0.125018606343
C    0.000261357611    0.125033428733    0.375015203314
C    0.000079189658    0.124770955491    0.625045880948
C   -0.000013551776    0.124826796657    0.875078469222
C    0.000286958770    0.374952318953    0.125053190410
C    0.000387566424    0.374983941846    0.374975015083
C    0.000132798001    0.374865111616    0.625079888211
C    0.000057941276    0.374808362822    0.875228706421
C    0.000132438139    0.625041224525    0.124734631073
C    0.000132264842    0.625087612423    0.374838136925
C   -0.000190653836    0.624961100728    0.624913407895
C   -0.000318341335    0.624941256771    0.874889678182
C   -0.000024507520    0.875080156607    0.124875528816
C   -0.000024123831    0.875184812589    0.374896823630
C   -0.000360438378    0.874902771763    0.624919218442
C   -0.000231768855    0.874921573602    0.874936242951
C    0.250150447684    0.125209387736    0.125256270669
C    0.250395636219    0.125522852533    0.375284881542
C    0.250028168051    0.125115196863    0.625183488730
C    0.249936833490    0.124968484732    0.875205511666
C    0.250272581905    0.375160416185    0.125417065472
C    0.250998676294    0.375851362496    0.375740862127
C    0.249650247643    0.375123251936    0.625774249681
C    0.249723459237    0.374907614666    0.875523181137
C    0.249948218388    0.625159504760    0.125022518139
C    0.249675789245    0.625470939242    0.375070778752
C    0.249323476662    0.625268647439    0.625408971185
C    0.249227179121    0.625051890274    0.875723084368
C    0.249942422985    0.875258984757    0.124977503663
C    0.249809878873    0.875424236382    0.374928953149
C    0.249462084811    0.875436732500    0.625074593321
C    0.249776414745    0.875105246475    0.875067115786
C    0.500146259675    0.125177346446    0.125212114094
C    0.500238207252    0.125418375815    0.375242622583
C    0.500069190728    0.125044181029    0.625100272412
C    0.499955139814    0.124650007355    0.875275096230
C    0.500225658585    0.375167189335    0.125221386239
C    0.502053003688    0.377687146715    0.377215745371
C    0.499517742894    0.373848711786    0.627640051952
C    0.499854607821    0.374716412391    0.875509731360
C    0.500091080945    0.625177496622    0.124782102469
C    0.500030420135    0.627012484203    0.373088134465
C    0.492870955558    0.623597532758    0.626006619036
C    0.499619964974    0.624846665689    0.875087277392
C    0.499973915876    0.875371754527    0.124657161134
C    0.499982986232    0.875145380242    0.374766473670
C    0.499719771737    0.874567284058    0.624800117558
C    0.499772507858    0.874760704178    0.874750236617
C    0.750138650812    0.124908910520    0.124939969043
C    0.750205964563    0.124875463746    0.374942046838
C    0.750085346359    0.124677846070    0.625019259781
C    0.750013166610    0.124619395025    0.875022022119
C    0.750348612394    0.374874976930    0.124738831699
C    0.751013447599    0.374740829464    0.374410797889
C    0.751655154148    0.373585935432    0.625398622846
C    0.750265379381    0.374607942514    0.875345488270
C    0.750175837844    0.625077585168    0.124534501934
C    0.751875762418    0.624974573705    0.373054054957
C    0.748841817401    0.623578278014    0.623783053984
C    0.749575327835    0.624609031199    0.874538902530
C    0.750027577321    0.875041234432    0.124648929123
C    0.750064563159    0.874992736298    0.374733779001
C    0.749416821050    0.874176161283    0.624564049692
C    0.749764067203    0.874636338167    0.874613114388
C    0.125004730394    0.000157665757    0.125013101782
C    0.125098295942    0.000299589747    0.375032149017
C    0.124815549398    0.000098508855    0.625054692899
C    0.124864734710   -0.000013767797    0.875063588662
C    0.125252581683    0.250052957429    0.125245784979
C    0.125471585619    0.250304239080    0.375228689669
C    0.125026325433    0.249964740669    0.625221541767
C    0.124990780308    0.249888785980    0.875259472297
C    0.125125914899    0.500063337304    0.125127161403
C    0.125209369536    0.500194421238    0.375139328926
C    0.124793072402    0.500060914301    0.625232488504
C    0.124550422618    0.499945700933    0.875448555752
C    0.124952813386    0.750136790965    0.124960259685
C    0.124761349031    0.750294575769    0.374948105553
C    0.124565905064    0.750194257642    0.625072040052
C    0.124625170616    0.750066767541    0.875076987972
C    0.375031476551    0.000301232414    0.125104948550
C    0.375104746834    0.000311875242    0.375106088182
C    0.374936539747    0.000050271794    0.625036345848
C    0.374899853691   -0.000008644132    0.875069518035
C    0.375241035758    0.250291277879    0.125463743967
C    0.375874563250    0.251363571142    0.375869816724
C    0.375120072679    0.250122938677    0.625580498250
C    0.374882736402    0.249788486999    0.875457978518
C    0.375151378655    0.500186285286    0.125202110926
C    0.376997346275    0.501537626237    0.376989674833
C    0.372459933592    0.499396511147    0.628472800602
C    0.374524946523    0.499952984758    0.875591619216
C    0.374948360819    0.750303017610    0.124759485956
C    0.374557804852    0.750594520354    0.374559115233
C    0.373564394365    0.750938071683    0.625168825238
C    0.374657936425    0.750123564156    0.875249245528
C    0.625052267512    0.000088564615    0.124816754297
C    0.625039499569    0.000030957738    0.374934147606
C    0.624859467187   -0.000313954483    0.624856177240
C    0.624905408202   -0.000356245923    0.874781559360
C    0.625220576533    0.249954284079    0.125012733857
C    0.625591344018    0.250118715889    0.375121129660
C    0.625238267615    0.249877664728    0.625233854507
C    0.625063716439    0.249448675565    0.875524753602
C    0.625226280608    0.500047299727    0.124784724002
C    0.628466463716    0.499383773160    0.372472398991
C    0.627944771149    0.492264286560    0.627930806476
C    0.624839993384    0.499712320541    0.875119341170
C    0.625058079005    0.750185521847    0.124563019858
C    0.625155483860    0.750909920113    0.373573491590
C    0.623641073347    0.747678996749    0.623652299499
C    0.624582057723    0.749488664955    0.874427487863
C    0.875058326664   -0.000029109762    0.124866223348
C    0.875068611598   -0.000026050251    0.374898635895
C    0.874781117088   -0.000360677697    0.624907746804
C    0.874918394221   -0.000269728865    0.874922166251
C    0.875254994509    0.249881279041    0.124977191987
C    0.875470130169    0.249787050607    0.374878478456
C    0.875541298377    0.249454894271    0.625066491935
C    0.875123470799    0.249707599509    0.875118893972
C    0.875435604045    0.499932850512    0.124542440795
C    0.875589707863    0.499943621437    0.374522773037
C    0.875135525680    0.499710771570    0.624848186658
C    0.874981473638    0.499683588512    0.874980037489
C    0.875057011770    0.750050752703    0.124624495773
C    0.875235953355    0.750097699196    0.374663974690
C    0.874438098853    0.749489853986    0.624593691789
C    0.874648870837    0.749803183791    0.874655221663
C    0.125019117499    0.124987744072    0.000155644906
C    0.125256714623    0.125212846844    0.250147730892
C    0.125214241752    0.125182580563    0.500142227559
C    0.124946697676    0.124920385285    0.750140317214
C    0.125063301439    0.374948854596    0.000290787904
C    0.125419937493    0.375171823794    0.250256628371
C    0.125238170535    0.375182717649    0.500218520730
C    0.124753917605    0.374894642312    0.750358697495
C    0.124739007186    0.625048886945    0.000143391761
C    0.125016222397    0.625154092056    0.249945614971
C    0.124790613385    0.625179813077    0.500091438596
C    0.124535135493    0.625087519256    0.750195236885
C    0.124867288124    0.875091990722   -0.000011362677
C    0.124970383443    0.875252010900    0.249946805567
C    0.124657446698    0.875372790190    0.499979256967
C    0.124648807456    0.875058781989    0.750039167604
C    0.375022663310    0.125033950221    0.000258862421
C    0.375291254246    0.125518493827    0.250397685583
C    0.375244770547    0.125424946315    0.500227156433
C    0.374943437706    0.124888413884    0.750195349426
C    0.374983130417    0.374984185057    0.000377437258
C    0.375755958499    0.375836561290    0.250989163847
C    0.377215893815    0.377694741362    0.502046926700
C    0.374406710092    0.374738972794    0.751010153623
C    0.374839534923    0.625095730044    0.000129334147
C    0.375079589906    0.625470708711    0.249667703714
C    0.373082495855    0.627020797681    0.500038988060
C    0.373047268080    0.625000851807    0.751891693461
C    0.374896324742    0.875202800436   -0.000018573789
C    0.374926106783    0.875423049159    0.249813779467
C    0.374762362066    0.875156551967    0.499986805733
C    0.374726950100    0.875021507189    0.750077392265
C    0.625042397884    0.124763015332    0.000074679044
C    0.625190411916    0.125101420930    0.250023362916
C    0.625109694658    0.125038182488    0.500061239134
C    0.625025439958    0.124677153023    0.750078522143
C    0.625072466302    0.374866497491    0.000110792076
C    0.625772361037    0.375107254593    0.249648839073
C    0.627651718913    0.373854513982    0.499524707298
C    0.625398162290    0.373582032476    0.751639882380
C    0.624909539904    0.624948190011   -0.000207896889
C    0.625392444186    0.625249730195    0.249328832651
C    0.626008381835    0.623583683821    0.492889956380
C    0.623769473057    0.623582996860    0.748831423836
C    0.624909874394    0.874898986343   -0.000364217840
C    0.625063459384    0.875418281699    0.249464609430
C    0.624793701776    0.874553359258    0.499724332731
C    0.624559991412    0.874186478302    0.749422762473
C    0.875078030644    0.124822089427   -0.000014101688
C    0.875208247323    0.124958873856    0.249930518849
C    0.875284980026    0.124650004892    0.499952944099
C    0.875024299101    0.124624395954    0.750011943020
C    0.875220414265    0.374801287676    0.000046102548
C    0.875519928978    0.374897769286    0.249715575038
C    0.875523905054    0.374714060183    0.499854736561
C    0.875364651031    0.374607640960    0.750267504996
C    0.874873030501    0.624939095290   -0.000325868272
C    0.875707544665    0.625034107488    0.249228366432
C    0.875094395299    0.624840680462    0.499625464143
C    0.874545727810    0.624615648557    0.749592651470
C    0.874929301605    0.874917146132   -0.000227957296
C    0.875054517796    0.875075056397    0.249779919003
C    0.874743588904    0.874740248346    0.499778049718
C    0.874610107243    0.874636203438    0.749772000221
C    0.187565145195    0.062745627934    0.187566945652
C    0.187692888753    0.062843286533    0.437585849511
C    0.187401722564    0.062514290158    0.687605160121
C    0.187413883412    0.062505469059    0.937607261082
C    0.187831676649    0.312672408737    0.187822495464
C    0.188053919501    0.312990530260    0.437890782032
C    0.187246217022    0.312388298674    0.687848274003
C    0.187421785659    0.312418798217    0.937873715171
C    0.187493908433    0.562802375303    0.187494232828
C    0.187356674790    0.562774095702    0.437636426688
C    0.186898158991    0.562550400518    0.687984643409
C    0.187037570137    0.562564729315    0.937956417836
C    0.187346166765    0.812803992621    0.187349579533
C    0.186938016367    0.813058928859    0.437414927253
C    0.187014161856    0.812715465414    0.687634071008
C    0.187213521536    0.812633987382    0.937516787517
C    0.437590262396    0.062840107526    0.187695745890
C    0.437630428463    0.062807993611    0.437626272237
C    0.437449159309    0.062455704875    0.687557651346
C    0.437442920465    0.062397060685    0.937669037918
C    0.437901917024    0.312972683147    0.188041253718
C    0.438815061807    0.314783004057    0.438812414834
C    0.437322736421    0.311591722131    0.688914526861
C    0.437432305602    0.312279505609    0.937937933654
C    0.437642350785    0.562767372320    0.187350506505
C    0.434029296520    0.563083654817    0.690008550638
C    0.437259597473    0.562448722050    0.937724530382
C    0.437411815116    0.813058868401    0.186937811886
C    0.437231824918    0.812622372860    0.437237593193
C    0.436897556672    0.812405555352    0.687382759513
C    0.437272753764    0.812561103927    0.937489379269
C    0.687608755493    0.062498873610    0.187398635340
C    0.687566342534    0.062439235683    0.437444326054
C    0.687406317474    0.062170871896    0.687400829158
C    0.687478102436    0.062179228228    0.937386047247
C    0.687844331104    0.312372157375    0.187238831605
C    0.688925321779    0.311598296622    0.437330440341
C    0.687916536188    0.311896317811    0.687906254047
C    0.687544632456    0.312182553848    0.937731936166
C    0.687968296040    0.562536309091    0.186897993628
C    0.690003380998    0.563066068476    0.434047803212
C    0.685517776273    0.560954014954    0.685516519056
C    0.687352895990    0.562298699526    0.937281588030
C    0.687620565319    0.812699014192    0.187015731166
C    0.687370658572    0.812377047332    0.436907578486
C    0.686614709464    0.811106026580    0.686622282913
C    0.687267319463    0.812192557781    0.937017271048
C    0.937603819726    0.062495068703    0.187412345668
C    0.937668785719    0.062392260285    0.437439912643
C    0.937384694335    0.062183399532    0.687479758843
C    0.937462662580    0.062324995300    0.937465385108
C    0.937866511610    0.312418579417    0.187404944579
C    0.937949251237    0.312279590346    0.437426783471
C    0.937753170694    0.312181798782    0.687550815778
C    0.937529444642    0.312355774073    0.937525678807
C    0.937945653589    0.562554615719    0.187034281414
C    0.937732116745    0.562441596468    0.437257623668
C    0.937300660730    0.562307226744    0.687364733309
C    0.937366643125    0.562429875494    0.937370047087
C    0.937500186367    0.812608349410    0.187214695459
C    0.937481632272    0.812540983037    0.437277878743
C    0.937024220890    0.812197822003    0.687280705481
C    0.937230027715    0.812438427528    0.937238696974
C    0.062500403288    0.062522996965    0.062504632047
C    0.062644753277    0.062667912940    0.312499123436
C    0.062524988418    0.062504207207    0.562543897058
C    0.062375535582    0.062364944645    0.812560897855
C    0.062633217817    0.312474198342    0.062631486924
C    0.062921041023    0.312564958683    0.312604873623
C    0.062683110834    0.312420392934    0.562616551426
C    0.062411015296    0.312338742562    0.812694426367
C    0.062488885186    0.562580416595    0.062490407555
C    0.062609085018    0.562614281092    0.312421983901
C    0.062377820982    0.562518930236    0.562556518893
C    0.062160554064    0.562455100352    0.812666698043
C    0.062316642411    0.812630704728    0.062327088363
C    0.062409410851    0.812741714144    0.312311721362
C    0.062189103581    0.812604069384    0.562458261157
C    0.062123335176    0.812511262383    0.812454681549
C    0.312501037139    0.062671441097    0.062647946691
C    0.312661787473    0.062941095588    0.312662602814
C    0.312578925983    0.062728324108    0.562601248777
C    0.312375580713    0.062446763009    0.812646249108
C    0.312621410486    0.312556121251    0.062914468580
C    0.313175687971    0.313274574423    0.313165507533
C    0.312960488572    0.313420549472    0.563197353292
C    0.312230614037    0.312295147298    0.813146018550
C    0.312427321400    0.562617146779    0.062610701338
C    0.312356673806    0.563482800455    0.312344052139
C    0.311742996595    0.562684015536    0.563186758163
C    0.311189663384    0.562586501570    0.813770144093
C    0.312312785915    0.812759512877    0.062416238076
C    0.312228226386    0.813066377771    0.312232234433
C    0.311511086848    0.813254315018    0.562574957261
C    0.312154359570    0.812599806574    0.812642703043
C    0.562543462266    0.062500358375    0.062527191608
C    0.562608358400    0.062715526609    0.312577485384
C    0.562510373555    0.062474915193    0.562505103891
C    0.562397953439    0.062214562094    0.812480984612
C    0.562620630223    0.312414673053    0.062662121693
C    0.563202901206    0.313411023335    0.312960131041
C    0.562759975918    0.312924848634    0.562757103169
C    0.562458954452    0.311634431257    0.813475119965
C    0.562555869857    0.562511126610    0.062364134355
C    0.563177405533    0.562666865346    0.311749778811
C    0.561902762490    0.562033832193    0.812420172795
C    0.562447435979    0.812601573145    0.062186811405
C    0.562565632220    0.813235353494    0.311516133918
C    0.561970314864    0.811734090066    0.561979192276
C    0.562028501685    0.811814161254    0.811938603702
C    0.812558232996    0.062354870103    0.062374418114
C    0.812651431135    0.062430004484    0.312370911371
C    0.812487741434    0.062210171521    0.562394271376
C    0.812410924814    0.062105939459    0.812410494399
C    0.812684501375    0.312324102609    0.062396443445
C    0.813149940828    0.312290931554    0.312230728818
C    0.813492234991    0.311640914659    0.562464775450
C    0.812613584908    0.312213121443    0.812605610787
C    0.812645522022    0.562448151610    0.062150917824
C    0.813753006347    0.562567156508    0.311186761880
C    0.812431044543    0.562030786822    0.561913987469
C    0.812082396649    0.562173844140    0.812086790530
C    0.812441028557    0.812498202433    0.062119744585
C    0.812624787377    0.812570207253    0.312161990814
C    0.811934372114    0.811796459935    0.562036197088
C    0.812026484724    0.812036940693    0.812032122117
C    0.062702468645    0.187562247357    0.187550658895
C    0.062853923651    0.187576850668    0.437574998354
C    0.062512865410    0.187295609926    0.687610833831
C    0.062491981903    0.187404507869    0.937603364384
C    0.062809081035    0.437544214876    0.187589388031
C    0.062708783377    0.437529590671    0.437569933304
C    0.062381744386    0.437405731882    0.687670318817
C    0.062346281341    0.437448383523    0.937759038572
C    0.062422798691    0.687697103614    0.187243554701
C    0.062380710544    0.687634759478    0.437415469263
C    0.062114909010    0.687515792000    0.687541588850
C    0.062188573254    0.687554296008    0.937442000666
C    0.062481018795    0.937660740031    0.187401529076
C    0.062397024502    0.937732645277    0.437452232400
C    0.062213022783    0.937463553101    0.687495073606
C    0.062309351031    0.937496038667    0.937456438700
C    0.312722604130    0.187829976824    0.187862548536
C    0.313050790898    0.188294933809    0.437916211448
C    0.312405060607    0.187487441609    0.687767646197
C    0.312454317066    0.187421531130    0.937841060492
C    0.312899134308    0.437861191950    0.187928031006
C    0.313640835770    0.438884629066    0.438694283030
C    0.310577717394    0.437511927818    0.689468249334
C    0.312301102448    0.437402404700    0.937976090128
C    0.312206039767    0.687891825994    0.187116222020
C    0.310814113928    0.688910459957    0.437076346926
C    0.311481756693    0.687767569904    0.688079922872
C    0.312128345612    0.687637514858    0.937766783476
C    0.312465441938    0.937880390886    0.187455720350
C    0.312392197130    0.937825393610    0.437462405617
C    0.312270738635    0.937631300947    0.687560149644
C    0.312343135292    0.937593029895    0.937548281454
C    0.562729972964    0.187724059434    0.187726232181
C    0.562773971398    0.187922969589    0.437676322592
C    0.562505915403    0.187330364347    0.687725773193
C    0.562522823122    0.187108757412    0.937833843698
C    0.562873033669    0.437636712884    0.187402613390
C    0.562443224176    0.435492366820    0.689379665700
C    0.562404074401    0.437302453441    0.937710742538
C    0.562632065160    0.687769412679    0.186965663041
C    0.562950156679    0.688632688735    0.434854066735
C    0.560424630964    0.684767050359    0.685256849453
C    0.562276751358    0.687331381736    0.937275287369
C    0.562544501591    0.937848350705    0.187189696149
C    0.562424813412    0.937454117587    0.437376896106
C    0.562268686168    0.937073847345    0.687257901940
C    0.562362547313    0.937314433720    0.937278321390
C    0.812721225094    0.187387930174    0.187408285681
C    0.813039435043    0.187051650058    0.437418396929
C    0.812692629180    0.187061428068    0.687565899136
C    0.812553810265    0.187228970229    0.937516296919
C    0.813275520470    0.437436608044    0.186756557157
C    0.813184694537    0.437218904172    0.437086225716
C    0.812823035017    0.437011605329    0.687420571696
C    0.812545570837    0.437324203364    0.937471587062
C    0.812778939782    0.687589555876    0.186961679979
C    0.812849851522    0.687381891060    0.436727311954
C    0.811493670468    0.686650985025    0.686751421903
C    0.812226758321    0.687330794832    0.937065237918
C    0.812561266806    0.937515281384    0.187260839841
C    0.812473577247    0.937377410575    0.437307895611
C    0.812099687567    0.936951421883    0.687222255983
C    0.812348420710    0.937268450713    0.937226626166
C    0.187557468935    0.187560033097    0.062699966314
C    0.187867828562    0.187836265695    0.312714976598
C    0.187734570783    0.187734039642    0.562725072965
C    0.187417762926    0.187398232258    0.812719769169
C    0.187598665310    0.437539382130    0.062815277154
C    0.187935242296    0.437873058899    0.312883184313
C    0.187410496421    0.437653430374    0.562873420333
C    0.186763537524    0.437454025788    0.813290544654
C    0.187247042774    0.687709192303    0.062433892089
C    0.187117979856    0.687886546371    0.312199316237
C    0.186963351973    0.687777444629    0.562640358850
C    0.186959532822    0.687604645435    0.812798665336
C    0.187395693779    0.937669756821    0.062491400878
C    0.187448503119    0.937878828888    0.312469767260
C    0.187189542558    0.937858499450    0.562549055928
C    0.187261314821    0.937540923261    0.812566944383
C    0.437583797114    0.187572408850    0.062846604207
C    0.437925652365    0.188288604619    0.313051185153
C    0.437680280724    0.187927249173    0.562764927155
C    0.437419230884    0.187051325360    0.813024768931
C    0.437580599575    0.437524106688    0.062694467749
C    0.438701730748    0.438873173634    0.313634981029
C    0.437077313375    0.437217482863    0.813180028784
C    0.437411644052    0.687642340095    0.062377093305
C    0.437072365595    0.688907217614    0.310810912986
C    0.434837951532    0.688650043918    0.562963840613
C    0.436721884244    0.687406044797    0.812861781059
C    0.437450118171    0.937738876701    0.062402855449
C    0.437460722924    0.937820296536    0.312395875146
C    0.437376763521    0.937467066201    0.562425946502
C    0.437305628861    0.937400632767    0.812477093990
C    0.687607308815    0.187286230210    0.062502558400
C    0.687776573530    0.187475183032    0.312403858205
C    0.687734099420    0.187330341229    0.562500337965
C    0.687572245830    0.187057179547    0.812683373417
C    0.687660605299    0.437397107183    0.062364570438
C    0.689461024396    0.437501692596    0.310581202687
C    0.689399741124    0.435495059689    0.562448531643
C    0.687414289258    0.437012630751    0.812809955255
C    0.687527070628    0.687504756029    0.062106669750
C    0.688062196732    0.687739208523    0.311488459187
C    0.685251826115    0.684751663314    0.560444062303
C    0.686739464102    0.686648065856    0.811485593585
C    0.687488744115    0.937452343379    0.062213396834
C    0.687554284934    0.937605285388    0.312271818671
C    0.687257615111    0.937062997967    0.562269509281
C    0.687220012625    0.936956834515    0.812103075389
C    0.937601570293    0.187401512992    0.062488211146
C    0.937845164198    0.187421976158    0.312444474359
C    0.937844118271    0.187116349518    0.562521283922
C    0.937520311302    0.187233225648    0.812553165730
C    0.937751300343    0.437442630206    0.062336221553
C    0.937975671094    0.437394938590    0.312293327787
C    0.937730807981    0.437298087666    0.562406554308
C    0.937486905539    0.437327845560    0.812553390769
C    0.937422172236    0.687547698756    0.062187936384
C    0.937754299445    0.687615441797    0.312132402290
C    0.937287073506    0.687337152203    0.562282481903
C    0.937074139187    0.687335830525    0.812245609605
C    0.937449634616    0.937487591206    0.062313209116
C    0.937541173008    0.937571541476    0.312342970343
C    0.937271907561    0.937304222327    0.562366914232
C    0.937220511436    0.937270988535    0.812355422766
C    0.569604070764    0.438855285336    0.436472607477
C    0.436453315854    0.438856167580    0.569606265676
C    0.434581260483    0.570228678511    0.434591049830
Si    0.531216121056    0.531232024354    0.531224410551
