&CONTROL
calculation = 'scf'
verbosity = 'high'
tprnfor=.TRUE.
tstress=.TRUE.
wf_collect = .true.
prefix='pwscf'
outdir = './'
pseudo_dir='/home/jinyuchem/program/QE/pseudo-potential'
/
&SYSTEM
ibrav = 0
ecutwfc = 85
tot_charge = -1
nspin = 2
tot_magnetization = 2.0
nbnd = 800
nat = 215
ntyp = 2
/
&ELECTRONS
conv_thr = 1D-10
diago_full_acc=.true.
/
K_POINTS gamma
CELL_PARAMETERS angstrom
10.70400  0.000000  0.000000
0.000000  10.70400  0.000000
0.000000  0.000000  10.70400
ATOMIC_SPECIES
C  12.01099968  C_ONCV_PBE-1.0.upf
N  14.00699997  N_ONCV_PBE-1.0.upf
ATOMIC_POSITIONS crystal
C    0.000035485363   -0.000046438288    0.000126829151
C    0.083290755383    0.083380585468    0.083436633071
C   -0.000160718853    0.166834179621    0.166850413280
C    0.082877337882    0.250274187007    0.250244063526
C    0.166582919289   -0.000060236111    0.166723397259
C    0.249814320992    0.083248162087    0.249965244453
C    0.166685266679    0.166714918877    0.000017123047
C    0.249896225902    0.250089321261    0.083228770441
C   -0.000102215984    0.000206068868    0.333408032930
C    0.083145264403    0.083520967766    0.416649306617
C   -0.000283911858    0.166985790498    0.500125431926
C    0.083827669661    0.249526350946    0.583494922007
C    0.166913789868    0.000221469974    0.500115731632
C    0.250019507648    0.083331767850    0.583278437515
C    0.166310399621    0.166782130974    0.333347880669
C    0.249521727930    0.250041350630    0.416526599359
C    0.000293090543    0.000390086709    0.666822407397
C    0.083619312274    0.083425625863    0.750132110794
C    0.000245053300    0.166564782644    0.833577339921
C    0.083457987446    0.250142807336    0.916791028699
C    0.166795331540   -0.000047151497    0.833366959328
C    0.250104652059    0.083379965352    0.916622652681
C    0.167097846982    0.166533400837    0.666629683622
C    0.250314340854    0.250182124494    0.749926904623
C    0.000006446797    0.333433752708    0.000339539480
C    0.083082735436    0.416812997334    0.083775243381
C   -0.000664685344    0.500288137620    0.167439158346
C    0.082741518489    0.583582606343    0.250592944840
C    0.166325841317    0.333459040227    0.166794403517
C    0.249496910469    0.416722192159    0.249983183783
C    0.167010416662    0.500159420060    0.000344157845
C    0.250064997608    0.583342738893    0.083399374712
C   -0.000740822758    0.333816206223    0.333854175932
C    0.082332549027    0.417289041993    0.417286830944
C   -0.001467909289    0.500608223593    0.501133375651
C    0.082578215685    0.583555471453    0.583630918173
C    0.166327816147    0.333544294181    0.500078525604
C    0.249934320985    0.416866170961    0.583261227561
C    0.166092616016    0.500173439759    0.333654400274
C    0.249779595528    0.583351797359    0.416832939544
C    0.001077432673    0.331994468006    0.666638111565
C    0.083666111442    0.416607146145    0.750168721901
C    0.001154666400    0.500226878758    0.834489739852
C    0.083948201121    0.583289409410    0.917282942069
C    0.167004991879    0.333433616252    0.833338791134
C    0.250441092402    0.416812892913    0.916416094994
C    0.166613581139    0.500168041948    0.666684785197
C    0.250318238947    0.583446858514    0.749766777771
C   -0.000001119163    0.666696031376    0.000162353318
C    0.083261358137    0.750024500241    0.083514285950
C   -0.000120279387    0.833287645708    0.166907741661
C    0.083226627366    0.916617722265    0.250168395855
C    0.166530795362    0.666643146049    0.166901035726
C    0.250007437451    0.749898139243    0.250208815918
C    0.166714667974    0.833277808007    0.000046231356
C    0.250030022412    0.916582898310    0.083361176958
C   -0.000784357217    0.666754363014    0.334132767258
C    0.082926649049    0.750171648497    0.417159656353
C    0.000651722405    0.834599480811    0.500609183445
C    0.083830566944    0.917308938054    0.583355210388
C    0.166394574335    0.666657504756    0.500201453564
C    0.250140764556    0.749832781063    0.583348444368
C    0.166562743932    0.833191272302    0.333517081569
C    0.250135680878    0.916347932555    0.416670911881
C   -0.000868199212    0.666636027076    0.666446486092
C    0.082970912816    0.749817797215    0.749815852586
C   -0.000035735849    0.833392740408    0.833297642833
C    0.083380339930    0.916605145417    0.916713285903
C    0.166827472132    0.666696056118    0.833332449183
C    0.250180364055    0.750024152351    0.916594109560
C    0.166736651719    0.833321091990    0.666685369179
C    0.250101758859    0.916612026782    0.749999875769
C    0.333392033180   -0.000059911535   -0.000085828372
C    0.416633485891    0.083248593341    0.083146240686
C    0.333136165084    0.166566716306    0.166467990538
C    0.416289796718    0.249849658286    0.249622500764
C    0.499946962599   -0.000315788242    0.166568330190
C    0.583092870385    0.083092806291    0.249676438193
C    0.500015521493    0.166782603571   -0.000358026745
C    0.583193690451    0.250041749849    0.082854959313
C    0.333236511040   -0.000316125622    0.333278526267
C    0.416344304664    0.083092442236    0.416424686338
C    0.332840171892    0.166406910548    0.499801391138
C    0.416010094604    0.249384302675    0.582905651452
C    0.499801405119    0.000060385415    0.499833093621
C    0.583241242881    0.083349458502    0.583202459100
C    0.499511378313    0.166147330423    0.332843560292
C    0.582671292425    0.249018367573    0.416004397653
C    0.333189970258    0.000197212063    0.666513737373
C    0.416714747906    0.083452215613    0.749905365088
C    0.333516562816    0.166833588731    0.833170146125
C    0.416910394736    0.250274262957    0.916209431745
C    0.500074935104    0.000205527402    0.833229136639
C    0.583316361719    0.083521177899    0.916476802717
C    0.499913848946    0.166745879254    0.666354285452
C    0.583527934999    0.250709786940    0.749053837674
C    0.333460778624    0.333458918864   -0.000341296932
C    0.416648500080    0.416722456990    0.082831318220
C    0.333075450393    0.499973195290    0.166409722286
C    0.416277714300    0.583007635971    0.249611082514
C    0.499672068014    0.333155590914    0.166048879453
C    0.582845380035    0.416143803068    0.249252278968
C    0.500319323079    0.500173463882   -0.000572466148
C    0.583498761161    0.583351880603    0.083114042528
C    0.332715815670    0.333155379071    0.333005772136
C    0.415918294653    0.416143647982    0.416179121059
C    0.333322188974    0.499978054411    0.499846455906
C    0.417492892624    0.583314446022    0.583053118642
C    0.498617082556    0.331718109195    0.499429187116
C    0.583541635514    0.416048574516    0.579303005114
C    0.499008133626    0.499493212140    0.332341751123
C    0.584169634551    0.579319216969    0.417502826126
C    0.333594723035    0.333521082590    0.666289793058
C    0.417986791767    0.417116452578    0.748801221213
C    0.334105072249    0.500287711065    0.832668508116
C    0.417258356494    0.583581830271    0.916075327004
C    0.500520542975    0.333816282540    0.832592046681
C    0.583952468058    0.417288249796    0.915667775547
C    0.502215536664    0.500797071715    0.664570522808
C    0.587300145316    0.584542417139    0.746287220128
C    0.333566572727    0.666643189364   -0.000135867159
C    0.416875074832    0.749897971275    0.083340427949
C    0.333385682624    0.833138184397    0.166718285783
C    0.416736963036    0.916266951732    0.250068541573
C    0.500126372381    0.666395291768    0.166806058423
C    0.583585940518    0.749016343398    0.251127660273
C    0.500183402588    0.833191544136   -0.000104240167
C    0.583338161406    0.916348548063    0.083468240858
C    0.333472706902    0.666395051616    0.333460041344
C    0.417794313574    0.749016007895    0.416917856009
C    0.333762392292    0.832885269037    0.500107493935
C    0.416406206654    0.917067658144    0.583341839125
C    0.502057175708    0.665326671181    0.500887383220
C    0.585230049074    0.750037707708    0.584199444415
C    0.500329086111    0.832871773315    0.333661054937
C    0.583518663764    0.916640601278    0.416850683009
C    0.333807191851    0.666633672452    0.666480070100
C    0.417206930266    0.750172389744    0.749591769992
C    0.333575529871    0.833287252492    0.833212245536
C    0.416836051735    0.916617329417    0.916558556698
C    0.500799803411    0.666754125489    0.832549045901
C    0.583826010840    0.750171906023    0.916261265072
C    0.499631738474    0.834362483358    0.666151818462
C    0.583455192581    0.917058585352    0.749968748380
C    0.666782956109    0.000222235537    0.000246268589
C    0.749946494229    0.083333049953    0.083352528480
C    0.666469716671    0.166407544591    0.166173475268
C    0.749573988156    0.249384715739    0.249343639193
C    0.833182187781    0.000199102159    0.166522389094
C    0.916574098669    0.083452956327    0.250047619606
C    0.833298333838    0.166533402791    0.000431428674
C    0.916595174456    0.250182070203    0.083648258267
C    0.666500845595    0.000060269771    0.333134063308
C    0.749869963898    0.083349286661    0.416573381516
C    0.666418608853    0.166431865390    0.499751319299
C    0.749885603437    0.249953528598    0.583218776973
C    0.833291472743    0.000302882394    0.500056634539
C    0.916668189296    0.083538014313    0.583388262896
C    0.833022106644    0.166746249132    0.333247084559
C    0.915720849040    0.250709641860    0.416861239702
C    0.666723590026    0.000302683995    0.666624265395
C    0.750055462838    0.083538120621    0.750000720093
C    0.666792918640    0.166985566124    0.833048211104
C    0.750162843763    0.249525523381    0.917162006474
C    0.833489978220    0.000390247476    0.833625784352
C    0.916799899639    0.083425863657    0.916952440758
C    0.833403041991    0.166661845950    0.666735641024
C    0.916944103104    0.249564031637    0.750277281076
C    0.666745424712    0.333544062038   -0.000338180634
C    0.749927844679    0.416865987190    0.083269102707
C    0.666512266841    0.499978415125    0.166656553542
C    0.749719557759    0.583313779571    0.250827378081
C    0.832957265409    0.333521198290    0.166928552019
C    0.915468061376    0.417116314614    0.251320309753
C    0.833351115550    0.500168190668   -0.000050503017
C    0.916432877578    0.583446773429    0.083653832820
C    0.666095823520    0.331717668970    0.331950534396
C    0.745969675959    0.416048532634    0.416874642795
C    0.831858133260    0.334119789783    0.500723079574
C    0.916174185129    0.416573212411    0.584610397298
C    0.831237483417    0.500796870954    0.335549073872
C    0.912952306938    0.584543703744    0.420632429091
C    0.667389239284    0.334119902813    0.665192244426
C    0.751275708091    0.416571434969    0.749510596816
C    0.667798648798    0.500607730856    0.831868830055
C    0.750296619204    0.583555289079    0.915914654846
C    0.833304772103    0.331993364419    0.834412486609
C    0.916834730120    0.416606450040    0.917001321065
C    0.842455132108    0.490309324934    0.675792699185
C    0.916347945890    0.582487305849    0.749684099154
C    0.666868066994    0.666658313052   -0.000270396141
C    0.750015316874    0.749833717516    0.083474956851
C    0.666775241969    0.832886082212    0.167095063858
C    0.750010321447    0.917069105789    0.249738114760
C    0.833146569427    0.666634623843    0.167141623748
C    0.916258662538    0.750173310657    0.250539864028
C    0.833353322359    0.833321775518    0.000070412387
C    0.916668416951    0.916613424726    0.083434888716
C    0.667554227173    0.665327219063    0.335390612565
C    0.750867176877    0.750038885112    0.418560929754
C    0.666718722092    0.833807909868    0.500051522273
C    0.750096440495    0.917020157917    0.583429958846
C    0.835558660768    0.674228407868    0.499022926696
C    0.915580160958    0.750666407366    0.583017323617
C    0.832818815620    0.834364695896    0.332962898863
C    0.916635373254    0.917059042250    0.416788096128
C    0.665690677791    0.674229087900    0.668894373073
C    0.749684713750    0.750665934164    0.748915399926
C    0.667275349347    0.834599203880    0.833985967945
C    0.750022494981    0.917309560953    0.917163866709
C    0.833111888710    0.666636400046    0.832468466104
C    0.916482947894    0.749817773727    0.916305861010
C    0.833658968248    0.834343426103    0.666993013736
C    0.916725666796    0.917155419123    0.750059230854
N    0.659388691220    0.490796358344    0.492722537641
